-1	-13364	5908	-3376	-2264	-2476	2907	1
-1	-14064	5420	-3372	-2227	-619	1780	1
-1	-14768	5836	-2992	-1154	-57	268	1
-1	-15600	5668	-2824	-853	968	-1317	1
-1	-17420	5800	-2172	839	1408	-2881	1
-1	-20172	6648	-2520	2995	1841	-5667	1
-1	-20736	7088	-3044	4757	1426	-8992	1
-1	-14668	5004	-1768	4379	1367	-7591	1
-1	-13400	4448	-2648	7901	-42	-3401	1
-1	-13924	4032	-2012	6091	670	-2010	1
-1	-13332	3840	-1944	6874	114	-2037	1
-1	-11296	3756	-876	3518	1389	-2496	1
-1	-10668	4396	-1052	5247	1162	-1056	1
-1	-11384	3752	-1220	4666	437	-530	1
-1	-12872	5212	-960	4266	-270	-298	1
-1	-14640	5072	-844	4846	-655	-478	1
-1	-15540	5416	-1044	5914	-925	-399	1
-1	-16668	7508	-132	2550	184	-952	1
-1	-17176	6552	-684	-1478	1383	-190	1
-1	-18672	8804	-1896	-4110	1929	-2879	1
-1	-18604	7956	-2340	-6576	2219	-507	1
-1	-13092	3992	-3416	-10686	2981	3507	1
-1	-15088	4644	-3792	-8833	712	5635	1
-1	-13124	4532	-3484	-5923	-1405	6816	1
-1	-12204	5896	-3700	-13333	782	6284	1
-1	-12168	6336	-1984	296	-6600	7843	1
-1	-13168	3040	-4112	-3839	-3369	5641	1
-1	-12468	5336	-3812	-5276	-2636	4141	1
-1	-12528	4928	-3192	-1402	-2287	2902	1
-1	-14460	5060	-4032	1038	-1185	789	1
-1	-14556	5628	-3672	1164	-39	-1508	1
-1	-16948	5924	-3008	296	1802	-2931	1
-1	-18520	6192	-2820	868	2722	-4031	1
-1	-23300	6136	-4696	3322	2838	-6818	1
-1	-17768	6348	-2852	5155	2647	-8338	1
-1	-12160	4224	-1816	1026	4294	-6507	1
-1	-14312	3200	-3108	2184	2750	-3942	1
-1	-13764	2760	-2492	6586	413	-2956	1
-1	-12824	3740	-2080	7331	-698	-2749	1
-1	-12092	3300	-2172	6182	-504	-2161	1
-1	-10696	4036	-2212	6554	-804	-1750	1
-1	-12348	3452	-2096	4953	-382	-1589	1
-1	-13968	4064	-1796	7036	-1425	-1587	1
-1	-15588	4796	-2324	10013	-2367	-1271	1
-1	-16244	6400	-468	5942	-647	-2184	1
-1	-15864	6040	-744	3874	213	-831	1
-1	-17484	6220	-892	181	1528	486	1
-1	-19708	6628	-2120	-2788	2462	1339	1
-1	-18020	4888	-2708	-6701	3494	2641	1
-1	-14052	3896	-3732	-5570	1358	5314	1
-1	-14116	5276	-3348	-7664	299	5603	1
-1	-14148	3980	-4376	-6530	-1174	6846	1
-1	-13412	5412	-4532	-5278	-2322	8017	1
-1	-12328	5372	-4016	-7135	-1866	7218	1
-1	-12112	4380	-4448	-4311	-2235	6355	1
-1	-12076	5432	-4376	-3630	-1980	4265	1
-1	-12880	5392	-3692	-3914	-910	2391	1
-1	-14336	5872	-3876	-3452	-145	579	1
-1	-15624	5848	-3488	-3370	585	-505	1
-1	-17136	5120	-2852	-1523	560	-442	1
-1	-18872	5628	-2844	3562	-135	-1279	1
-1	-22812	6152	-4172	5978	145	-4972	1
-1	-17628	5948	-3516	5504	656	-7715	1
-1	-12528	4376	-1880	3372	1856	-6421	1
-1	-14312	4072	-3036	3702	840	-4200	1
-1	-12792	3820	-2592	5740	-516	-3176	1
-1	-11516	4384	-2628	5549	-45	-1843	1
-1	-11816	3040	-2728	6751	-209	-3038	1
-1	-11496	5128	-2356	5831	377	-2632	1
-1	-12924	4104	-1880	4711	104	-2259	1
-1	-14160	5184	-1788	6987	-1324	-1698	1
-1	-14452	4800	-1208	7151	-1567	-932	1
-1	-14748	6568	-492	4879	-868	-761	1
-1	-16252	6036	-480	3	1312	25	1
-1	-18644	5716	-1132	-965	1891	439	1
-1	-20096	7320	-1420	-2322	2104	-68	1
-1	-17412	6508	-1680	-8555	3082	569	1
-1	-12728	4412	-2584	-8912	1230	4376	1
-1	-15004	4088	-4656	-5718	-2548	6748	1
-1	-14388	4436	-4620	-341	-4975	8048	1
-1	-12428	5272	-4448	1296	-4091	8704	1
-1	-12192	6768	-3420	-3875	-2180	7404	1
-1	-12092	5096	-4216	-3833	-1990	5518	1
-1	-12092	5132	-3528	-2371	-1582	3623	1
-1	-12768	5040	-3484	-2901	-84	2034	1
-1	-13628	5468	-3012	-2913	845	-160	1
-1	-15364	5416	-2608	-2489	1231	-1505	1
-1	-16600	5848	-2116	-879	1444	-2220	1
-1	-20064	5252	-2832	-464	1806	-4103	1
-1	-22656	7804	-3624	1894	1769	-6041	1
-1	-17900	6288	-2160	3396	2075	-8054	1
-1	-12520	5232	-1212	1347	2696	-6202	1
-1	-13756	3896	-2528	3564	787	-3540	1
-1	-12668	4308	-2876	5480	-302	-2599	1
-1	-12968	4208	-2616	6987	-1330	-1722	1
-1	-11096	3536	-2576	8566	-1621	-1481	1
-1	-10772	4644	-2204	4987	-132	-308	1
-1	-12468	4268	-2040	5226	-495	-394	1
-1	-13020	4760	-1540	5281	-559	-659	1
-1	-14336	5572	-904	4012	131	-885	1
-1	-15120	5708	-976	2739	460	-1231	1
-1	-16412	5624	-568	480	987	-1070	1
-1	-18464	5572	-1336	1035	843	-566	1
-1	-21284	7260	-996	430	1430	-727	1
-1	-19848	7400	-1864	-5252	2280	388	1
-1	-13880	3732	-2332	-6756	1173	3288	1
-1	-13644	4840	-3316	-3488	-1410	4001	1
-1	-14744	5304	-4500	-3192	-2879	4354	1
-1	-13792	5336	-4400	-2077	-3100	6165	1
-1	-12656	6404	-3992	-3658	-2170	7585	1
-1	-11760	3904	-3704	-5467	-1999	7073	1
-1	-11876	4220	-3464	-4388	-1240	5880	1
-1	-11804	4956	-3576	-1367	-1804	4240	1
-1	-12752	5208	-3600	-2972	140	1445	1
-1	-14808	5156	-3316	-540	330	-943	1
-1	-16208	5860	-2716	-416	1423	-2678	1
-1	-18640	6264	-2500	-1027	2625	-3735	1
-1	-22720	6368	-3144	-1159	3433	-6123	1
-1	-18924	5256	-5472	3121	1936	-6888	1
-1	-13808	3380	-2372	2985	2908	-5177	1
-1	-14424	4040	-3752	6541	1844	-3439	1
-1	-13556	4176	-2764	5983	1468	-2991	1
-1	-11780	5380	-1948	5537	1406	-1954	1
-1	-11484	2940	-1524	4567	1334	-2252	1
-1	-11300	5308	-1928	7732	-448	-634	1
-1	-12464	5540	-1736	1649	658	-464	1
-1	-13412	5400	-1252	3944	-801	-60	1
-1	-14472	6188	-1540	2594	-772	-70	1
-1	-15336	5944	-1036	-242	493	-254	1
-1	-16380	5576	-1416	-1294	819	-240	1
-1	-17072	5532	-2052	-1582	1181	55	1
-1	-18972	7176	-1812	-2034	2032	604	1
-1	-19464	7148	-3028	-5816	1966	810	1
-1	-15016	4788	-3888	-6252	-280	4395	1
-1	-14092	5372	-3832	-3494	-2265	7754	1
-1	-14200	5760	-4484	-4132	-2713	8048	1
-1	-12872	5336	-4748	-5302	-1988	8105	1
-1	-12552	5588	-4728	-6098	-1483	7547	1
-1	-11848	4588	-4352	-5801	-1563	6158	1
-1	-11600	5132	-3480	-3377	-1539	4044	1
-1	-12188	4952	-3924	-2426	-918	1823	1
-1	-12404	4828	-3696	-1736	277	-271	1
-1	-13836	5576	-3796	-687	1039	-2673	1
-1	-14708	5784	-3664	-70	1867	-4125	1
-1	-17092	6652	-3212	878	2530	-5171	1
-1	-20144	6952	-2696	1572	2670	-5801	1
-1	-23400	7332	-4172	3930	2224	-7403	1
-1	-18772	5712	-3376	6112	1118	-7491	1
-1	-13164	4604	-2276	6062	823	-6068	1
-1	-13856	4016	-1948	3972	1166	-4329	1
