5.718094 -0.775024 7.865173
5.699463 -0.490845 8.031235
5.717026 -0.552414 7.942413
5.681396 -0.880066 7.624329
5.696960 -1.031433 7.536026
5.557037 -0.717697 7.803390
5.548538 -0.580063 7.784470
5.592850 -0.810715 7.747711
5.492645 -0.756714 7.910934
5.543869 -0.643845 7.887314
5.547195 -0.844421 7.849777
5.618652 -0.847031 8.026962
5.611908 -0.593430 8.188049
5.625671 -0.681870 8.084702
5.624405 -0.919296 7.934845
5.610855 -0.846039 7.853836
5.631668 -0.722549 7.830429
5.607010 -0.784088 7.802078
5.541092 -0.741119 7.967911
5.613327 -0.595566 7.938492
5.655228 -0.615005 7.743973
5.585114 -0.876694 7.745178
5.568863 -0.719589 7.778336
5.730469 -0.314438 7.829651
5.981949 -0.369400 7.537918
6.185791 -0.644211 7.074844
6.464539 -0.657303 6.485367
6.667755 -0.624435 5.806885
6.691452 -0.611389 4.984070
6.593002 -0.638992 4.472321
6.421005 -0.908173 4.233231
5.933197 -0.867691 4.397018
5.640350 -1.038315 4.796631
5.770935 -1.134338 4.843460
5.757873 -0.938232 4.788971
5.587616 -1.275253 5.427338
6.094131 -1.784363 6.374206
6.678223 -1.940826 6.298492
6.782791 -2.341232 5.925949
7.058609 -3.112610 6.485886
7.560196 -2.745560 7.802139
8.023041 -1.928802 8.105484
8.379333 -1.722504 7.261917
8.616180 -2.576874 6.228287
8.252106 -3.945053 6.069748
7.947739 -4.760407 8.027924
8.149612 -3.529617 9.705719
8.714783 -2.547058 9.712097
8.574661 -3.941681 8.582016
7.499435 -6.027588 10.220154
7.594513 -5.118332 13.075317
9.048187 -2.322876 14.044159
9.087173 -1.535324 12.223984
8.447174 -2.927063 10.046570
8.307877 -4.280670 8.675598
8.560654 -4.215286 8.403534
8.706024 -3.338242 8.307770
8.073715 -2.874329 8.334106
7.190597 -3.160645 7.999466
6.484497 -2.911026 8.192154
5.512604 -2.592514 8.108459
4.053162 -2.613098 7.271271
3.103394 -2.410995 6.609558
2.430893 -2.086456 6.785599
2.123993 -2.305145 6.906860
2.122833 -2.410492 7.049042
2.140274 -2.184021 7.036697
2.034988 -1.626373 7.239273
2.064941 -1.673782 7.635757
2.227478 -2.203720 7.894699
2.472015 -2.142715 8.277084
2.434051 -1.959580 8.423538
2.183228 -1.854492 8.421066
2.033402 -1.971085 8.472900
1.839889 -2.031021 8.542313
1.611145 -1.997543 8.528976
1.297806 -1.896118 8.438446
1.092194 -1.687927 8.500778
1.323868 -1.746429 8.789062
1.453842 -2.076752 8.894318
1.340912 -2.216797 9.073807
1.350189 -2.069550 9.393402
1.522598 -1.995987 9.779205
1.563309 -1.946442 9.597717
1.337585 -1.930191 9.340652
1.168045 -1.851257 9.394821
1.226959 -1.819168 9.440506
1.321991 -1.708389 9.598419
1.328140 -1.819794 9.579742
1.239166 -1.778687 9.425598
1.206650 -1.759674 9.433197
