9.411346 -2.104004 1.722763
9.364593 -1.828720 1.874512
9.307434 -1.890991 1.998611
9.411804 -2.061325 1.978958
9.426132 -2.109283 1.861816
9.411118 -2.227997 1.719498
9.488342 -2.238770 1.740555
9.506241 -2.015228 1.788376
9.434814 -2.169998 1.666656
9.444351 -2.228500 1.591690
9.430115 -2.227341 1.508896
9.393616 -2.128754 1.586350
9.391525 -1.965683 1.721176
9.495148 -2.122955 1.681625
9.494064 -2.143936 1.583221
9.477631 -2.150299 1.598022
9.553314 -2.098068 1.610779
9.567581 -2.034042 1.671768
9.547653 -2.039093 1.732223
9.411118 -2.186752 1.709625
9.394989 -2.214813 1.682510
9.431213 -2.131454 1.700562
9.442978 -2.262039 1.710724
9.346512 -2.346252 1.723984
9.373428 -2.579575 1.608566
9.369278 -2.513825 1.814499
9.296051 -2.379913 1.962952
9.310043 -2.416336 1.902359
9.357330 -2.488968 1.820511
9.587296 -2.518448 1.784927
9.569290 -2.527161 2.062439
9.032867 -2.565857 2.474945
8.734528 -2.864227 2.736893
8.780060 -3.534973 2.646423
9.102875 -3.940735 2.609299
9.226166 -4.057159 2.812012
9.273056 -4.090775 2.954849
9.383423 -4.333618 3.029251
9.391830 -4.407227 3.350418
9.491196 -4.402283 3.716385
9.339828 -4.470306 3.927689
9.426727 -4.693115 3.635651
9.637146 -5.132584 3.568787
9.795776 -5.894074 3.792511
9.893494 -6.721237 3.880981
9.794113 -7.326752 3.653198
10.041809 -7.112762 3.255859
10.375290 -6.508377 3.600738
10.251053 -6.114181 3.888077
10.465683 -6.349731 3.320358
10.468536 -6.414764 3.409256
10.518051 -5.533508 3.920685
10.872269 -4.573044 4.211731
10.934967 -4.188492 4.069733
10.750137 -3.909805 3.782913
10.899704 -3.713776 4.045013
10.995499 -3.523071 3.867798
10.330841 -3.720291 3.281784
9.325973 -3.551697 3.137817
9.290771 -3.232330 3.290054
9.047577 -2.214203 3.488342
8.442902 -1.789932 3.531494
8.107956 -2.238190 3.382874
7.936706 -2.259842 3.320282
7.766159 -2.121201 3.113525
7.596237 -2.448303 2.730209
6.990646 -2.471115 2.939713
6.500214 -1.962082 3.720215
6.400040 -1.465286 4.257950
6.871323 -1.777130 4.468109
6.578720 -2.002670 4.463135
6.085068 -2.269745 4.887238
6.077331 -2.330566 5.293869
6.183182 -1.360443 5.587036
6.030060 -1.021805 6.076920
6.048233 -2.304810 6.402863
5.741638 -2.585678 6.722885
5.710114 -1.980820 7.248230
5.798813 -2.137772 7.508682
5.550476 -2.911346 7.278412
5.241226 -2.885193 7.307373
5.495987 -2.407654 7.356644
5.588913 -2.090500 7.663345
5.477066 -2.100647 7.774673
5.121674 -2.212494 7.945648
5.138519 -1.936157 8.044281
5.520660 -1.492020 7.995682
5.635452 -1.569687 7.905319
5.374451 -2.012863 8.042374
5.247909 -1.871780 8.457565
5.517563 -1.767395 8.513931
