9.378143 -2.386414 1.922791
9.407272 -2.393387 1.818024
9.370148 -2.450577 1.862885
9.353851 -2.381760 1.776718
9.468384 -2.305862 1.717468
9.454864 -2.292358 1.752106
9.405273 -2.119202 1.827438
9.404098 -2.139633 1.802734
9.334000 -2.188644 1.734100
9.411072 -2.184204 1.837585
9.439957 -2.084915 1.834640
9.362473 -2.121201 1.738037
9.428436 -2.508118 1.355286
9.469742 -2.503693 1.277313
9.470596 -2.159653 1.521286
9.478607 -1.922882 1.631714
9.584366 -1.851654 1.620834
9.663147 -1.935242 1.526184
9.479004 -2.085876 1.443802
9.517593 -1.886764 1.506882
9.463043 -2.069199 1.322540
9.422897 -2.208389 1.324295
9.402618 -1.923981 1.638718
9.426468 -1.781219 1.679611
9.490799 -1.964905 1.519592
9.466156 -2.110626 1.477249
9.463394 -2.032822 1.623383
9.512634 -1.952499 1.784805
9.518219 -2.022995 1.821396
9.516296 -2.104263 1.950836
9.483231 -2.190552 2.034042
9.324753 -2.416931 2.079452
9.137253 -2.504761 2.576920
9.117584 -2.503174 3.067535
9.545227 -2.758942 2.825623
9.455277 -3.132385 2.905197
9.027130 -3.447739 3.302597
8.933838 -3.379517 3.761627
9.209290 -3.360321 3.667419
9.605301 -3.665741 3.338623
9.670258 -3.990463 3.864243
9.485306 -4.329605 4.697220
9.997757 -4.312515 4.649139
10.474899 -4.498886 4.726974
10.575134 -4.663696 4.836472
10.662170 -4.437012 4.363205
10.742188 -4.717407 3.865097
10.446472 -4.815063 4.113449
10.577515 -3.576706 4.276749
10.851700 -3.064774 4.322967
10.991287 -4.004044 3.693192
10.989044 -4.781815 2.943375
10.829514 -4.293106 3.190903
10.904388 -3.151291 3.812347
10.984497 -2.296646 3.652969
10.953949 -2.389130 3.466797
10.781464 -2.828583 3.423843
10.327194 -2.633377 3.276627
9.757263 -1.856354 2.869598
9.444733 -1.510361 2.573196
9.120407 -1.381287 2.754929
8.561707 -1.005524 3.389236
8.013428 -0.771179 3.828583
8.099747 -1.043396 3.626236
7.945160 -1.311920 3.346924
7.284363 -0.795853 3.560654
6.845337 -0.375198 4.383438
7.141190 -0.526581 4.627624
7.258865 -0.735229 4.686722
6.939743 -1.305542 4.955811
6.648056 -1.275085 5.028900
6.737518 -0.810135 5.250778
6.586289 -0.644470 5.573608
6.431885 -1.100098 5.663879
6.237869 -1.434799 5.662003
6.021027 -1.305771 6.041687
6.180557 -1.471008 6.442154
6.254334 -1.419739 6.544464
6.171402 -1.161652 6.897934
6.211960 -1.179428 7.305283
6.278610 -1.297134 7.348480
6.172104 -1.138000 7.307068
6.062698 -0.949280 7.534607
5.993774 -1.231552 7.724487
6.098740 -1.359268 7.497330
6.123810 -1.313034 7.437836
6.096878 -1.468887 7.519104
6.110413 -1.694550 7.504196
5.958496 -1.766663 7.710892
5.766998 -1.212952 7.960526
5.890625 -0.898453 8.192978
