9.359009 -2.238220 1.607895
9.420792 -2.111496 1.673355
9.669540 -2.029602 1.656189
9.575394 -2.195526 1.729858
9.456162 -2.158340 1.657150
9.452301 -2.023560 1.624695
9.634644 -2.078415 1.536530
9.638184 -1.970749 1.610947
9.457703 -2.085297 1.644684
9.401047 -1.964325 1.664871
9.430145 -2.038132 1.609512
9.439087 -2.061096 1.601868
9.430298 -1.936279 1.648834
9.511185 -2.100021 1.621063
9.602570 -2.013535 1.578766
9.567032 -1.886856 1.561020
9.483429 -1.948837 1.575440
9.462784 -1.897781 1.576172
9.589279 -1.993118 1.508118
9.362946 -2.026947 1.552261
9.336304 -2.128296 1.503204
9.387268 -2.169815 1.538391
9.407425 -2.081497 1.582916
9.539871 -2.140350 1.899139
9.735443 -2.419449 2.042526
9.567093 -2.459290 2.006790
9.492844 -2.530518 1.774017
9.499725 -2.751068 1.378601
9.395508 -2.969467 1.442566
9.211807 -3.087112 1.908768
9.179810 -3.015808 2.282104
9.121292 -3.182510 2.412872
8.902573 -3.512360 2.272766
8.833786 -3.648605 2.253586
9.009415 -3.563980 2.818192
9.020706 -3.394226 3.434525
9.225159 -3.724503 3.372635
9.481338 -4.560532 3.182907
9.520264 -5.125977 3.669723
9.511276 -5.161652 4.392777
9.637116 -4.813110 4.413498
9.971924 -4.805222 3.652420
10.095383 -5.389923 3.172974
10.125855 -5.611587 3.363632
10.510147 -5.515854 3.703903
10.803497 -4.989639 3.875122
11.197540 -4.623428 3.875275
11.448593 -4.540344 3.697494
11.543732 -4.707611 3.451981
11.652603 -4.822311 3.236877
11.370483 -4.510925 3.247818
11.107559 -3.850830 3.637375
11.355453 -3.423370 3.800446
11.400497 -3.225494 3.664429
11.010162 -3.417755 3.129288
10.516586 -3.621964 3.057022
10.268021 -2.962769 3.562607
10.392777 -2.176636 3.332214
10.162811 -1.644013 2.800827
9.296936 -1.863586 2.621765
8.417404 -1.782440 2.676910
8.122376 -1.149017 2.585663
7.632385 -0.689056 2.670151
7.000656 -0.723328 2.889725
6.717804 -0.930588 3.314056
6.489700 -1.233215 3.691864
6.432770 -1.598083 3.905853
6.393509 -1.758682 4.186279
6.200714 -1.332031 4.543808
6.013870 -1.221863 5.243607
6.078568 -1.641876 5.945450
6.150391 -1.614685 6.507538
6.084076 -1.339432 6.831726
5.879517 -1.270172 6.955475
5.820465 -1.268204 7.270248
5.689804 -1.090073 7.556168
5.702896 -1.235977 7.675003
5.706329 -1.528091 7.606140
5.624085 -1.323395 7.725372
5.536774 -1.006409 8.050186
5.575928 -1.209305 7.999329
5.647919 -1.485214 7.772598
5.645874 -1.473068 7.927170
5.674805 -1.437836 8.069153
5.748230 -1.556564 7.890060
5.665161 -1.580307 7.895996
5.592514 -1.455658 7.968033
5.718170 -1.388779 7.872650
5.609711 -1.559692 7.840088
5.365341 -1.531677 7.977173
5.554352 -1.230530 8.159241
