9.589706 -2.269470 1.632965
9.459946 -2.075806 1.660934
9.323532 -2.277313 1.530136
9.344894 -2.233917 1.514389
9.387970 -2.227142 1.630524
9.358582 -2.065048 1.667404
9.471573 -1.997147 1.646576
9.526978 -2.016830 1.609055
9.488739 -2.017014 1.632004
9.378632 -2.023224 1.640533
9.391556 -2.032852 1.679489
9.444412 -2.103439 1.564026
9.444077 -2.155441 1.522751
9.321106 -2.253281 1.624359
9.295212 -2.286713 1.667206
9.361191 -2.386780 1.627914
9.562454 -2.318405 1.722473
9.570770 -2.328232 1.657669
9.394196 -2.308563 1.570831
9.516876 -2.452637 1.487854
9.515732 -2.295776 1.449127
9.579163 -2.295578 1.340103
9.633789 -2.215958 1.418625
9.440506 -2.092758 1.506363
9.290985 -1.938675 1.849365
9.248962 -2.061554 2.263199
9.300400 -2.397949 2.518463
9.432236 -2.612732 2.425858
9.428940 -3.186218 2.435226
9.470215 -3.501297 2.664505
9.486603 -3.536560 3.141815
9.459152 -3.933334 3.517197
9.392288 -4.057114 3.533096
9.426437 -4.469650 3.346069
9.474991 -4.776733 3.540070
9.318100 -4.685623 3.986465
9.439468 -4.680832 4.070892
9.795395 -4.195114 4.377853
10.192398 -5.062500 4.662003
9.492096 -5.903381 4.734055
9.426315 -5.765503 4.298645
10.058914 -5.562347 3.900452
10.639053 -5.566330 4.164459
10.505981 -5.432114 4.359222
10.743454 -5.230820 3.825256
11.204208 -5.160767 3.767868
10.869324 -4.886261 4.592026
10.835510 -3.989380 4.869064
10.885956 -3.018295 4.728348
10.986893 -3.325882 4.416016
10.588638 -4.098938 3.964905
10.256851 -3.887650 3.839233
10.440414 -3.348541 3.794800
10.174164 -2.491470 3.476990
9.612564 -2.185700 2.880936
8.734131 -2.118896 2.713882
8.158920 -1.937317 3.012939
7.610443 -1.254471 3.361084
6.978332 -0.631790 3.671097
6.539337 -0.740662 3.720474
6.589233 -1.151932 3.758758
6.412140 -0.878021 4.084030
6.424362 -1.219543 4.021545
6.639175 -1.615677 3.995926
6.343765 -1.322235 4.371048
6.103500 -1.353424 5.145233
6.187683 -1.909012 5.497421
6.113388 -1.961090 5.747131
5.894470 -1.466980 6.345627
5.923309 -0.917557 6.878967
6.043488 -0.803268 7.101914
5.863632 -0.944946 7.529602
5.661606 -0.841385 7.729614
5.734665 -1.153793 7.525864
5.633057 -1.686554 7.663467
5.528885 -1.472778 8.098236
5.688171 -1.221603 8.319427
5.770264 -1.553116 8.256714
5.785858 -2.020447 8.040512
5.586517 -1.639282 8.032043
5.525177 -1.359650 8.063950
5.582489 -1.501617 7.899994
5.502777 -1.519516 7.867569
5.413681 -1.218368 7.938980
5.532089 -1.076614 7.965713
5.581375 -1.251007 7.872330
5.531387 -1.389038 8.019730
5.304016 -1.272720 8.142075
5.151932 -1.202423 8.056671
5.116486 -1.373932 8.106201
5.142456 -1.488113 8.075867
