9.106171 -1.982422 2.787277
9.197174 -2.063446 2.646347
9.163269 -2.123093 2.569550
9.141510 -2.195282 2.597931
9.206772 -2.065597 2.703537
9.280121 -1.979324 2.701157
9.345612 -1.929230 2.692291
9.331329 -1.973038 2.626327
9.254181 -2.105621 2.560181
9.283340 -2.036575 2.523193
9.265244 -1.927185 2.538696
9.176834 -1.947739 2.581192
9.156296 -2.113541 2.726669
9.208115 -2.114654 2.690613
9.242737 -2.145142 2.687714
9.252502 -2.139069 2.743179
9.287689 -2.105408 2.665955
9.267914 -2.017136 2.680832
9.362289 -1.934204 2.543991
9.304199 -1.848526 2.518341
9.221878 -1.873352 2.610336
9.267273 -1.860489 2.571747
9.223785 -1.984863 2.521027
9.194550 -2.010880 2.587235
9.167786 -1.981964 2.652298
9.238785 -1.920013 2.706436
9.149994 -1.870438 2.769897
9.059326 -1.764938 2.982361
9.012512 -1.771057 3.155014
9.046097 -2.178253 3.207047
8.771790 -2.562195 3.522263
8.639221 -2.583069 4.029694
8.758163 -2.969849 4.210449
8.700012 -3.459671 4.183350
8.638962 -4.140579 4.204208
8.504852 -4.158356 4.461426
8.705322 -4.195801 4.551468
8.925842 -4.781448 4.660782
9.002579 -5.062546 4.904999
9.165512 -4.989929 4.766434
9.351074 -5.159821 4.606293
9.464920 -5.126358 5.014053
9.560867 -4.138809 5.782349
9.811569 -3.940949 5.446930
9.975204 -4.670288 4.726089
9.978348 -4.993835 4.883621
9.943481 -3.742386 5.842255
10.221176 -3.123962 5.253983
10.553848 -4.911240 3.787033
10.186981 -5.796677 3.371551
9.977127 -4.759674 4.196335
10.029098 -3.432419 4.670059
9.977448 -3.595520 4.431412
9.636368 -3.825455 4.530731
9.282944 -3.061218 4.602554
9.193176 -2.850189 4.281403
8.953751 -3.076401 4.420624
8.962845 -2.296860 4.966278
9.170044 -1.424438 4.928955
8.859436 -1.612000 4.274307
8.429275 -1.981613 4.060333
8.169342 -1.619492 3.784943
8.226975 -1.347443 3.591446
7.969055 -1.116562 3.726211
7.669266 -0.648605 3.909164
7.503677 -0.707565 3.885101
7.111160 -1.002396 4.056915
6.990372 -1.213104 4.512329
6.960953 -1.287735 4.756378
6.522919 -1.360428 5.135483
6.223663 -1.179840 5.768921
5.995361 -0.603149 6.335754
6.199509 -0.457474 6.747284
6.262573 -0.550232 6.656876
6.221558 -1.357178 6.802246
6.085159 -1.435989 7.159454
6.083313 -0.977905 7.207031
6.045029 -0.854202 7.234131
5.908279 -0.744019 7.679657
5.837189 -0.978622 7.944031
5.940750 -1.340164 7.881500
5.906891 -1.451996 7.970947
5.825043 -1.158005 8.150070
5.693985 -1.127152 7.969879
5.708481 -1.266312 7.767334
5.651932 -1.204849 7.994308
5.582138 -1.065582 8.044327
5.571899 -1.376724 7.814087
5.624878 -1.847214 7.690811
5.649673 -1.625961 7.843552
5.510467 -1.005341 7.854172
