9.215927 -2.055191 2.961243
9.198517 -2.040466 2.972092
9.172806 -2.133194 2.950851
9.110672 -2.145294 2.903442
9.092972 -2.126511 2.897522
9.094177 -2.086456 2.961060
9.135498 -2.036545 2.998352
9.119949 -2.074264 3.068131
9.110230 -2.203644 3.075485
9.097580 -2.260101 3.056534
9.110062 -2.276474 2.959198
9.042740 -2.211975 2.990967
9.074844 -2.153061 2.952988
9.135086 -2.088745 2.943619
9.138748 -1.972427 3.089508
9.180100 -1.928787 3.160004
9.134415 -2.168076 3.076996
9.133225 -2.298538 3.054016
9.106796 -2.140595 3.046097
9.031067 -2.066284 3.039917
9.035919 -2.078659 2.938385
9.020081 -1.804688 2.970871
8.987564 -1.775955 2.890900
8.902313 -1.737259 2.977844
8.774963 -1.776581 2.993225
8.486923 -1.935074 3.194717
8.569016 -1.919205 3.375351
8.738907 -2.264038 3.431000
8.805435 -2.682358 3.358993
8.737488 -2.973175 3.201416
8.913193 -3.046143 3.376724
8.897476 -2.910889 3.694809
9.045883 -2.816833 3.951798
9.254486 -3.028458 3.949814
9.285156 -3.384018 4.031525
9.183411 -3.211014 4.315811
9.292938 -2.997147 4.488327
9.475372 -3.051407 4.528137
9.565537 -3.275909 4.569473
9.692841 -3.647827 4.601761
9.929871 -4.306671 4.932190
9.852722 -4.356064 5.182541
9.601944 -4.111481 4.852829
9.510513 -4.016953 4.604507
9.687042 -4.089539 4.524155
9.818970 -3.924133 4.745514
9.980118 -3.563019 5.067246
9.956284 -3.561249 5.052170
10.062637 -3.347839 4.929184
10.350784 -3.213043 4.756180
10.350342 -3.196289 4.793060
9.995346 -3.146927 4.797974
9.952270 -2.866119 5.045731
9.983978 -2.417709 5.112991
9.875549 -2.377426 5.182022
9.621735 -2.304443 5.125732
9.520477 -1.944900 5.027725
9.500824 -1.612198 4.946945
9.231979 -1.270035 4.860870
9.211090 -1.223923 4.567871
8.841141 -1.146027 3.897720
8.194641 -0.997070 3.827316
7.621658 -0.682190 3.985489
7.461121 -0.516968 4.365830
7.120087 -0.310181 4.749283
7.050674 -0.524002 5.134125
6.900513 -0.472534 4.549027
6.712555 -0.049347 4.533508
6.618485 -0.408112 5.080582
6.514816 -0.523849 5.211121
6.346634 0.434753 5.081986
6.378281 0.673706 5.360169
6.331894 -0.104080 5.787399
6.163376 -0.470016 5.962311
6.088303 -0.045578 6.347824
5.937653 0.156982 6.618301
5.594864 -0.041733 6.614502
5.309876 -0.114853 7.017090
5.443115 -0.210693 7.310394
5.543701 -0.362350 7.322464
5.416702 -0.655472 7.455505
5.243423 -0.569168 7.586853
5.291870 -0.320404 7.831574
5.349152 -0.173187 7.941711
5.413177 -0.293671 8.105560
5.432571 -0.584457 7.959152
5.499298 -0.824127 7.986023
5.488876 -0.666870 8.056702
5.431320 -0.299149 8.190033
5.428543 -0.408997 8.232086
5.401840 -0.813889 8.124634
