9.505035 -1.959717 1.554855
9.393204 -2.176758 1.520340
9.330597 -2.213196 1.603577
9.276962 -2.131409 1.685028
9.173065 -2.263992 1.747833
9.321762 -2.410202 1.699768
9.410522 -2.421310 1.660187
9.364975 -2.364563 1.621948
9.384064 -2.347366 1.525894
9.579987 -2.535187 1.191391
9.695816 -2.267410 1.215515
9.533218 -1.606949 1.513855
9.551086 -1.426636 1.716400
9.650543 -1.468826 1.745941
9.559891 -1.897980 1.502594
9.646851 -2.219589 1.202896
9.671845 -1.872955 1.211212
9.471664 -1.965530 1.269699
9.445847 -1.788864 1.286697
9.631470 -1.519089 1.322632
9.568466 -1.491653 1.276306
9.642181 -1.664886 1.117157
9.660233 -1.494217 0.984299
9.605377 -1.316788 1.140183
9.613342 -1.405487 1.157944
9.704132 -1.523102 1.148102
9.755173 -1.433304 1.088608
9.614349 -1.514862 1.255371
9.695007 -1.425720 1.427322
9.775269 -1.622955 1.529221
9.867264 -1.979538 1.602829
9.738556 -2.136292 1.858597
9.649063 -2.360428 2.005981
9.403549 -2.482376 1.996658
9.274734 -2.707825 2.052383
9.137527 -3.309051 2.106323
9.163635 -3.796249 2.502106
9.193314 -3.739319 3.288834
9.222717 -3.619751 3.834442
9.148483 -4.124069 3.572891
9.008774 -5.158371 3.765152
8.962601 -5.326355 4.995178
9.359192 -4.848022 5.479187
9.747848 -5.281174 4.994430
9.957108 -6.575439 4.904205
9.834793 -7.059814 5.122437
10.512787 -6.596329 4.539062
11.358307 -6.544952 3.846878
11.485306 -6.474793 4.528381
11.888916 -5.627975 5.090424
12.533432 -5.063278 4.488586
12.783676 -5.635178 3.731293
12.580780 -5.799850 3.389725
12.116455 -4.779816 3.343155
12.346649 -4.030228 3.226974
12.235321 -3.246399 2.491211
11.952469 -2.719070 2.034302
10.520828 -1.590836 1.536545
9.530899 -0.967224 1.560760
8.707382 -1.137543 2.223511
8.357712 -1.046158 2.606659
8.189056 -0.286682 1.615936
7.902481 -0.350113 1.434418
7.249222 -1.132095 2.623169
6.791046 -0.997864 3.348450
7.208435 -0.623581 3.134247
6.900482 -1.303284 3.520096
6.268524 -1.815826 4.602676
6.265045 -1.215469 4.852371
6.195358 -1.296936 4.992645
5.851288 -1.760376 5.356751
5.544922 -1.602127 6.036911
5.553085 -1.146149 6.544510
5.847671 -1.464294 6.682159
5.884323 -1.831039 6.874649
5.614319 -1.793549 7.448608
5.536316 -1.571228 7.754700
5.762344 -1.625824 7.787369
5.803330 -1.763763 7.722778
5.617065 -1.849396 7.697952
5.659714 -1.944580 7.584122
5.843216 -2.052841 7.627106
5.819717 -1.707352 7.941940
5.626419 -1.612488 8.057846
5.596664 -1.929916 7.901138
5.509338 -2.046570 7.742035
5.441925 -1.835587 7.989822
5.471207 -1.783340 8.219421
5.555054 -1.894867 8.040375
5.581970 -1.832840 7.932938
5.550476 -1.734940 7.969925
