-1 888 16452 -2504 -207 534 69 1
-1 1344 16344 -2260 226 -100 -174 1
-1 1344 16344 -2260 226 -100 -174 1
-1 1152 16608 -2124 174 -493 328 1
-1 1152 16608 -2124 174 -493 328 1
-1 868 16420 -2448 -894 -392 1110 1
-1 868 16420 -2448 -894 -392 1110 1
-1 10096 10316 -5188 -1173 2418 -197 1
-1 10096 10316 -5188 -1173 2418 -197 1
-1 2184 15840 -1968 614 -128 1018 1
-1 2184 15840 -1968 614 -128 1018 1
-1 2152 16736 -1752 -110 -107 273 1
-1 2152 16736 -1752 -110 -107 273 1
-1 1724 16556 -1928 669 -169 -286 1
-1 1724 16556 -1928 669 -169 -286 1
-1 2048 16532 -2156 386 34 236 1
-1 2048 16532 -2156 386 34 236 1
-1 -296 17120 -2560 43 -168 -1630 1
-1 -296 17120 -2560 43 -168 -1630 1
-1 2172 16012 -3108 505 264 82 1
-1 2172 16012 -3108 505 264 82 1
-1 28 16976 -1876 178 -337 1586 1
-1 28 16976 -1876 178 -337 1586 1
-1 1660 16580 -1124 625 -99 1684 1
-1 1660 16580 -1124 625 -99 1684 1
-1 2068 16392 -1536 619 -240 2229 1
-1 2068 16392 -1536 619 -240 2229 1
-1 3580 16344 -3524 55 109 2298 1
-1 3580 16344 -3524 55 109 2298 1
-1 2356 16192 -1440 231 33 3320 1
-1 2356 16192 -1440 231 33 3320 1
-1 2936 16592 -1772 515 125 2524 1
-1 2936 16592 -1772 515 125 2524 1
-1 3036 16048 -1932 1010 261 1159 1
-1 3036 16048 -1932 1010 261 1159 1
-1 3312 16664 -2360 -513 -298 1492 1
-1 3312 16664 -2360 -513 -298 1492 1
-1 3492 16356 -2836 -214 -21 1463 1
-1 3492 16356 -2836 -214 -21 1463 1
-1 3952 16572 -2316 -705 -178 1650 1
-1 3952 16572 -2316 -705 -178 1650 1
-1 3816 15940 -1484 96 -321 1903 1
-1 3816 15940 -1484 96 -321 1903 1
-1 3556 16008 -1196 212 -320 1851 1
-1 3556 16008 -1196 212 -320 1851 1
-1 3400 16712 -2216 209 -200 2121 1
-1 3400 16712 -2216 209 -200 2121 1
-1 4884 16068 -2212 -48 -285 3060 1
-1 4884 16068 -2212 -48 -285 3060 1
-1 4552 16296 -1968 472 -168 2176 1
-1 4552 16296 -1968 472 -168 2176 1
-1 6300 16384 -2260 305 -73 1551 1
-1 6300 16384 -2260 305 -73 1551 1
-1 5828 16388 -2852 497 13 1309 1
-1 5828 16388 -2852 497 13 1309 1
-1 5288 15784 -1708 -240 -64 2129 1
-1 5288 15784 -1708 -240 -64 2129 1
-1 4252 15988 -2012 -639 63 3486 1
-1 4252 15988 -2012 -639 63 3486 1
-1 5800 15552 -608 -1721 64 4913 1
-1 5800 15552 -608 -1721 64 4913 1
-1 6812 15856 -1456 -430 -458 4514 1
-1 6812 15856 -1456 -430 -458 4514 1
-1 8576 14912 -552 -1385 -28 3467 1
-1 8576 14912 -552 -1385 -28 3467 1
-1 7052 14620 -548 -23 -799 3472 1
-1 7052 14620 -548 -23 -799 3472 1
-1 7680 14212 -312 -233 -742 4917 1
-1 7680 14212 -312 -233 -742 4917 1
-1 8864 14548 -1468 288 -533 4000 1
-1 8864 14548 -1468 288 -533 4000 1
-1 9192 14444 -1804 231 -432 4739 1
-1 9192 14444 -1804 231 -432 4739 1
-1 11556 13708 -1248 -868 -552 4999 1
-1 11556 13708 -1248 -868 -552 4999 1
-1 8740 13936 -524 -1718 -1050 6446 1
-1 8740 13936 -524 -1718 -1050 6446 1
-1 9576 13540 -1976 -746 -766 4582 1
-1 9576 13540 -1976 -746 -766 4582 1
-1 11312 13100 -1688 251 -595 3543 1
-1 11312 13100 -1688 251 -595 3543 1
-1 11392 12800 -428 -613 -779 3879 1
-1 11392 12800 -428 -613 -779 3879 1
-1 11284 12532 -2796 -18 -844 4217 1
-1 11284 12532 -2796 -18 -844 4217 1
-1 12116 12004 -740 -56 -719 5067 1
-1 12116 12004 -740 -56 -719 5067 1
-1 12232 11252 -1028 -397 -1111 5222 1
-1 12232 11252 -1028 -397 -1111 5222 1
-1 12236 11356 -1864 -277 -744 3836 1
-1 12236 11356 -1864 -277 -744 3836 1
-1 12768 11216 -2300 125 -407 1589 1
-1 12768 11216 -2300 125 -407 1589 1
-1 13076 11384 -1524 287 -566 1711 1
-1 13076 11384 -1524 287 -566 1711 1
-1 12596 10040 -508 585 -620 2048 1
-1 12596 10040 -508 585 -620 2048 1
-1 13344 10008 -2044 826 -668 2508 1
-1 13344 10008 -2044 826 -668 2508 1
-1 14352 10008 -1400 364 -658 3371 1
-1 14352 10008 -1400 364 -658 3371 1
-1 13644 9604 -1792 530 -590 2605 1
-1 13644 9604 -1792 530 -590 2605 1
-1 15404 9728 -2404 417 -415 2938 1
-1 15404 9728 -2404 417 -415 2938 1
-1 14480 9092 -948 828 -717 3764 1
-1 14480 9092 -948 828 -717 3764 1
-1 15196 9620 -1940 598 -674 3226 1
-1 15196 9620 -1940 598 -674 3226 1
-1 14756 8040 -1344 -16 -785 3504 1
-1 14756 8040 -1344 -16 -785 3504 1
-1 14552 8020 -996 84 -755 4412 1
-1 14552 8020 -996 84 -755 4412 1
-1 15776 7876 -2964 180 -788 4183 1
-1 15776 7876 -2964 180 -788 4183 1
-1 15396 7312 -1508 510 -611 4083 1
-1 15396 7312 -1508 510 -611 4083 1
-1 16280 6064 -2496 848 -690 4252 1
-1 16280 6064 -2496 848 -690 4252 1
-1 15376 6456 -2992 596 -460 1789 1
-1 15376 6456 -2992 596 -460 1789 1
-1 15960 6076 -1748 -417 -503 3079 1
-1 15960 6076 -1748 -417 -503 3079 1
-1 15316 5956 -2708 726 -733 3308 1
-1 15316 5956 -2708 726 -733 3308 1
-1 15464 5536 -2836 494 -574 2358 1
-1 15464 5536 -2836 494 -574 2358 1
-1 16468 4156 -2892 645 -754 3065 1
-1 16468 4156 -2892 645 -754 3065 1
-1 17416 5188 -2224 568 -535 2997 1
-1 17416 5188 -2224 568 -535 2997 1
-1 16600 3604 -2432 -676 -1145 4778 1
-1 16600 3604 -2432 -676 -1145 4778 1
-1 16392 3724 -2432 393 -818 2946 1
-1 16392 3724 -2432 393 -818 2946 1
-1 17236 3868 -2708 563 -497 1410 1
-1 17236 3868 -2708 563 -497 1410 1
-1 16472 3384 -2108 235 -327 1381 1
-1 16472 3384 -2108 235 -327 1381 1
-1 16884 3392 -2992 296 -390 740 1
-1 16884 3392 -2992 296 -390 740 1
-1 15640 2688 -2556 522 -357 1579 1
-1 15640 2688 -2556 522 -357 1579 1
-1 16572 3192 -3312 78 -592 2085 1
-1 16572 3192 -3312 78 -592 2085 1
-1 17644 2828 -3348 151 -368 1045 1
-1 17644 2828 -3348 151 -368 1045 1
-1 17392 3004 -2780 110 -174 1352 1
-1 17392 3004 -2780 110 -174 1352 1
-1 16424 1560 -3228 -457 -757 3637 1
-1 16424 1560 -3228 -457 -757 3637 1
-1 16684 1424 -3876 -224 -489 1443 1
-1 16684 1424 -3876 -224 -489 1443 1
-1 17116 1556 -3488 459 -298 1064 1
-1 17116 1556 -3488 459 -298 1064 1
-1 17016 1496 -3480 -179 -634 1738 1
-1 17016 1496 -3480 -179 -634 1738 1
-1 16964 748 -2924 66 -145 397 1
-1 16964 748 -2924 66 -145 397 1
-1 17476 1196 -2756 286 -127 -565 1
-1 17476 1196 -2756 286 -127 -565 1
-1 18616 3120 -3296 540 115 -1120 1
-1 18616 3120 -3296 540 115 -1120 1
-1 16956 2532 -3436 162 259 -586 1
-1 16956 2532 -3436 162 259 -586 1
-1 17264 2176 -2944 985 -12 -34 1
-1 17264 2176 -2944 985 -12 -34 1
-1 17300 1972 -3368 295 -200 449 1
-1 17300 1972 -3368 295 -200 449 1
-1 16632 1768 -3376 431 -222 879 1
-1 16632 1768 -3376 431 -222 879 1
-1 18456 3372 -2552 374 -262 1106 1
-1 18456 3372 -2552 374 -262 1106 1
-1 18472 2624 -2992 531 -302 1276 1
-1 18472 2624 -2992 531 -302 1276 1
-1 17348 1832 -3204 517 -411 1404 1
-1 17348 1832 -3204 517 -411 1404 1
-1 16792 1456 -3096 621 -471 1996 1
-1 16792 1456 -3096 621 -471 1996 1
-1 16724 324 -4732 1230 -1039 3525 1
-1 16724 324 -4732 1230 -1039 3525 1
-1 17836 504 -3084 1035 -127 625 1
-1 17836 504 -3084 1035 -127 625 1
