-1 692 16816 -1984 -123 -277 1764 1
-1 692 16816 -1984 -123 -277 1764 1
-1 -340 16832 -984 502 -280 1276 1
-1 -340 16832 -984 502 -280 1276 1
-1 584 16924 -2380 424 -270 2053 1
-1 584 16924 -2380 424 -270 2053 1
-1 2480 16164 -1944 386 -118 1547 1
-1 2480 16164 -1944 386 -118 1547 1
-1 1644 16108 -1904 736 12 1711 1
-1 1644 16108 -1904 736 12 1711 1
-1 2488 16184 -1864 807 31 994 1
-1 2488 16184 -1864 807 31 994 1
-1 1596 16244 -1500 346 -52 1501 1
-1 1596 16244 -1500 346 -52 1501 1
-1 1308 16772 -2428 201 50 1243 1
-1 1308 16772 -2428 201 50 1243 1
-1 1688 16368 -1848 142 -117 1604 1
-1 1688 16368 -1848 142 -117 1604 1
-1 2448 16608 -1848 -79 26 340 1
-1 2448 16608 -1848 -79 26 340 1
-1 2392 16864 -1608 135 -80 669 1
-1 2392 16864 -1608 135 -80 669 1
-1 3852 16596 -1444 -133 -74 837 1
-1 3852 16596 -1444 -133 -74 837 1
-1 2248 16564 -1488 -42 -101 303 1
-1 2248 16564 -1488 -42 -101 303 1
-1 3220 16556 -1288 -79 -47 658 1
-1 3220 16556 -1288 -79 -47 658 1
-1 2456 16416 -1184 167 -79 1031 1
-1 2456 16416 -1184 167 -79 1031 1
-1 2320 16448 -1592 289 -119 883 1
-1 2320 16448 -1592 289 -119 883 1
-1 2908 16416 -2028 733 -89 1258 1
-1 2908 16416 -2028 733 -89 1258 1
-1 3876 16436 -2000 614 -48 1449 1
-1 3876 16436 -2000 614 -48 1449 1
-1 3376 15960 -1440 537 93 872 1
-1 3376 15960 -1440 537 93 872 1
-1 4012 15660 -1220 378 -179 1245 1
-1 4012 15660 -1220 378 -179 1245 1
-1 5136 16268 -2828 125 213 1287 1
-1 5136 16268 -2828 125 213 1287 1
-1 3664 16240 -2144 -171 -51 1079 1
-1 3664 16240 -2144 -171 -51 1079 1
-1 3936 16004 -1284 -253 -150 1633 1
-1 3936 16004 -1284 -253 -150 1633 1
-1 3396 15980 -1256 -45 -95 2233 1
-1 3396 15980 -1256 -45 -95 2233 1
-1 3268 16152 -2408 -678 -360 3665 1
-1 3268 16152 -2408 -678 -360 3665 1
-1 5516 15752 -1428 -246 -268 3639 1
-1 5516 15752 -1428 -246 -268 3639 1
-1 5192 15312 -1720 57 -262 3473 1
-1 5192 15312 -1720 57 -262 3473 1
-1 5408 15916 -2020 -64 -613 4976 1
-1 5408 15916 -2020 -64 -613 4976 1
-1 6492 15688 -1176 112 -159 2490 1
-1 6492 15688 -1176 112 -159 2490 1
-1 5772 15752 -1500 56 -562 4243 1
-1 5772 15752 -1500 56 -562 4243 1
-1 8532 15116 -1124 378 -207 3788 1
-1 8532 15116 -1124 378 -207 3788 1
-1 8576 15000 -88 785 -326 4049 1
-1 8576 15000 -88 785 -326 4049 1
-1 8384 14864 -1156 880 -287 4541 1
-1 8384 14864 -1156 880 -287 4541 1
-1 7472 14584 -1420 1139 -313 4164 1
-1 7472 14584 -1420 1139 -313 4164 1
-1 9012 14312 -2804 159 -346 4008 1
-1 9012 14312 -2804 159 -346 4008 1
-1 8820 14492 -1700 1229 -820 6322 1
-1 8820 14492 -1700 1229 -820 6322 1
-1 10344 13808 -2172 512 -231 5040 1
-1 10344 13808 -2172 512 -231 5040 1
-1 10400 14008 -2696 -69 -532 3302 1
-1 10400 14008 -2696 -69 -532 3302 1
-1 10608 13912 -1612 387 -463 4210 1
-1 10608 13912 -1612 387 -463 4210 1
-1 10828 13288 -2256 457 -147 3083 1
-1 10828 13288 -2256 457 -147 3083 1
-1 10316 12744 -1920 21 -405 3914 1
-1 10316 12744 -1920 21 -405 3914 1
-1 11136 12428 -1980 169 -444 5078 1
-1 11136 12428 -1980 169 -444 5078 1
-1 11136 11500 -2384 160 -584 5166 1
-1 11136 11500 -2384 160 -584 5166 1
-1 13136 12252 -1768 240 -465 5859 1
-1 13136 12252 -1768 240 -465 5859 1
-1 13992 11400 -1472 701 -416 5152 1
-1 13992 11400 -1472 701 -416 5152 1
-1 14224 10784 -1704 89 -454 4281 1
-1 14224 10784 -1704 89 -454 4281 1
-1 13096 10516 -1464 359 -619 3640 1
-1 13096 10516 -1464 359 -619 3640 1
-1 14028 10124 -2032 90 -428 3610 1
-1 14028 10124 -2032 90 -428 3610 1
-1 14744 9264 -1784 1059 -582 3777 1
-1 14744 9264 -1784 1059 -582 3777 1
-1 14792 8968 -2220 255 -594 3755 1
-1 14792 8968 -2220 255 -594 3755 1
-1 14892 9132 -2072 525 -436 3401 1
-1 14892 9132 -2072 525 -436 3401 1
-1 13372 9188 -1708 259 -736 5413 1
-1 13372 9188 -1708 259 -736 5413 1
-1 17352 8292 -2044 767 -473 3143 1
-1 17352 8292 -2044 767 -473 3143 1
-1 14632 8312 -2612 383 -238 2366 1
-1 14632 8312 -2612 383 -238 2366 1
-1 16000 7916 -2432 550 -169 1898 1
-1 16000 7916 -2432 550 -169 1898 1
-1 15068 7000 -3064 234 -183 2188 1
-1 15068 7000 -3064 234 -183 2188 1
-1 15024 7116 -2100 871 -304 2207 1
-1 15024 7116 -2100 871 -304 2207 1
-1 15212 6972 -3296 497 -47 2015 1
-1 15212 6972 -3296 497 -47 2015 1
-1 14812 6644 -2888 570 -253 2583 1
-1 14812 6644 -2888 570 -253 2583 1
-1 15472 6284 -2656 961 -119 1620 1
-1 15472 6284 -2656 961 -119 1620 1
-1 16556 6116 -3028 1111 -395 2519 1
-1 16556 6116 -3028 1111 -395 2519 1
-1 15952 5480 -2900 962 -289 2088 1
-1 15952 5480 -2900 962 -289 2088 1
-1 15740 5636 -2948 1277 -215 1555 1
-1 15740 5636 -2948 1277 -215 1555 1
-1 15956 5328 -2836 753 -153 1694 1
-1 15956 5328 -2836 753 -153 1694 1
-1 16408 4912 -3104 1268 -152 2063 1
-1 16408 4912 -3104 1268 -152 2063 1
-1 16800 5748 -3056 1084 -117 1647 1
-1 16800 5748 -3056 1084 -117 1647 1
-1 17080 4728 -3000 1350 -290 2261 1
-1 17080 4728 -3000 1350 -290 2261 1
-1 16312 4344 -2904 1343 -273 2191 1
-1 16312 4344 -2904 1343 -273 2191 1
-1 17328 4736 -3244 1322 -514 2815 1
-1 17328 4736 -3244 1322 -514 2815 1
-1 16660 3488 -3456 1536 -456 3387 1
-1 16660 3488 -3456 1536 -456 3387 1
-1 17784 3484 -3052 1520 -292 2474 1
-1 17784 3484 -3052 1520 -292 2474 1
-1 17340 3760 -3540 895 -100 2507 1
-1 17340 3760 -3540 895 -100 2507 1
-1 16940 3164 -3464 530 -67 2425 1
-1 16940 3164 -3464 530 -67 2425 1
-1 16120 2568 -3340 760 -359 2528 1
-1 16120 2568 -3340 760 -359 2528 1
-1 16056 2612 -2684 575 -151 3066 1
-1 16056 2612 -2684 575 -151 3066 1
-1 17408 1808 -3788 624 -156 3029 1
-1 17408 1808 -3788 624 -156 3029 1
-1 15900 1440 -3592 -1112 64 5653 1
-1 15900 1440 -3592 -1112 64 5653 1
-1 17632 1016 -3776 354 -143 4000 1
-1 17632 1016 -3776 354 -143 4000 1
-1 17968 508 -3108 155 -108 2628 1
-1 17968 508 -3108 155 -108 2628 1
-1 16656 688 -3624 474 -194 2546 1
-1 16656 688 -3624 474 -194 2546 1
-1 17664 296 -3776 766 -82 1709 1
-1 17664 296 -3776 766 -82 1709 1
-1 16848 -164 -3236 719 -285 1700 1
-1 16848 -164 -3236 719 -285 1700 1
-1 17404 -540 -3604 691 -300 1022 1
-1 17404 -540 -3604 691 -300 1022 1
-1 17768 -464 -3284 333 -298 729 1
-1 17768 -464 -3284 333 -298 729 1
-1 16108 -1216 -4736 969 -178 982 1
-1 16108 -1216 -4736 969 -178 982 1
-1 17768 -312 -3816 1280 -175 711 1
-1 17768 -312 -3816 1280 -175 711 1
-1 17404 -488 -3488 1229 145 87 1
-1 17404 -488 -3488 1229 145 87 1
-1 16900 -748 -3836 318 -113 970 1
-1 16900 -748 -3836 318 -113 970 1
-1 17148 -1284 -3400 764 -181 986 1
-1 17148 -1284 -3400 764 -181 986 1
-1 17416 -1432 -3276 200 -253 881 1
-1 17416 -1432 -3276 200 -253 881 1
-1 16224 -1848 -4380 -214 -221 1576 1
-1 16224 -1848 -4380 -214 -221 1576 1
-1 17240 -1692 -3652 266 -206 897 1
