-1 1204 16320 -2680 -88 490 -1315 1
-1 1296 16540 -2636 39 -1697 1536 1
-1 1296 16540 -2636 39 -1697 1536 1
-1 1212 16836 -2236 -235 630 -1587 1
-1 1212 16836 -2236 -235 630 -1587 1
-1 620 16220 -2512 91 -81 320 1
-1 620 16220 -2512 91 -81 320 1
-1 2336 16564 -1592 265 352 1283 1
-1 2336 16564 -1592 265 352 1283 1
-1 2216 16708 -3372 -388 -4240 2479 1
-1 2216 16708 -3372 -388 -4240 2479 1
-1 1324 16936 -1640 1774 3344 -2836 1
-1 1324 16936 -1640 1774 3344 -2836 1
-1 -1136 17440 -3512 890 1303 2110 1
-1 -1136 17440 -3512 890 1303 2110 1
-1 4444 15752 -2428 695 -2147 3041 1
-1 4444 15752 -2428 695 -2147 3041 1
-1 2828 16164 -3084 528 45 151 1
-1 2828 16164 -3084 528 45 151 1
-1 2408 15864 -3096 367 -1110 1838 1
-1 2408 15864 -3096 367 -1110 1838 1
-1 2044 16248 -1644 425 687 353 1
-1 2044 16248 -1644 425 687 353 1
-1 1560 16428 -2680 156 105 1132 1
-1 1560 16428 -2680 156 105 1132 1
-1 900 16360 -2168 44 243 1597 1
-1 900 16360 -2168 44 243 1597 1
-1 2776 16716 -3024 300 -165 1923 1
-1 2776 16716 -3024 300 -165 1923 1
-1 2508 16680 -3396 190 -261 1599 1
-1 2508 16680 -3396 190 -261 1599 1
-1 3524 16540 -2920 558 -65 1847 1
-1 3524 16540 -2920 558 -65 1847 1
-1 4280 16884 -2844 627 1391 -492 1
-1 4280 16884 -2844 627 1391 -492 1
-1 2912 16500 -2156 160 -1026 1478 1
-1 2912 16500 -2156 160 -1026 1478 1
-1 2796 16396 -2060 326 -434 1944 1
-1 2796 16396 -2060 326 -434 1944 1
-1 2660 16328 -1952 156 -1064 3109 1
-1 2660 16328 -1952 156 -1064 3109 1
-1 3672 16176 -2380 77 -1443 3685 1
-1 3672 16176 -2380 77 -1443 3685 1
-1 5312 15952 -2948 264 -567 2410 1
-1 5312 15952 -2948 264 -567 2410 1
-1 5216 16108 -1844 635 848 771 1
-1 5216 16108 -1844 635 848 771 1
-1 4464 16404 -2460 323 1048 16 1
-1 4464 16404 -2460 323 1048 16 1
-1 3912 16304 -2644 58 -1743 3147 1
-1 3912 16304 -2644 58 -1743 3147 1
-1 4228 15860 -2404 113 -373 3377 1
-1 4228 15860 -2404 113 -373 3377 1
-1 4532 15536 -2168 38 135 3337 1
-1 4532 15536 -2168 38 135 3337 1
-1 5232 15804 -3052 -1247 -1973 5095 1
-1 5232 15804 -3052 -1247 -1973 5095 1
-1 7928 15388 -2296 -128 716 3773 1
-1 7928 15388 -2296 -128 716 3773 1
-1 6676 15904 -2720 -387 -155 3537 1
-1 6676 15904 -2720 -387 -155 3537 1
-1 7888 15504 -2776 63 349 3093 1
-1 7888 15504 -2776 63 349 3093 1
-1 7728 15396 -2388 543 592 2924 1
-1 7728 15396 -2388 543 592 2924 1
-1 7952 14956 -1912 374 -547 4264 1
-1 7952 14956 -1912 374 -547 4264 1
-1 7852 14428 -1764 351 685 3187 1
-1 7852 14428 -1764 351 685 3187 1
-1 8496 13996 -2248 62 546 5423 1
-1 8496 13996 -2248 62 546 5423 1
-1 10720 13996 -1640 394 1137 4608 1
-1 10720 13996 -1640 394 1137 4608 1
-1 9372 13708 -1744 -619 -313 4444 1
-1 9372 13708 -1744 -619 -313 4444 1
-1 10492 13504 -2280 197 -135 5312 1
-1 10492 13504 -2280 197 -135 5312 1
-1 9856 13220 -1812 -162 -232 4087 1
-1 9856 13220 -1812 -162 -232 4087 1
-1 10396 13272 -1228 -466 -777 3392 1
-1 10396 13272 -1228 -466 -777 3392 1
-1 10612 12660 -2032 587 -403 4243 1
-1 10612 12660 -2032 587 -403 4243 1
-1 11024 12112 -1944 334 472 4900 1
-1 11024 12112 -1944 334 472 4900 1
-1 12988 12368 -1740 -123 -967 5775 1
-1 12988 12368 -1740 -123 -967 5775 1
-1 12152 12164 -2352 329 1529 3062 1
-1 12152 12164 -2352 329 1529 3062 1
-1 12764 11596 -1668 379 1261 4175 1
-1 12764 11596 -1668 379 1261 4175 1
-1 13728 11072 -2140 208 267 5873 1
-1 13728 11072 -2140 208 267 5873 1
-1 15568 10540 -1712 111 748 4653 1
-1 15568 10540 -1712 111 748 4653 1
-1 14696 10316 -2672 -59 1283 2773 1
-1 14696 10316 -2672 -59 1283 2773 1
-1 13108 9900 -2280 50 1651 4079 1
-1 13108 9900 -2280 50 1651 4079 1
-1 15408 8748 -144 271 -102 5667 1
-1 15408 8748 -144 271 -102 5667 1
-1 14652 8516 -1212 1066 1675 3014 1
-1 14652 8516 -1212 1066 1675 3014 1
-1 15728 7876 -1276 489 1014 3897 1
-1 15728 7876 -1276 489 1014 3897 1
-1 14972 7600 -1552 408 -703 4422 1
-1 14972 7600 -1552 408 -703 4422 1
-1 15260 7172 -704 158 -830 4377 1
-1 15260 7172 -704 158 -830 4377 1
-1 15004 6752 -1232 178 86 2592 1
-1 15004 6752 -1232 178 86 2592 1
-1 16024 6876 -1108 -56 -551 3477 1
-1 16024 6876 -1108 -56 -551 3477 1
-1 16672 6820 -1604 338 589 2083 1
-1 16672 6820 -1604 338 589 2083 1
-1 16004 5868 -1372 118 -635 2835 1
-1 16004 5868 -1372 118 -635 2835 1
-1 16124 6704 -1560 604 1889 1517 1
-1 16124 6704 -1560 604 1889 1517 1
-1 15784 5548 -824 112 -924 5850 1
-1 15784 5548 -824 112 -924 5850 1
-1 17064 5340 -1404 101 -25 4552 1
-1 17064 5340 -1404 101 -25 4552 1
-1 16256 4480 -884 -212 -319 4062 1
-1 16256 4480 -884 -212 -319 4062 1
-1 16864 3992 -696 303 710 1637 1
-1 16864 3992 -696 303 710 1637 1
-1 16332 3860 -676 289 1059 1193 1
-1 16332 3860 -676 289 1059 1193 1
-1 16376 4056 -724 333 145 1186 1
-1 16376 4056 -724 333 145 1186 1
-1 16708 4304 -1252 282 -280 1228 1
-1 16708 4304 -1252 282 -280 1228 1
-1 16900 4208 -688 485 648 456 1
-1 16900 4208 -688 485 648 456 1
-1 17960 4492 112 618 1891 -1178 1
-1 17960 4492 112 618 1891 -1178 1
-1 17704 3576 -508 641 495 340 1
-1 17704 3576 -508 641 495 340 1
-1 16520 3736 -256 160 501 238 1
-1 16520 3736 -256 160 501 238 1
-1 16512 3360 -772 -122 -756 2620 1
-1 16512 3360 -772 -122 -756 2620 1
-1 16040 2752 -1636 -762 -2139 5602 1
-1 16040 2752 -1636 -762 -2139 5602 1
-1 18212 2360 -420 613 -507 4993 1
-1 18212 2360 -420 613 -507 4993 1
-1 17260 2204 -784 231 -420 2705 1
-1 17260 2204 -784 231 -420 2705 1
-1 17264 2384 -1004 -220 -1759 2906 1
-1 17264 2384 -1004 -220 -1759 2906 1
-1 16692 1228 -1180 251 -596 1560 1
-1 16692 1228 -1180 251 -596 1560 1
-1 17316 876 -1468 453 -1698 2632 1
-1 17316 876 -1468 453 -1698 2632 1
-1 17344 944 -848 376 -774 1189 1
-1 17344 944 -848 376 -774 1189 1
-1 17112 1404 -992 370 -284 -293 1
-1 17112 1404 -992 370 -284 -293 1
-1 17184 336 -1368 319 -505 688 1
-1 17184 336 -1368 319 -505 688 1
-1 16848 980 -1840 445 -1551 1303 1
-1 16848 980 -1840 445 -1551 1303 1
-1 18100 2024 -1312 693 -739 1031 1
-1 18100 2024 -1312 693 -739 1031 1
-1 17540 1004 -1696 120 -203 467 1
-1 17540 1004 -1696 120 -203 467 1
-1 17512 64 -1472 -15 -513 128 1
-1 17512 64 -1472 -15 -513 128 1
-1 17032 -840 -1708 -847 -1267 -257 1
-1 17032 -840 -1708 -847 -1267 -257 1
-1 17768 664 -1696 -133 393 -2066 1
-1 17768 664 -1696 -133 393 -2066 1
-1 17136 2052 -1628 94 872 -1667 1
-1 17136 2052 -1628 94 872 -1667 1
-1 17172 2040 -1936 49 3 630 1
-1 17172 2040 -1936 49 3 630 1
-1 17448 512 -1628 -481 1590 -617 1
-1 17448 512 -1628 -481 1590 -617 1
-1 16888 408 -1688 -784 -387 -231 1
-1 16888 408 -1688 -784 -387 -231 1
-1 16748 360 -1772 -538 -2376 1902 1
-1 16748 360 -1772 -538 -2376 1902 1
