-1 1612 16300 -3368 738 34 480 1
-1 444 17488 -3384 351 -429 2538 1
-1 444 17488 -3384 351 -429 2538 1
-1 568 17392 -2748 448 -314 3355 1
-1 568 17392 -2748 448 -314 3355 1
-1 1204 17248 -3280 176 -224 2662 1
-1 1204 17248 -3280 176 -224 2662 1
-1 2920 16180 -4036 -297 103 2236 1
-1 2920 16180 -4036 -297 103 2236 1
-1 3736 15952 -3460 572 187 1552 1
-1 3736 15952 -3460 572 187 1552 1
-1 4576 16220 -3316 402 187 343 1
-1 4576 16220 -3316 402 187 343 1
-1 3012 16380 -3388 635 294 79 1
-1 3012 16380 -3388 635 294 79 1
-1 2468 16120 -3840 497 78 970 1
-1 2468 16120 -3840 497 78 970 1
-1 2652 16388 -4672 123 -20 988 1
-1 2652 16388 -4672 123 -20 988 1
-1 3540 16408 -3888 31 407 794 1
-1 3540 16408 -3888 31 407 794 1
-1 3780 15480 -2796 573 92 1229 1
-1 3780 15480 -2796 573 92 1229 1
-1 4608 16072 -4332 53 51 794 1
-1 4608 16072 -4332 53 51 794 1
-1 3672 15664 -3120 451 38 741 1
-1 3672 15664 -3120 451 38 741 1
-1 4424 16132 -2536 669 31 814 1
-1 4424 16132 -2536 669 31 814 1
-1 856 17084 -3068 717 -153 926 1
-1 856 17084 -3068 717 -153 926 1
-1 5784 15340 -2928 552 545 963 1
-1 5784 15340 -2928 552 545 963 1
-1 4816 16176 -4340 491 -42 -35 1
-1 4816 16176 -4340 491 -42 -35 1
-1 3872 15632 -3808 295 70 -497 1
-1 3872 15632 -3808 295 70 -497 1
-1 4688 15832 -3964 746 179 465 1
-1 4688 15832 -3964 746 179 465 1
-1 3196 16868 -3856 -50 205 1539 1
-1 3196 16868 -3856 -50 205 1539 1
-1 4596 16028 -2052 -127 205 1726 1
-1 4596 16028 -2052 -127 205 1726 1
-1 5164 16172 -4480 -200 -181 1554 1
-1 5164 16172 -4480 -200 -181 1554 1
-1 3676 16184 -1660 390 162 1996 1
-1 3676 16184 -1660 390 162 1996 1
-1 4188 15512 -2712 855 238 1485 1
-1 4188 15512 -2712 855 238 1485 1
-1 5776 15652 -3604 87 106 1385 1
-1 5776 15652 -3604 87 106 1385 1
-1 5380 15256 -2488 852 -22 2858 1
-1 5380 15256 -2488 852 -22 2858 1
-1 5688 15228 -3648 600 125 3296 1
-1 5688 15228 -3648 600 125 3296 1
-1 7280 15700 -3972 246 252 2346 1
-1 7280 15700 -3972 246 252 2346 1
-1 4592 15988 -3252 -32 247 2348 1
-1 4592 15988 -3252 -32 247 2348 1
-1 6424 15060 -2544 136 337 4050 1
-1 6424 15060 -2544 136 337 4050 1
-1 7992 15448 -3032 -221 52 3092 1
-1 7992 15448 -3032 -221 52 3092 1
-1 6932 15076 -3704 -217 172 3178 1
-1 6932 15076 -3704 -217 172 3178 1
-1 6920 15024 -3468 -378 76 3451 1
-1 6920 15024 -3468 -378 76 3451 1
-1 9068 14900 -3700 -141 163 3818 1
-1 9068 14900 -3700 -141 163 3818 1
-1 8528 14384 -2584 80 370 4193 1
-1 8528 14384 -2584 80 370 4193 1
-1 9172 13644 -2552 314 642 3235 1
-1 9172 13644 -2552 314 642 3235 1
-1 8944 14120 -2516 1057 119 4105 1
-1 8944 14120 -2516 1057 119 4105 1
-1 11112 14104 -2360 230 175 3890 1
-1 11112 14104 -2360 230 175 3890 1
-1 10380 13488 -3660 1052 178 2907 1
-1 10380 13488 -3660 1052 178 2907 1
-1 9392 13240 -2976 794 201 4804 1
-1 9392 13240 -2976 794 201 4804 1
-1 11144 12552 -3904 336 -161 4583 1
-1 11144 12552 -3904 336 -161 4583 1
-1 11700 12820 -3492 76 -158 4906 1
-1 11700 12820 -3492 76 -158 4906 1
-1 12792 12676 -3964 313 -1 3783 1
-1 12792 12676 -3964 313 -1 3783 1
-1 11476 11992 -2600 225 -47 3777 1
-1 11476 11992 -2600 225 -47 3777 1
-1 11956 11004 -3508 254 -79 4862 1
-1 11956 11004 -3508 254 -79 4862 1
-1 13612 10392 -2724 234 -136 5206 1
-1 13612 10392 -2724 234 -136 5206 1
-1 13092 10388 -4152 -209 -184 3618 1
-1 13092 10388 -4152 -209 -184 3618 1
-1 13572 10836 -2804 -550 -367 2941 1
-1 13572 10836 -2804 -550 -367 2941 1
-1 14260 10236 -2676 1147 -178 2206 1
-1 14260 10236 -2676 1147 -178 2206 1
-1 13124 10236 -2908 -200 -73 2673 1
-1 13124 10236 -2908 -200 -73 2673 1
-1 14664 9480 -3352 349 -114 2510 1
-1 14664 9480 -3352 349 -114 2510 1
-1 14492 9720 -2996 695 -200 2204 1
-1 14492 9720 -2996 695 -200 2204 1
-1 13752 9464 -2564 67 40 3563 1
-1 13752 9464 -2564 67 40 3563 1
-1 14656 8888 -2984 796 -32 3795 1
-1 14656 8888 -2984 796 -32 3795 1
-1 14164 8452 -3404 352 -40 4509 1
-1 14164 8452 -3404 352 -40 4509 1
-1 14612 8304 -2620 532 -82 4582 1
-1 14612 8304 -2620 532 -82 4582 1
-1 14152 7712 -3088 74 -23 5412 1
-1 14152 7712 -3088 74 -23 5412 1
-1 14156 6960 -2748 847 -119 7276 1
-1 14156 6960 -2748 847 -119 7276 1
-1 15104 5596 -2636 941 -38 6883 1
-1 15104 5596 -2636 941 -38 6883 1
-1 15036 4844 -3720 832 -100 6299 1
-1 15036 4844 -3720 832 -100 6299 1
-1 17224 4584 -3008 1920 29 5353 1
-1 17224 4584 -3008 1920 29 5353 1
-1 15796 3740 -2820 1287 -173 3237 1
-1 15796 3740 -2820 1287 -173 3237 1
-1 15668 4284 -3496 893 -97 1892 1
-1 15668 4284 -3496 893 -97 1892 1
-1 17752 2944 -3776 1497 392 2501 1
-1 17752 2944 -3776 1497 392 2501 1
-1 16904 3288 -3220 2102 479 1873 1
-1 16904 3288 -3220 2102 479 1873 1
-1 15984 3500 -2652 1282 229 3018 1
-1 15984 3500 -2652 1282 229 3018 1
-1 16696 2292 -3264 1094 319 4061 1
-1 16696 2292 -3264 1094 319 4061 1
-1 16880 2072 -2852 1126 104 3469 1
-1 16880 2072 -2852 1126 104 3469 1
-1 16164 2248 -3792 507 66 4579 1
-1 16164 2248 -3792 507 66 4579 1
-1 17752 1268 -2320 1022 133 3459 1
-1 17752 1268 -2320 1022 133 3459 1
-1 16920 1148 -3376 1123 -55 2348 1
-1 16920 1148 -3376 1123 -55 2348 1
-1 16688 776 -3764 589 -1 -109 1
-1 16688 776 -3764 589 -1 -109 1
-1 16596 532 -4048 1471 420 104 1
-1 16596 532 -4048 1471 420 104 1
-1 16916 808 -2868 643 65 2655 1
-1 16916 808 -2868 643 65 2655 1
-1 17032 -168 -3228 816 336 2662 1
-1 17032 -168 -3228 816 336 2662 1
-1 16352 -536 -3168 294 137 3491 1
-1 16352 -536 -3168 294 137 3491 1
-1 17160 -772 -2812 609 179 2811 1
-1 17160 -772 -2812 609 179 2811 1
-1 16596 -1184 -2720 494 224 2049 1
-1 16596 -1184 -2720 494 224 2049 1
-1 16608 -1636 -3384 529 175 1282 1
-1 16608 -1636 -3384 529 175 1282 1
-1 17748 -1036 -2632 -274 67 1136 1
-1 17748 -1036 -2632 -274 67 1136 1
-1 17096 -1404 -2808 308 -68 146 1
-1 17096 -1404 -2808 308 -68 146 1
-1 16652 -1720 -3280 21 -112 599 1
-1 16652 -1720 -3280 21 -112 599 1
-1 17404 -1288 -2836 397 -6 97 1
-1 17404 -1288 -2836 397 -6 97 1
-1 16788 -1496 -3208 135 -115 315 1
-1 16788 -1496 -3208 135 -115 315 1
-1 18188 -1040 -3380 670 -241 -171 1
-1 18188 -1040 -3380 670 -241 -171 1
-1 17288 -2564 -3220 186 -348 -944 1
-1 17288 -2564 -3220 186 -348 -944 1
-1 17000 -1756 -3204 289 -113 -663 1
-1 17000 -1756 -3204 289 -113 -663 1
-1 17568 -556 -2980 55 -4 -237 1
-1 17568 -556 -2980 55 -4 -237 1
-1 16520 -1968 -3156 -57 -30 16 1
-1 16520 -1968 -3156 -57 -30 16 1
-1 17144 -2840 -3020 -452 78 -3038 1
-1 17144 -2840 -3020 -452 78 -3038 1
-1 16960 -1072 -3220 -766 452 -1344 1
-1 16960 -1072 -3220 -766 452 -1344 1
