-1 496 16552 -2112 424 -36 392 1
-1 900 16664 -2244 42 -240 809 1
-1 900 16664 -2244 42 -240 809 1
-1 -284 16480 -1556 -302 -46 -58 1
-1 -284 16480 -1556 -302 -46 -58 1
-1 276 16500 -1920 450 -132 574 1
-1 276 16500 -1920 450 -132 574 1
-1 988 16712 -2400 677 57 862 1
-1 988 16712 -2400 677 57 862 1
-1 1272 16344 -2512 569 -88 1123 1
-1 1272 16344 -2512 569 -88 1123 1
-1 968 16328 -1704 481 -388 1397 1
-1 968 16328 -1704 481 -388 1397 1
-1 1044 16396 -1328 511 -383 1694 1
-1 1044 16396 -1328 511 -383 1694 1
-1 1408 16308 -1524 427 25 514 1
-1 1408 16308 -1524 427 25 514 1
-1 1804 16404 -2856 79 -157 1416 1
-1 1804 16404 -2856 79 -157 1416 1
-1 768 16428 -892 300 -197 1689 1
-1 768 16428 -892 300 -197 1689 1
-1 1980 16036 -2508 339 -110 2533 1
-1 1980 16036 -2508 339 -110 2533 1
-1 1400 16816 -2204 273 -272 4169 1
-1 1400 16816 -2204 273 -272 4169 1
-1 2176 16576 -2392 826 -269 3128 1
-1 2176 16576 -2392 826 -269 3128 1
-1 2368 16336 -2436 377 -67 2051 1
-1 2368 16336 -2436 377 -67 2051 1
-1 3292 16924 -3436 707 73 2108 1
-1 3292 16924 -3436 707 73 2108 1
-1 3180 16672 -2460 103 59 1815 1
-1 3180 16672 -2460 103 59 1815 1
-1 3752 16608 -2588 625 228 1968 1
-1 3752 16608 -2588 625 228 1968 1
-1 3564 15932 -2592 612 -73 2009 1
-1 3564 15932 -2592 612 -73 2009 1
-1 3216 16428 -2408 293 -86 1910 1
-1 3216 16428 -2408 293 -86 1910 1
-1 4128 15900 -1680 527 67 2289 1
-1 4128 15900 -1680 527 67 2289 1
-1 6040 15776 -2452 382 -230 3228 1
-1 6040 15776 -2452 382 -230 3228 1
-1 5316 15780 -2012 72 -100 3127 1
-1 5316 15780 -2012 72 -100 3127 1
-1 5204 16084 -2860 -428 -96 3160 1
-1 5204 16084 -2860 -428 -96 3160 1
-1 5832 15980 -1824 -281 -60 3447 1
-1 5832 15980 -1824 -281 -60 3447 1
-1 6420 15308 -2232 -131 -220 3527 1
-1 6420 15308 -2232 -131 -220 3527 1
-1 6152 15408 -2240 -94 -214 3277 1
-1 6152 15408 -2240 -94 -214 3277 1
-1 7672 15604 -2168 -408 121 3062 1
-1 7672 15604 -2168 -408 121 3062 1
-1 7624 15360 -1776 591 -341 2983 1
-1 7624 15360 -1776 591 -341 2983 1
-1 7588 15412 -1980 154 -214 2680 1
-1 7588 15412 -1980 154 -214 2680 1
-1 7968 14388 -1824 787 -358 3480 1
-1 7968 14388 -1824 787 -358 3480 1
-1 7432 14728 -1488 -484 -315 3617 1
-1 7432 14728 -1488 -484 -315 3617 1
-1 8456 14676 -2656 304 -220 4154 1
-1 8456 14676 -2656 304 -220 4154 1
-1 9852 14544 -2532 21 -109 3863 1
-1 9852 14544 -2532 21 -109 3863 1
-1 10264 13776 -2368 166 -243 4207 1
-1 10264 13776 -2368 166 -243 4207 1
-1 9156 13960 -2300 -554 -357 3816 1
-1 9156 13960 -2300 -554 -357 3816 1
-1 10152 14340 -2568 -456 -177 2976 1
-1 10152 14340 -2568 -456 -177 2976 1
-1 10448 13440 -2052 -37 -266 3477 1
-1 10448 13440 -2052 -37 -266 3477 1
-1 10532 13192 -2152 423 -556 3313 1
-1 10532 13192 -2152 423 -556 3313 1
-1 10480 13544 -2240 170 -183 3239 1
-1 10480 13544 -2240 170 -183 3239 1
-1 11204 12320 -1640 728 -473 3586 1
-1 11204 12320 -1640 728 -473 3586 1
-1 10796 12196 -2228 1022 -809 4763 1
-1 10796 12196 -2228 1022 -809 4763 1
-1 11692 13112 -2840 314 -174 3869 1
-1 11692 13112 -2840 314 -174 3869 1
-1 11708 11500 -1620 1246 -420 4755 1
-1 11708 11500 -1620 1246 -420 4755 1
-1 12984 11000 -2744 1608 -381 4006 1
-1 12984 11000 -2744 1608 -381 4006 1
-1 14064 10412 -2392 1323 -475 4569 1
-1 14064 10412 -2392 1323 -475 4569 1
-1 13840 10852 -2676 1400 -425 4802 1
-1 13840 10852 -2676 1400 -425 4802 1
-1 13652 9700 -2904 1069 -456 4393 1
-1 13652 9700 -2904 1069 -456 4393 1
-1 13268 9416 -3100 933 -192 4004 1
-1 13268 9416 -3100 933 -192 4004 1
-1 14180 9260 -3032 235 -148 3631 1
-1 14180 9260 -3032 235 -148 3631 1
-1 15192 9040 -2780 805 -236 3590 1
-1 15192 9040 -2780 805 -236 3590 1
-1 14792 8496 -2988 168 32 2783 1
-1 14792 8496 -2988 168 32 2783 1
-1 15112 8312 -2700 4 -310 3476 1
-1 15112 8312 -2700 4 -310 3476 1
-1 15576 7948 -2748 832 -53 3130 1
-1 15576 7948 -2748 832 -53 3130 1
-1 15376 7584 -2704 667 -100 3598 1
-1 15376 7584 -2704 667 -100 3598 1
-1 15764 7248 -3340 894 121 3686 1
-1 15764 7248 -3340 894 121 3686 1
-1 15848 6916 -3672 1155 160 3755 1
-1 15848 6916 -3672 1155 160 3755 1
-1 16716 6632 -3104 1035 -24 4838 1
-1 16716 6632 -3104 1035 -24 4838 1
-1 16148 5384 -3112 1136 345 4606 1
-1 16148 5384 -3112 1136 345 4606 1
-1 16736 5216 -3136 1421 -88 5634 1
-1 16736 5216 -3136 1421 -88 5634 1
-1 16828 4848 -3268 1018 111 4505 1
-1 16828 4848 -3268 1018 111 4505 1
-1 16344 3760 -2744 590 569 4345 1
-1 16344 3760 -2744 590 569 4345 1
-1 16756 2832 -3184 1095 -516 5949 1
-1 16756 2832 -3184 1095 -516 5949 1
-1 16256 2976 -3308 1305 -799 5192 1
-1 16256 2976 -3308 1305 -799 5192 1
-1 17160 2136 -2636 1194 -82 2751 1
-1 17160 2136 -2636 1194 -82 2751 1
-1 16984 2376 -3284 815 802 884 1
-1 16984 2376 -3284 815 802 884 1
-1 17944 2072 -2668 318 -103 1889 1
-1 17944 2072 -2668 318 -103 1889 1
-1 17552 1440 -3248 899 -470 1437 1
-1 17552 1440 -3248 899 -470 1437 1
-1 17616 1576 -3256 552 -404 865 1
-1 17616 1576 -3256 552 -404 865 1
-1 16080 1580 -3656 643 -341 1212 1
-1 16080 1580 -3656 643 -341 1212 1
-1 17208 1268 -3224 796 -40 1047 1
-1 17208 1268 -3224 796 -40 1047 1
-1 17324 1008 -3596 632 -187 2430 1
-1 17324 1008 -3596 632 -187 2430 1
-1 16924 792 -3168 388 -345 2738 1
-1 16924 792 -3168 388 -345 2738 1
-1 18132 488 -3696 794 -33 2246 1
-1 18132 488 -3696 794 -33 2246 1
-1 17792 512 -3632 479 -34 1700 1
-1 17792 512 -3632 479 -34 1700 1
-1 17436 308 -3400 57 -64 1217 1
-1 17436 308 -3400 57 -64 1217 1
-1 16020 -260 -4004 244 258 -1009 1
-1 16020 -260 -4004 244 258 -1009 1
-1 17024 -256 -3552 1508 -319 -66 1
-1 17024 -256 -3552 1508 -319 -66 1
-1 17748 376 -3776 865 -9 -1662 1
-1 17748 376 -3776 865 -9 -1662 1
-1 16936 632 -3560 145 -4 -699 1
-1 16936 632 -3560 145 -4 -699 1
-1 17472 1012 -3372 -167 203 -1085 1
-1 17472 1012 -3372 -167 203 -1085 1
-1 17000 480 -3388 667 -193 743 1
-1 17000 480 -3388 667 -193 743 1
-1 17468 972 -3112 589 -9 -124 1
-1 17468 972 -3112 589 -9 -124 1
-1 17108 -80 -3692 208 -120 1074 1
-1 17108 -80 -3692 208 -120 1074 1
-1 17512 -440 -3640 -106 -349 711 1
-1 17512 -440 -3640 -106 -349 711 1
-1 16800 -196 -3344 10 -127 1304 1
-1 16800 -196 -3344 10 -127 1304 1
-1 17108 -288 -3716 -106 -336 893 1
-1 17108 -288 -3716 -106 -336 893 1
-1 17320 -452 -3396 -1212 -96 417 1
-1 17320 -452 -3396 -1212 -96 417 1
-1 17420 -112 -2944 -588 -222 947 1
-1 17420 -112 -2944 -588 -222 947 1
-1 17008 16 -3340 -1017 -171 435 1
-1 17008 16 -3340 -1017 -171 435 1
-1 17424 -588 -3548 -1434 -168 -163 1
-1 17424 -588 -3548 -1434 -168 -163 1
-1 18392 100 -3988 -1714 80 -1444 1
-1 18392 100 -3988 -1714 80 -1444 1
