-1 1096 16672 -2608 1886 -133 470 1
-1 800 16524 -3052 724 -469 270 1
-1 800 16524 -3052 724 -469 270 1
-1 748 16552 -3048 190 -82 24 1
-1 748 16552 -3048 190 -82 24 1
-1 1264 16400 -3112 -230 64 -124 1
-1 1264 16400 -3112 -230 64 -124 1
-1 732 15964 -3468 -647 -290 977 1
-1 732 15964 -3468 -647 -290 977 1
-1 3044 11704 -1636 782 310 2463 1
-1 3044 11704 -1636 782 310 2463 1
-1 1264 17604 -2752 -333 -531 2493 1
-1 1264 17604 -2752 -333 -531 2493 1
-1 2780 16244 -3812 121 92 1924 1
-1 2780 16244 -3812 121 92 1924 1
-1 2048 16108 -3144 202 173 1020 1
-1 2048 16108 -3144 202 173 1020 1
-1 3112 15408 -2884 648 105 353 1
-1 3112 15408 -2884 648 105 353 1
-1 2028 16288 -2520 361 97 1730 1
-1 2028 16288 -2520 361 97 1730 1
-1 2304 16652 -3420 384 18 1662 1
-1 2304 16652 -3420 384 18 1662 1
-1 1544 16816 -2924 379 59 2058 1
-1 1544 16816 -2924 379 59 2058 1
-1 3536 15804 -2052 552 35 1549 1
-1 3536 15804 -2052 552 35 1549 1
-1 2696 16476 -2588 512 191 1396 1
-1 2696 16476 -2588 512 191 1396 1
-1 3192 16416 -2860 396 211 926 1
-1 3192 16416 -2860 396 211 926 1
-1 2772 16924 -2208 -65 -113 1117 1
-1 2772 16924 -2208 -65 -113 1117 1
-1 2860 16500 -2640 -68 -26 990 1
-1 2860 16500 -2640 -68 -26 990 1
-1 3028 16004 -3136 212 -118 1464 1
-1 3028 16004 -3136 212 -118 1464 1
-1 2976 16228 -3900 265 72 1997 1
-1 2976 16228 -3900 265 72 1997 1
-1 3136 16800 -3284 248 -72 2542 1
-1 3136 16800 -3284 248 -72 2542 1
-1 3784 15668 -2364 480 -26 3483 1
-1 3784 15668 -2364 480 -26 3483 1
-1 4324 15568 -2300 180 101 3197 1
-1 4324 15568 -2300 180 101 3197 1
-1 4944 15860 -2076 609 3 2897 1
-1 4944 15860 -2076 609 3 2897 1
-1 6152 15864 -3676 382 149 2503 1
-1 6152 15864 -3676 382 149 2503 1
-1 6380 15232 -2008 813 15 2070 1
-1 6380 15232 -2008 813 15 2070 1
-1 5576 15572 -2068 892 245 2135 1
-1 5576 15572 -2068 892 245 2135 1
-1 6104 15256 -3140 789 66 2313 1
-1 6104 15256 -3140 789 66 2313 1
-1 5808 15836 -1440 790 251 3381 1
-1 5808 15836 -1440 790 251 3381 1
-1 7536 15144 -3616 436 158 2938 1
-1 7536 15144 -3616 436 158 2938 1
-1 6976 15028 -2260 823 59 2211 1
-1 6976 15028 -2260 823 59 2211 1
-1 7380 15176 -3728 -86 -24 2940 1
-1 7380 15176 -3728 -86 -24 2940 1
-1 6960 14828 -3388 772 217 4363 1
-1 6960 14828 -3388 772 217 4363 1
-1 7468 14884 -2952 126 187 4325 1
-1 7468 14884 -2952 126 187 4325 1
-1 8656 13960 -3628 482 119 4837 1
-1 8656 13960 -3628 482 119 4837 1
-1 8232 14528 -3484 -105 76 4607 1
-1 8232 14528 -3484 -105 76 4607 1
-1 9616 13256 -2632 2072 25 5762 1
-1 9616 13256 -2632 2072 25 5762 1
-1 10316 14112 -3260 385 197 2804 1
-1 10316 14112 -3260 385 197 2804 1
-1 10700 13300 -2232 393 -140 3123 1
-1 10700 13300 -2232 393 -140 3123 1
-1 11148 13792 -2580 136 31 2753 1
-1 11148 13792 -2580 136 31 2753 1
-1 10608 13592 -3056 160 -61 4234 1
-1 10608 13592 -3056 160 -61 4234 1
-1 10768 13032 -2824 454 17 5270 1
-1 10768 13032 -2824 454 17 5270 1
-1 11232 11912 -3536 -37 138 4458 1
-1 11232 11912 -3536 -37 138 4458 1
-1 11732 11756 -4060 169 -58 5748 1
-1 11732 11756 -4060 169 -58 5748 1
-1 11960 10864 -3224 -228 170 4642 1
-1 11960 10864 -3224 -228 170 4642 1
-1 13040 10972 -3256 504 -227 5211 1
-1 13040 10972 -3256 504 -227 5211 1
-1 12516 10540 -1964 -75 -310 4007 1
-1 12516 10540 -1964 -75 -310 4007 1
-1 12920 10132 -3848 585 119 2634 1
-1 12920 10132 -3848 585 119 2634 1
-1 13480 9984 -2408 712 -23 2582 1
-1 13480 9984 -2408 712 -23 2582 1
-1 13872 9892 -3180 142 67 3695 1
-1 13872 9892 -3180 142 67 3695 1
-1 13680 9332 -3396 421 7 2939 1
-1 13680 9332 -3396 421 7 2939 1
-1 14120 8820 -3320 439 152 3764 1
-1 14120 8820 -3320 439 152 3764 1
-1 14596 8756 -3048 198 -210 3706 1
-1 14596 8756 -3048 198 -210 3706 1
-1 13560 8852 -2660 -539 17 4252 1
-1 13560 8852 -2660 -539 17 4252 1
-1 14664 7800 -3044 162 -132 4833 1
-1 14664 7800 -3044 162 -132 4833 1
-1 14856 7180 -3280 974 -170 4130 1
-1 14856 7180 -3280 974 -170 4130 1
-1 15220 7080 -3280 1448 -311 3150 1
-1 15220 7080 -3280 1448 -311 3150 1
-1 16364 7072 -3236 119 111 3493 1
-1 16364 7072 -3236 119 111 3493 1
-1 16400 6692 -4140 1183 -70 1232 1
-1 16400 6692 -4140 1183 -70 1232 1
-1 16576 6864 -2920 834 -198 2173 1
-1 16576 6864 -2920 834 -198 2173 1
-1 15884 5796 -3120 1505 -399 1783 1
-1 15884 5796 -3120 1505 -399 1783 1
-1 15096 5056 -3524 847 -317 2999 1
-1 15096 5056 -3524 847 -317 2999 1
-1 16428 5860 -3832 625 -420 4493 1
-1 16428 5860 -3832 625 -420 4493 1
-1 16240 4260 -4208 877 -155 4921 1
-1 16240 4260 -4208 877 -155 4921 1
-1 16932 4080 -3736 765 50 5052 1
-1 16932 4080 -3736 765 50 5052 1
-1 16920 4164 -3468 692 60 2075 1
-1 16920 4164 -3468 692 60 2075 1
-1 16276 4448 -2748 1413 -391 831 1
-1 16276 4448 -2748 1413 -391 831 1
-1 17436 4320 -3004 785 181 2360 1
-1 17436 4320 -3004 785 181 2360 1
-1 16728 3412 -3900 1686 -17 2499 1
-1 16728 3412 -3900 1686 -17 2499 1
-1 17596 2788 -3252 1050 -42 3068 1
-1 17596 2788 -3252 1050 -42 3068 1
-1 17192 2160 -2652 1613 -242 2902 1
-1 17192 2160 -2652 1613 -242 2902 1
-1 17860 2512 -3568 1775 260 1800 1
-1 17860 2512 -3568 1775 260 1800 1
-1 17248 2316 -3704 1716 106 1702 1
-1 17248 2316 -3704 1716 106 1702 1
-1 18580 2240 -3580 1346 52 1919 1
-1 18580 2240 -3580 1346 52 1919 1
-1 17244 1796 -3608 676 47 1304 1
-1 17244 1796 -3608 676 47 1304 1
-1 16596 1332 -3568 1136 104 277 1
-1 16596 1332 -3568 1136 104 277 1
-1 17520 1788 -3976 1179 294 275 1
-1 17520 1788 -3976 1179 294 275 1
-1 17204 968 -3476 1006 -107 296 1
-1 17204 968 -3476 1006 -107 296 1
-1 17004 892 -3648 637 130 378 1
-1 17004 892 -3648 637 130 378 1
-1 16996 1056 -3800 674 -87 1386 1
-1 16996 1056 -3800 674 -87 1386 1
-1 17496 1000 -4064 596 69 976 1
-1 17496 1000 -4064 596 69 976 1
-1 17576 120 -3264 492 -194 1420 1
-1 17576 120 -3264 492 -194 1420 1
-1 17656 1208 -3404 576 -63 1343 1
-1 17656 1208 -3404 576 -63 1343 1
-1 16924 280 -3948 158 -69 1253 1
-1 16924 280 -3948 158 -69 1253 1
-1 17044 324 -3308 396 126 1734 1
-1 17044 324 -3308 396 126 1734 1
-1 17552 260 -3552 1152 -3 1592 1
-1 17552 260 -3552 1152 -3 1592 1
-1 17748 60 -3092 1770 -61 594 1
-1 17748 60 -3092 1770 -61 594 1
-1 17444 196 -3908 1092 8 210 1
-1 17444 196 -3908 1092 8 210 1
-1 17484 280 -3480 97 -50 472 1
-1 17484 280 -3480 97 -50 472 1
-1 17216 -612 -3164 223 -7 431 1
-1 17216 -612 -3164 223 -7 431 1
-1 17312 -136 -3504 -221 -145 379 1
-1 17312 -136 -3504 -221 -145 379 1
-1 17328 848 -3480 33 -6 389 1
-1 17328 848 -3480 33 -6 389 1
