-1 140 16056 -6196 462 -509 -660 1
-1 16 16084 -6192 454 -299 -808 1
-1 16 16084 -6192 454 -299 -808 1
-1 -172 15672 -6656 101 -311 -647 1
-1 -172 15672 -6656 101 -311 -647 1
-1 96 16020 -6272 205 -1318 787 1
-1 96 16020 -6272 205 -1318 787 1
-1 136 16164 -6052 66 -15 -507 1
-1 136 16164 -6052 66 -15 -507 1
-1 -272 15908 -6276 182 -1020 -639 1
-1 -272 15908 -6276 182 -1020 -639 1
-1 -12 16164 -6220 130 -637 524 1
-1 -12 16164 -6220 130 -637 524 1
-1 -180 16000 -6464 331 -406 556 1
-1 -180 16000 -6464 331 -406 556 1
-1 -272 16056 -5924 -164 -1011 1379 1
-1 -272 16056 -5924 -164 -1011 1379 1
-1 -4236 19768 -388 2548 -4074 8971 1
-1 -4236 19768 -388 2548 -4074 8971 1
-1 -168 17048 -6204 634 -570 4680 1
-1 -168 17048 -6204 634 -570 4680 1
-1 1068 15828 -5548 1188 248 1231 1
-1 1068 15828 -5548 1188 248 1231 1
-1 2144 15524 -6156 635 377 2139 1
-1 2144 15524 -6156 635 377 2139 1
-1 896 15640 -6084 494 472 2860 1
-1 896 15640 -6084 494 472 2860 1
-1 648 16208 -6000 314 455 2465 1
-1 648 16208 -6000 314 455 2465 1
-1 2292 15652 -6304 417 399 2010 1
-1 2292 15652 -6304 417 399 2010 1
-1 2356 15680 -5872 531 934 779 1
-1 2356 15680 -5872 531 934 779 1
-1 1688 16208 -6260 471 1024 780 1
-1 1688 16208 -6260 471 1024 780 1
-1 1956 15764 -5552 160 333 2167 1
-1 1956 15764 -5552 160 333 2167 1
-1 2008 16556 -6192 37 -264 3727 1
-1 2008 16556 -6192 37 -264 3727 1
-1 3688 15492 -6284 -174 -648 3515 1
-1 3688 15492 -6284 -174 -648 3515 1
-1 2256 15788 -5380 7 281 2496 1
-1 2256 15788 -5380 7 281 2496 1
-1 3112 15628 -5948 208 278 2740 1
-1 3112 15628 -5948 208 278 2740 1
-1 4904 15752 -5792 387 -435 2596 1
-1 4904 15752 -5792 387 -435 2596 1
-1 4912 15328 -6404 347 247 1695 1
-1 4912 15328 -6404 347 247 1695 1
-1 4480 15188 -5812 440 299 2559 1
-1 4480 15188 -5812 440 299 2559 1
-1 6080 15228 -6188 331 669 2565 1
-1 6080 15228 -6188 331 669 2565 1
-1 4796 15708 -5284 -322 1742 4191 1
-1 4796 15708 -5284 -322 1742 4191 1
-1 7136 15024 -6232 119 1123 5697 1
-1 7136 15024 -6232 119 1123 5697 1
-1 8212 14844 -5592 245 448 3591 1
-1 8212 14844 -5592 245 448 3591 1
-1 6356 14592 -6000 243 798 2549 1
-1 6356 14592 -6000 243 798 2549 1
-1 6404 14404 -5816 306 98 2369 1
-1 6404 14404 -5816 306 98 2369 1
-1 6480 14844 -5096 193 846 3456 1
-1 6480 14844 -5096 193 846 3456 1
-1 8016 14200 -5260 666 -685 5767 1
-1 8016 14200 -5260 666 -685 5767 1
-1 8608 14136 -5764 426 569 4481 1
-1 8608 14136 -5764 426 569 4481 1
-1 8776 14188 -6036 506 665 3761 1
-1 8776 14188 -6036 506 665 3761 1
-1 9052 13516 -6376 134 1295 4190 1
-1 9052 13516 -6376 134 1295 4190 1
-1 10160 14140 -5488 406 656 3892 1
-1 10160 14140 -5488 406 656 3892 1
-1 10068 13352 -6092 201 883 2655 1
-1 10068 13352 -6092 201 883 2655 1
-1 9472 13160 -5580 -431 655 3676 1
-1 9472 13160 -5580 -431 655 3676 1
-1 10568 12952 -5276 -499 -219 4709 1
-1 10568 12952 -5276 -499 -219 4709 1
-1 11500 12744 -5776 73 1044 1780 1
-1 11500 12744 -5776 73 1044 1780 1
-1 9224 12604 -5308 502 943 4096 1
-1 9224 12604 -5308 502 943 4096 1
-1 12132 11348 -4204 453 460 4402 1
-1 12132 11348 -4204 453 460 4402 1
-1 11936 11896 -5728 466 1353 3473 1
-1 11936 11896 -5728 466 1353 3473 1
-1 12916 10400 -4940 777 1482 3670 1
-1 12916 10400 -4940 777 1482 3670 1
-1 13496 11100 -4424 676 1149 2423 1
-1 13496 11100 -4424 676 1149 2423 1
-1 12332 10576 -5368 514 1932 1648 1
-1 12332 10576 -5368 514 1932 1648 1
-1 13264 10904 -5112 551 -559 6264 1
-1 13264 10904 -5112 551 -559 6264 1
-1 14588 10252 -4584 638 721 5092 1
-1 14588 10252 -4584 638 721 5092 1
-1 14752 10096 -5096 433 1130 3720 1
-1 14752 10096 -5096 433 1130 3720 1
-1 12904 9356 -3324 -44 1179 4066 1
-1 12904 9356 -3324 -44 1179 4066 1
-1 13584 8896 -3448 0 500 5354 1
-1 13584 8896 -3448 0 500 5354 1
-1 15228 8284 -4268 131 1186 4764 1
-1 15228 8284 -4268 131 1186 4764 1
-1 15828 7980 -3952 154 821 4124 1
-1 15828 7980 -3952 154 821 4124 1
-1 16696 7884 -4432 293 733 3291 1
-1 16696 7884 -4432 293 733 3291 1
-1 14060 7100 -4048 230 618 1922 1
-1 14060 7100 -4048 230 618 1922 1
-1 14388 6236 -3296 316 1110 5057 1
-1 14388 6236 -3296 316 1110 5057 1
-1 16768 6188 -3112 178 863 5814 1
-1 16768 6188 -3112 178 863 5814 1
-1 17480 5888 -3608 189 1151 4253 1
-1 17480 5888 -3608 189 1151 4253 1
-1 15800 4960 -3428 215 811 4294 1
-1 15800 4960 -3428 215 811 4294 1
-1 17236 4756 -2984 384 950 3879 1
-1 17236 4756 -2984 384 950 3879 1
-1 18148 4376 -3504 435 944 4163 1
-1 18148 4376 -3504 435 944 4163 1
-1 17132 4268 -3112 298 652 2887 1
-1 17132 4268 -3112 298 652 2887 1
-1 15800 3204 -3260 537 615 3475 1
-1 15800 3204 -3260 537 615 3475 1
-1 16600 3168 -2940 577 780 4220 1
-1 16600 3168 -2940 577 780 4220 1
-1 18152 2496 -2612 512 728 2573 1
-1 18152 2496 -2612 512 728 2573 1
-1 16940 2036 -3124 454 582 2181 1
-1 16940 2036 -3124 454 582 2181 1
-1 16864 2456 -2464 276 140 2799 1
-1 16864 2456 -2464 276 140 2799 1
-1 16752 1704 -2960 256 439 1296 1
-1 16752 1704 -2960 256 439 1296 1
-1 16356 1592 -2640 306 58 932 1
-1 16356 1592 -2640 306 58 932 1
-1 17836 940 -2860 432 159 1623 1
-1 17836 940 -2860 432 159 1623 1
-1 16844 1192 -2820 260 387 771 1
-1 16844 1192 -2820 260 387 771 1
-1 17120 1284 -2496 -60 927 51 1
-1 17120 1284 -2496 -60 927 51 1
-1 17528 728 -2644 204 1718 -366 1
-1 17528 728 -2644 204 1718 -366 1
-1 17012 1576 -2536 132 86 494 1
-1 17012 1576 -2536 132 86 494 1
-1 19424 876 -2376 495 -375 1349 1
-1 19424 876 -2376 495 -375 1349 1
-1 17752 2008 -2408 426 -120 -315 1
-1 17752 2008 -2408 426 -120 -315 1
-1 16988 1536 -2752 221 282 -825 1
-1 16988 1536 -2752 221 282 -825 1
-1 16360 304 -1944 223 -201 1614 1
-1 16360 304 -1944 223 -201 1614 1
-1 15772 440 -2620 -56 -593 3996 1
-1 15772 440 -2620 -56 -593 3996 1
-1 18824 256 -2320 -71 14 3632 1
-1 18824 256 -2320 -71 14 3632 1
-1 17804 -260 -2036 41 437 3037 1
-1 17804 -260 -2036 41 437 3037 1
-1 18144 -388 -2252 131 265 2594 1
-1 18144 -388 -2252 131 265 2594 1
-1 18116 64 -2612 63 -58 1554 1
-1 18116 64 -2612 63 -58 1554 1
-1 17284 -976 -2424 -144 -390 1361 1
-1 17284 -976 -2424 -144 -390 1361 1
-1 16728 -464 -2760 -140 114 178 1
-1 16728 -464 -2760 -140 114 178 1
-1 17944 -324 -2240 891 -109 22 1
-1 17944 -324 -2240 891 -109 22 1
-1 18352 300 -2828 123 6 111 1
-1 18352 300 -2828 123 6 111 1
-1 17124 -1096 -2620 -229 -370 463 1
-1 17124 -1096 -2620 -229 -370 463 1
-1 17392 -1008 -2448 69 -350 -661 1
-1 17392 -1008 -2448 69 -350 -661 1
-1 17320 -244 -2464 -198 -689 -945 1
-1 17320 -244 -2464 -198 -689 -945 1
