-1 -47 0 1 2051 1 1928641016 1
-1 -47 0 1 2051 1 1928641016 1
-1 956 16448 -1620 825 59 -74 1
-1 956 16448 -1620 825 59 -74 1
-1 1180 16660 -1824 1174 106 -191 1
-1 1180 16660 -1824 1174 106 -191 1
-1 1116 16468 -1808 805 124 -33 1
-1 1116 16468 -1808 805 124 -33 1
-1 840 16560 -1816 1387 188 87 1
-1 840 16560 -1816 1387 188 87 1
-1 996 16572 -1952 112 90 18 1
-1 996 16572 -1952 112 90 18 1
-1 2176 16768 -2320 -877 153 839 1
-1 2176 16768 -2320 -877 153 839 1
-1 1552 16488 -1704 -247 -416 2651 1
-1 1552 16488 -1704 -247 -416 2651 1
-1 1344 16340 -1600 119 116 211 1
-1 1344 16340 -1600 119 116 211 1
-1 936 16584 -1736 715 162 116 1
-1 936 16584 -1736 715 162 116 1
-1 2272 15940 -2256 645 434 119 1
-1 2272 15940 -2256 645 434 119 1
-1 1792 16036 -1752 530 -204 178 1
-1 1792 16036 -1752 530 -204 178 1
-1 1540 16868 -3144 465 -58 1584 1
-1 1540 16868 -3144 465 -58 1584 1
-1 2760 16900 -1692 554 -534 1820 1
-1 2760 16900 -1692 554 -534 1820 1
-1 2680 16740 -1976 -157 -350 2177 1
-1 2680 16740 -1976 -157 -350 2177 1
-1 3388 15892 -1976 469 -296 1885 1
-1 3388 15892 -1976 469 -296 1885 1
-1 3268 16040 -1864 595 112 1623 1
-1 3268 16040 -1864 595 112 1623 1
-1 3576 16332 -2520 736 -64 1006 1
-1 3576 16332 -2520 736 -64 1006 1
-1 3352 16268 -1544 706 192 839 1
-1 3352 16268 -1544 706 192 839 1
-1 3408 16220 -2364 577 306 981 1
-1 3408 16220 -2364 577 306 981 1
-1 3220 15984 -1612 412 -15 1327 1
-1 3220 15984 -1612 412 -15 1327 1
-1 2844 16012 -1896 768 -11 932 1
-1 2844 16012 -1896 768 -11 932 1
-1 3164 16088 -2628 820 -32 911 1
-1 3164 16088 -2628 820 -32 911 1
-1 3200 16128 -1708 880 24 1309 1
-1 3200 16128 -1708 880 24 1309 1
-1 4040 16224 -2296 770 -75 1587 1
-1 4040 16224 -2296 770 -75 1587 1
-1 3628 15952 -2180 828 -257 3066 1
-1 3628 15952 -2180 828 -257 3066 1
-1 5560 15852 -2984 645 -264 3022 1
-1 5560 15852 -2984 645 -264 3022 1
-1 4376 15852 -2404 -1105 183 3410 1
-1 4376 15852 -2404 -1105 183 3410 1
-1 5920 16012 -2472 91 218 3253 1
-1 5920 16012 -2472 91 218 3253 1
-1 4972 15948 -1376 -397 -38 2412 1
-1 4972 15948 -1376 -397 -38 2412 1
-1 6220 15596 -2116 736 -291 2662 1
-1 6220 15596 -2116 736 -291 2662 1
-1 5628 15724 -1904 381 -183 3381 1
-1 5628 15724 -1904 381 -183 3381 1
-1 6620 15248 -2308 51 -115 4946 1
-1 6620 15248 -2308 51 -115 4946 1
-1 6020 15780 -2232 -1586 79 6375 1
-1 6020 15780 -2232 -1586 79 6375 1
-1 8076 14156 -2068 96 -72 5724 1
-1 8076 14156 -2068 96 -72 5724 1
-1 8380 14144 -948 -399 -428 4418 1
-1 8380 14144 -948 -399 -428 4418 1
-1 8592 14592 -1800 969 -282 3725 1
-1 8592 14592 -1800 969 -282 3725 1
-1 9024 15072 -2056 -649 -202 3178 1
-1 9024 15072 -2056 -649 -202 3178 1
-1 8916 14272 -2160 808 -400 4571 1
-1 8916 14272 -2160 808 -400 4571 1
-1 10240 12516 -1236 -189 -263 5277 1
-1 10240 12516 -1236 -189 -263 5277 1
-1 10556 13496 -3144 608 -299 4537 1
-1 10556 13496 -3144 608 -299 4537 1
-1 10620 12856 -2276 -59 -524 7826 1
-1 10620 12856 -2276 -59 -524 7826 1
-1 11248 11832 -1840 -317 -700 5860 1
-1 11248 11832 -1840 -317 -700 5860 1
-1 12248 11556 -900 -656 -686 6450 1
-1 12248 11556 -900 -656 -686 6450 1
-1 12896 10492 -1844 -207 -666 5362 1
-1 12896 10492 -1844 -207 -666 5362 1
-1 12552 11480 -1860 -890 -622 5021 1
-1 12552 11480 -1860 -890 -622 5021 1
-1 13448 10524 -1832 203 -600 4534 1
-1 13448 10524 -1832 203 -600 4534 1
-1 14392 9488 -1876 -343 -477 3875 1
-1 14392 9488 -1876 -343 -477 3875 1
-1 15240 10504 -2168 831 -447 3196 1
-1 15240 10504 -2168 831 -447 3196 1
-1 14236 9904 -1612 -617 -429 3603 1
-1 14236 9904 -1612 -617 -429 3603 1
-1 13624 8980 -2716 330 -437 3464 1
-1 13624 8980 -2716 330 -437 3464 1
-1 14180 9296 -3268 125 -538 4748 1
-1 14180 9296 -3268 125 -538 4748 1
-1 14688 8016 -3200 717 -635 4323 1
-1 14688 8016 -3200 717 -635 4323 1
-1 15960 7884 -1936 1106 -283 1412 1
-1 15960 7884 -1936 1106 -283 1412 1
-1 16132 7776 -2416 1248 -159 603 1
-1 16132 7776 -2416 1248 -159 603 1
-1 15048 7744 -1116 758 230 708 1
-1 15048 7744 -1116 758 230 708 1
-1 15140 7668 -2116 2010 5 1190 1
-1 15140 7668 -2116 2010 5 1190 1
-1 15984 7192 -2148 442 -335 4342 1
-1 15984 7192 -2148 442 -335 4342 1
-1 15844 6516 -3168 1213 -523 4225 1
-1 15844 6516 -3168 1213 -523 4225 1
-1 15548 6180 -1636 750 -749 5113 1
-1 15548 6180 -1636 750 -749 5113 1
-1 16628 6076 -3104 312 -747 5500 1
-1 16628 6076 -3104 312 -747 5500 1
-1 16588 5196 -3396 742 -502 3363 1
-1 16588 5196 -3396 742 -502 3363 1
-1 16440 4872 -3440 801 -201 2551 1
-1 16440 4872 -3440 801 -201 2551 1
-1 16680 5028 -2716 10 -237 2006 1
-1 16680 5028 -2716 10 -237 2006 1
-1 16196 3624 -2576 231 -281 2060 1
-1 16196 3624 -2576 231 -281 2060 1
-1 16156 3268 -3856 706 41 -81 1
-1 16156 3268 -3856 706 41 -81 1
-1 17620 4508 -2864 -545 -439 2067 1
-1 17620 4508 -2864 -545 -439 2067 1
-1 15804 2556 -2952 575 -529 1681 1
-1 15804 2556 -2952 575 -529 1681 1
-1 18112 5284 -2088 -617 -435 3108 1
-1 18112 5284 -2088 -617 -435 3108 1
-1 16692 3028 -2552 128 -357 2131 1
-1 16692 3028 -2552 128 -357 2131 1
-1 17364 3396 -2644 153 -256 1933 1
-1 17364 3396 -2644 153 -256 1933 1
-1 17432 3256 -2948 114 -258 2355 1
-1 17432 3256 -2948 114 -258 2355 1
-1 17332 2924 -3288 180 -247 2310 1
-1 17332 2924 -3288 180 -247 2310 1
-1 16908 2060 -3572 841 -495 2955 1
-1 16908 2060 -3572 841 -495 2955 1
-1 17176 884 -3172 390 -445 4692 1
-1 17176 884 -3172 390 -445 4692 1
-1 17204 1600 -3460 412 -658 3378 1
-1 17204 1600 -3460 412 -658 3378 1
-1 16056 128 -3164 391 -362 2497 1
-1 16056 128 -3164 391 -362 2497 1
-1 16704 140 -4280 1094 -370 2138 1
-1 16704 140 -4280 1094 -370 2138 1
-1 16620 252 -2800 231 -303 2802 1
-1 16620 252 -2800 231 -303 2802 1
-1 17372 -272 -2512 -139 -410 2408 1
-1 17372 -272 -2512 -139 -410 2408 1
-1 16496 -668 -3936 -473 -484 2803 1
-1 16496 -668 -3936 -473 -484 2803 1
-1 17480 52 -3640 -562 -465 2082 1
-1 17480 52 -3640 -562 -465 2082 1
-1 17944 424 -3096 -375 -129 1948 1
-1 17944 424 -3096 -375 -129 1948 1
-1 18332 308 -3224 -66 -233 2074 1
-1 18332 308 -3224 -66 -233 2074 1
-1 18244 36 -3188 -339 -205 1863 1
-1 18244 36 -3188 -339 -205 1863 1
-1 17988 -224 -3072 931 -171 1391 1
-1 17988 -224 -3072 931 -171 1391 1
-1 17956 76 -2616 193 -181 818 1
-1 17956 76 -2616 193 -181 818 1
-1 16684 -1776 -3536 195 -117 785 1
-1 16684 -1776 -3536 195 -117 785 1
-1 16188 -1752 -4116 -61 -88 783 1
-1 16188 -1752 -4116 -61 -88 783 1
-1 17468 -724 -3388 -245 14 -1064 1
-1 17468 -724 -3388 -245 14 -1064 1
-1 17020 -1376 -3876 -311 -171 617 1
-1 17020 -1376 -3876 -311 -171 617 1
-1 17276 -1088 -4160 -87 -242 28 1
