-1 612 16400 -2096 419 -1016 870 1
-1 612 16400 -2096 419 -1016 870 1
-1 888 16696 -1736 303 74 -221 1
-1 888 16696 -1736 303 74 -221 1
-1 660 16516 -1740 191 -199 -2 1
-1 660 16516 -1740 191 -199 -2 1
-1 740 16792 -1580 66 -1023 402 1
-1 740 16792 -1580 66 -1023 402 1
-1 560 16792 -1232 359 1860 -2040 1
-1 560 16792 -1232 359 1860 -2040 1
-1 472 16436 -1628 1195 2287 -1019 1
-1 472 16436 -1628 1195 2287 -1019 1
-1 196 16788 -1564 -223 -1106 138 1
-1 196 16788 -1564 -223 -1106 138 1
-1 740 16956 -1960 39 -66 -1066 1
-1 740 16956 -1960 39 -66 -1066 1
-1 80 16452 -2304 314 -753 -712 1
-1 80 16452 -2304 314 -753 -712 1
-1 92 16588 -1264 -96 -618 -810 1
-1 92 16588 -1264 -96 -618 -810 1
-1 -2528 17860 52 1635 -741 758 1
-1 -2528 17860 52 1635 -741 758 1
-1 892 15972 -1152 498 -653 1010 1
-1 892 15972 -1152 498 -653 1010 1
-1 628 16428 -972 562 -1229 1455 1
-1 628 16428 -972 562 -1229 1455 1
-1 -1432 17032 -2020 199 -718 1519 1
-1 -1432 17032 -2020 199 -718 1519 1
-1 368 16420 -1268 722 377 2705 1
-1 368 16420 -1268 722 377 2705 1
-1 -136 16700 -1516 426 958 854 1
-1 -136 16700 -1516 426 958 854 1
-1 -240 16904 -2020 125 -700 2132 1
-1 -240 16904 -2020 125 -700 2132 1
-1 1584 16576 -1920 205 -1003 3046 1
-1 1584 16576 -1920 205 -1003 3046 1
-1 400 16276 -1036 331 579 1897 1
-1 400 16276 -1036 331 579 1897 1
-1 1752 15960 -1604 418 447 1582 1
-1 1752 15960 -1604 418 447 1582 1
-1 1348 16732 -1800 309 1502 1396 1
-1 1348 16732 -1800 309 1502 1396 1
-1 3136 16164 -1680 188 -637 3163 1
-1 3136 16164 -1680 188 -637 3163 1
-1 2776 16564 -1460 210 -148 1734 1
-1 2776 16564 -1460 210 -148 1734 1
-1 1808 16768 -2052 221 454 976 1
-1 1808 16768 -2052 221 454 976 1
-1 1404 16408 -856 322 -388 3687 1
-1 1404 16408 -856 322 -388 3687 1
-1 3580 16128 -2600 -66 -2466 6374 1
-1 3580 16128 -2600 -66 -2466 6374 1
-1 4104 15944 -872 38 -1516 4516 1
-1 4104 15944 -872 38 -1516 4516 1
-1 4572 16128 -1824 -243 -1629 5073 1
-1 4572 16128 -1824 -243 -1629 5073 1
-1 8240 14240 -1384 -245 672 4179 1
-1 8240 14240 -1384 -245 672 4179 1
-1 8708 14204 -964 -106 -1825 4851 1
-1 8708 14204 -964 -106 -1825 4851 1
-1 8216 14572 -1540 414 1933 1311 1
-1 8216 14572 -1540 414 1933 1311 1
-1 9308 14276 -1088 122 79 2409 1
-1 9308 14276 -1088 122 79 2409 1
-1 9360 14120 -1044 356 875 1833 1
-1 9360 14120 -1044 356 875 1833 1
-1 9644 14228 -972 106 -1249 3419 1
-1 9644 14228 -972 106 -1249 3419 1
-1 10484 13712 -564 399 926 1928 1
-1 10484 13712 -564 399 926 1928 1
-1 9224 13852 -572 89 -856 3763 1
-1 9224 13852 -572 89 -856 3763 1
-1 10416 13640 -1360 157 103 2880 1
-1 10416 13640 -1360 157 103 2880 1
-1 10852 12832 -600 178 -13 3230 1
-1 10852 12832 -600 178 -13 3230 1
-1 10740 13088 -912 424 498 2270 1
-1 10740 13088 -912 424 498 2270 1
-1 10772 13040 -1500 226 -127 2604 1
-1 10772 13040 -1500 226 -127 2604 1
-1 11456 12676 -816 279 405 2798 1
-1 11456 12676 -816 279 405 2798 1
-1 10888 12156 12 83 182 3079 1
-1 10888 12156 12 83 182 3079 1
-1 11884 12144 -936 -50 -1069 4462 1
-1 11884 12144 -936 -50 -1069 4462 1
-1 12416 11604 -1620 -81 -1091 3819 1
-1 12416 11604 -1620 -81 -1091 3819 1
-1 12968 11444 -796 -215 -1166 5565 1
-1 12968 11444 -796 -215 -1166 5565 1
-1 13188 11180 -924 30 472 5283 1
-1 13188 11180 -924 30 472 5283 1
-1 12940 10860 -1440 -7 -72 5392 1
-1 12940 10860 -1440 -7 -72 5392 1
-1 12812 10552 -896 -165 -829 5198 1
-1 12812 10552 -896 -165 -829 5198 1
-1 14844 9256 -264 -86 -1296 4489 1
-1 14844 9256 -264 -86 -1296 4489 1
-1 13404 9164 -276 230 -219 3317 1
-1 13404 9164 -276 230 -219 3317 1
-1 13952 8872 -952 167 112 3358 1
-1 13952 8872 -952 167 112 3358 1
-1 15092 8920 -1484 293 481 2744 1
-1 15092 8920 -1484 293 481 2744 1
-1 15028 8996 -512 484 1160 1683 1
-1 15028 8996 -512 484 1160 1683 1
-1 13156 8752 -688 518 1547 933 1
-1 13156 8752 -688 518 1547 933 1
-1 14348 7800 -356 148 93 4459 1
-1 14348 7800 -356 148 93 4459 1
-1 15008 7528 -316 127 1021 3158 1
-1 15008 7528 -316 127 1021 3158 1
-1 15884 7156 -692 335 52 3655 1
-1 15884 7156 -692 335 52 3655 1
-1 16236 6580 152 444 1276 2087 1
-1 16236 6580 152 444 1276 2087 1
-1 16192 6596 48 364 -80 2841 1
-1 16192 6596 48 364 -80 2841 1
-1 15836 6788 108 200 -196 1827 1
-1 15836 6788 108 200 -196 1827 1
-1 16376 6500 -200 199 705 1692 1
-1 16376 6500 -200 199 705 1692 1
-1 15220 6336 -464 353 665 2169 1
-1 15220 6336 -464 353 665 2169 1
-1 16528 5720 232 202 472 3533 1
-1 16528 5720 232 202 472 3533 1
-1 16072 5568 124 258 1878 2565 1
-1 16072 5568 124 258 1878 2565 1
-1 15276 5064 -268 -318 329 4695 1
-1 15276 5064 -268 -318 329 4695 1
-1 16672 4476 280 -328 345 4749 1
-1 16672 4476 280 -328 345 4749 1
-1 15268 4660 -452 -261 325 4175 1
-1 15268 4660 -452 -261 325 4175 1
-1 16300 3532 164 -659 -417 6242 1
-1 16300 3532 164 -659 -417 6242 1
-1 16788 2972 440 -690 -148 6078 1
-1 16788 2972 440 -690 -148 6078 1
-1 17432 2044 -184 -652 0 5051 1
-1 17432 2044 -184 -652 0 5051 1
-1 16800 1352 116 -530 663 3485 1
-1 16800 1352 116 -530 663 3485 1
-1 15688 928 -32 -759 -1601 5820 1
-1 15688 928 -32 -759 -1601 5820 1
-1 17552 -328 604 -837 -999 7878 1
-1 17552 -328 604 -837 -999 7878 1
-1 18440 -780 -232 31 1874 3733 1
-1 18440 -780 -232 31 1874 3733 1
-1 17040 -924 -84 -249 996 4294 1
-1 17040 -924 -84 -249 996 4294 1
-1 16672 -1512 492 -28 1536 2754 1
-1 16672 -1512 492 -28 1536 2754 1
-1 17092 -2044 584 267 1034 1438 1
-1 17092 -2044 584 267 1034 1438 1
-1 16764 -1728 600 479 443 -169 1
-1 16764 -1728 600 479 443 -169 1
-1 17320 -1956 576 743 -31 -1272 1
-1 17320 -1956 576 743 -31 -1272 1
-1 16544 -1652 316 835 18 -1861 1
-1 16544 -1652 316 835 18 -1861 1
-1 16164 -2012 524 700 214 -1520 1
-1 16164 -2012 524 700 214 -1520 1
-1 16560 -980 344 799 144 -1267 1
-1 16560 -980 344 799 144 -1267 1
-1 17288 -1408 340 723 62 -534 1
-1 17288 -1408 340 723 62 -534 1
-1 17472 -908 492 793 -300 -528 1
-1 17472 -908 492 793 -300 -528 1
-1 17140 -1172 656 778 415 -672 1
-1 17140 -1172 656 778 415 -672 1
-1 16616 -1856 660 310 392 -980 1
-1 16616 -1856 660 310 392 -980 1
-1 16588 -832 372 743 814 -811 1
-1 16588 -832 372 743 814 -811 1
-1 17436 -452 1180 354 1706 -198 1
-1 17436 -452 1180 354 1706 -198 1
-1 16904 -640 780 -232 -2101 3919 1
-1 16904 -640 780 -232 -2101 3919 1
-1 16864 -1204 884 -283 -861 2703 1
-1 16864 -1204 884 -283 -861 2703 1
-1 17472 -1712 1288 -57 -134 1660 1
-1 17472 -1712 1288 -57 -134 1660 1
-1 16644 -2012 1032 63 -823 1128 1
