-1 2424 16192 -4936 0 179 -271 1
-1 624 16676 -5168 -808 -358 -168 1
-1 624 16676 -5168 -808 -358 -168 1
-1 1148 16664 -5292 -679 103 -686 1
-1 1148 16664 -5292 -679 103 -686 1
-1 992 16616 -5188 -507 -414 575 1
-1 992 16616 -5188 -507 -414 575 1
-1 1572 16088 -4608 430 -225 1334 1
-1 1572 16088 -4608 430 -225 1334 1
-1 2044 16120 -4508 414 149 1651 1
-1 2044 16120 -4508 414 149 1651 1
-1 2216 16328 -4164 553 -69 1461 1
-1 2216 16328 -4164 553 -69 1461 1
-1 1096 15968 -4784 567 -90 1199 1
-1 1096 15968 -4784 567 -90 1199 1
-1 1148 16108 -4144 311 425 17 1
-1 1148 16108 -4144 311 425 17 1
-1 2880 16248 -4264 711 -15 893 1
-1 2880 16248 -4264 711 -15 893 1
-1 3152 16436 -5800 112 159 1208 1
-1 3152 16436 -5800 112 159 1208 1
-1 688 16104 -4084 348 -91 1166 1
-1 688 16104 -4084 348 -91 1166 1
-1 2640 16120 -4872 69 250 641 1
-1 2640 16120 -4872 69 250 641 1
-1 2424 16540 -3688 549 44 1047 1
-1 2424 16540 -3688 549 44 1047 1
-1 2744 16184 -4000 713 193 799 1
-1 2744 16184 -4000 713 193 799 1
-1 2204 15780 -5732 1145 176 1190 1
-1 2204 15780 -5732 1145 176 1190 1
-1 2252 16716 -5236 605 113 301 1
-1 2252 16716 -5236 605 113 301 1
-1 3320 16056 -6040 704 269 1113 1
-1 3320 16056 -6040 704 269 1113 1
-1 2116 16248 -5672 -28 156 1565 1
-1 2116 16248 -5672 -28 156 1565 1
-1 3664 15344 -5256 162 337 2040 1
-1 3664 15344 -5256 162 337 2040 1
-1 2568 15832 -4944 317 518 2286 1
-1 2568 15832 -4944 317 518 2286 1
-1 4312 15780 -6004 295 246 1432 1
-1 4312 15780 -6004 295 246 1432 1
-1 4484 16048 -4560 548 239 2054 1
-1 4484 16048 -4560 548 239 2054 1
-1 3408 16252 -5216 379 260 3486 1
-1 3408 16252 -5216 379 260 3486 1
-1 5200 15980 -4356 511 620 2648 1
-1 5200 15980 -4356 511 620 2648 1
-1 3960 15824 -5100 -132 387 3329 1
-1 3960 15824 -5100 -132 387 3329 1
-1 6712 15516 -4968 -273 418 3009 1
-1 6712 15516 -4968 -273 418 3009 1
-1 6152 15536 -4844 -101 154 2714 1
-1 6152 15536 -4844 -101 154 2714 1
-1 3520 16384 -5472 -303 390 3652 1
-1 3520 16384 -5472 -303 390 3652 1
-1 6976 15084 -4292 -182 572 4959 1
-1 6976 15084 -4292 -182 572 4959 1
-1 7960 14788 -4636 -175 557 4849 1
-1 7960 14788 -4636 -175 557 4849 1
-1 8172 14572 -4108 424 285 4880 1
-1 8172 14572 -4108 424 285 4880 1
-1 7236 14832 -3896 -86 373 4087 1
-1 7236 14832 -3896 -86 373 4087 1
-1 8932 14224 -3656 329 577 3312 1
-1 8932 14224 -3656 329 577 3312 1
-1 9396 14232 -5792 -401 457 3491 1
-1 9396 14232 -5792 -401 457 3491 1
-1 8212 14148 -3028 -39 157 4504 1
-1 8212 14148 -3028 -39 157 4504 1
-1 8528 13308 -3552 715 434 5132 1
-1 8528 13308 -3552 715 434 5132 1
-1 9608 13472 -3460 180 459 5177 1
-1 9608 13472 -3460 180 459 5177 1
-1 11392 13580 -4784 520 445 3601 1
-1 11392 13580 -4784 520 445 3601 1
-1 11016 12620 -3336 3 296 3655 1
-1 11016 12620 -3336 3 296 3655 1
-1 11228 11996 -4256 820 547 3960 1
-1 11228 11996 -4256 820 547 3960 1
-1 11840 12396 -3812 561 464 3364 1
-1 11840 12396 -3812 561 464 3364 1
-1 12488 11564 -3860 436 441 3349 1
-1 12488 11564 -3860 436 441 3349 1
-1 11992 12448 -4012 442 587 4097 1
-1 11992 12448 -4012 442 587 4097 1
-1 13824 11572 -2852 204 344 4063 1
-1 13824 11572 -2852 204 344 4063 1
-1 11212 10944 -2436 1079 614 3790 1
-1 11212 10944 -2436 1079 614 3790 1
-1 13064 9892 -3268 1128 761 4340 1
-1 13064 9892 -3268 1128 761 4340 1
-1 13960 10500 -3992 1151 1020 3770 1
-1 13960 10500 -3992 1151 1020 3770 1
-1 17152 9612 -3656 2002 738 2106 1
-1 17152 9612 -3656 2002 738 2106 1
-1 13640 9904 -3852 -628 106 381 1
-1 13640 9904 -3852 -628 106 381 1
-1 12308 10084 -4348 1339 465 2809 1
-1 12308 10084 -4348 1339 465 2809 1
-1 14188 9964 -3632 742 456 2931 1
-1 14188 9964 -3632 742 456 2931 1
-1 13928 9608 -4608 90 315 3741 1
-1 13928 9608 -4608 90 315 3741 1
-1 14308 9208 -2172 706 407 4094 1
-1 14308 9208 -2172 706 407 4094 1
-1 17160 7332 -3452 685 528 3061 1
-1 17160 7332 -3452 685 528 3061 1
-1 15232 8292 -4004 602 285 2564 1
-1 15232 8292 -4004 602 285 2564 1
-1 15048 7668 -4240 1151 250 2155 1
-1 15048 7668 -4240 1151 250 2155 1
-1 14404 7308 -3956 530 491 1672 1
-1 14404 7308 -3956 530 491 1672 1
-1 13876 7504 -3524 -60 578 2556 1
-1 13876 7504 -3524 -60 578 2556 1
-1 14924 6568 -2948 702 638 3490 1
-1 14924 6568 -2948 702 638 3490 1
-1 15500 6500 -3748 -214 723 4040 1
-1 15500 6500 -3748 -214 723 4040 1
-1 14784 6256 -3012 -251 489 4069 1
-1 14784 6256 -3012 -251 489 4069 1
-1 15408 5836 -2836 296 502 4255 1
-1 15408 5836 -2836 296 502 4255 1
-1 16212 5240 -3484 340 396 3409 1
-1 16212 5240 -3484 340 396 3409 1
-1 16552 4792 -3840 330 568 3232 1
-1 16552 4792 -3840 330 568 3232 1
-1 16540 4296 -3380 456 580 3653 1
-1 16540 4296 -3380 456 580 3653 1
-1 15788 4200 -3084 368 422 3574 1
-1 15788 4200 -3084 368 422 3574 1
-1 16772 3648 -3316 597 572 3417 1
-1 16772 3648 -3316 597 572 3417 1
-1 16316 2984 -3140 478 518 2742 1
-1 16316 2984 -3140 478 518 2742 1
-1 16404 3048 -2220 670 262 1949 1
-1 16404 3048 -2220 670 262 1949 1
-1 16776 2328 -3120 452 462 2699 1
-1 16776 2328 -3120 452 462 2699 1
-1 18044 2108 -2532 494 466 2543 1
-1 18044 2108 -2532 494 466 2543 1
-1 17476 2228 -3504 308 612 2574 1
-1 17476 2228 -3504 308 612 2574 1
-1 16572 2440 -1840 162 244 3118 1
-1 16572 2440 -1840 162 244 3118 1
-1 17556 1420 -2372 369 420 3366 1
-1 17556 1420 -2372 369 420 3366 1
-1 17572 1440 -1888 310 341 2837 1
-1 17572 1440 -1888 310 341 2837 1
-1 16920 308 -2000 489 272 2517 1
-1 16920 308 -2000 489 272 2517 1
-1 17392 480 -2816 407 347 2034 1
-1 17392 480 -2816 407 347 2034 1
-1 16840 396 -2608 401 247 1860 1
-1 16840 396 -2608 401 247 1860 1
-1 17912 -360 -2548 521 425 1677 1
-1 17912 -360 -2548 521 425 1677 1
-1 18328 536 -2136 -354 310 678 1
-1 18328 536 -2136 -354 310 678 1
-1 17236 96 -2200 -160 209 857 1
-1 17236 96 -2200 -160 209 857 1
-1 16880 -444 -1908 290 324 872 1
-1 16880 -444 -1908 290 324 872 1
-1 15612 -684 -1748 276 5 1292 1
-1 15612 -684 -1748 276 5 1292 1
-1 17616 -896 -2984 412 273 1823 1
-1 17616 -896 -2984 412 273 1823 1
-1 17612 -448 -2512 521 24 740 1
-1 17612 -448 -2512 521 24 740 1
-1 18336 -900 -1516 1080 -277 151 1
-1 18336 -900 -1516 1080 -277 151 1
-1 17960 -628 -2240 976 -295 -755 1
-1 17960 -628 -2240 976 -295 -755 1
-1 17064 -1356 -2532 420 -120 -64 1
-1 17064 -1356 -2532 420 -120 -64 1
-1 16440 -2192 -2708 263 -66 110 1
-1 16440 -2192 -2708 263 -66 110 1
-1 17008 -1580 -2772 134 -270 -119 1
-1 17008 -1580 -2772 134 -270 -119 1
-1 17380 -796 -2188 -144 -313 -1523 1
-1 17380 -796 -2188 -144 -313 -1523 1
