9.719925 -2.240448 0.583206
9.646133 -1.812668 0.812607
9.439636 -1.614929 0.893631
9.527695 -1.681915 0.807907
9.560059 -1.828949 0.709641
9.477814 -1.843811 0.593246
9.597015 -1.652939 0.679367
9.662506 -1.552277 0.654022
9.640442 -1.650696 0.691895
9.682159 -1.588333 0.651840
9.735794 -1.515640 0.591629
9.684967 -1.544205 0.710861
9.650070 -1.471115 0.765671
9.659637 -1.475769 0.708298
9.727051 -1.623856 0.621857
9.700607 -1.719208 0.604919
9.636307 -1.552017 0.770279
9.635040 -1.615021 0.753159
9.650970 -1.670700 0.769257
9.639542 -1.693573 0.768250
9.575470 -1.752991 0.780807
9.626923 -1.740326 0.829483
9.737106 -1.769302 0.843094
9.648071 -1.671204 0.842484
9.602005 -1.818680 0.709671
9.678391 -1.773560 0.605774
9.710373 -1.696167 0.633850
9.595444 -1.639023 0.674500
9.627853 -1.611740 0.673798
9.666519 -1.558960 0.666534
9.704300 -1.651611 0.646637
9.651001 -1.588882 0.744049
9.638458 -1.599197 0.775131
9.676987 -1.681107 0.771042
9.712265 -1.824722 0.684891
9.670517 -1.785171 0.802597
9.592072 -1.706329 0.851395
9.589066 -1.784531 0.898560
9.576813 -1.761749 0.926651
9.597092 -1.778656 0.925049
9.561600 -1.821670 1.010025
9.608902 -1.884552 1.037094
9.660507 -1.933762 1.111618
9.587570 -1.943451 1.307434
9.659302 -2.028290 1.734940
9.729965 -1.763763 2.302765
9.819473 -2.011505 2.611542
9.971252 -3.061310 2.565491
9.982834 -3.811142 3.771988
9.863541 -3.221893 5.244400
10.346848 -2.132660 6.111084
10.970413 -2.830841 6.712601
11.462357 -4.792160 8.256775
11.699219 -5.097275 10.215530
12.851349 -3.416626 11.742462
14.167709 -3.458695 12.863647
14.898819 -5.634155 13.478668
16.306702 -5.628845 13.173477
18.717453 -4.104980 13.492355
19.392487 -3.998856 13.995224
19.392487 -4.243652 13.212463
19.392487 -4.491028 11.679886
19.392487 -4.830994 10.229523
19.392487 -4.648453 9.341507
19.391617 -4.185730 8.402084
18.972244 -4.058136 6.821182
17.786804 -4.246872 4.856934
15.512451 -3.611343 3.968979
13.277954 -2.598129 2.831436
11.196548 -2.025223 1.031311
9.049377 -1.590576 0.222702
6.867371 -0.451981 -0.428040
4.305206 -0.008896 -0.941650
2.159256 -0.163391 -1.001724
0.976990 -0.031647 -0.798981
-0.508972 1.215179 -0.344833
-2.595108 1.893051 -0.058426
-3.525574 1.310989 0.462555
-3.608292 1.170959 1.288910
-4.835968 2.025787 1.669449
-5.603912 2.427902 1.761826
-5.264236 1.881821 2.084274
-5.723236 1.486679 2.668060
-6.297714 1.277756 3.002716
-6.137466 0.787598 3.313141
-6.450088 0.863693 4.098846
-7.067886 1.421295 5.021408
-6.788269 1.348267 5.525848
-6.472488 0.966202 5.701950
-6.549652 0.656296 6.100449
-6.594223 0.494690 6.172440
-6.722290 0.323135 6.216675
-6.647400 0.039261 6.562119
-6.590134 0.040085 6.766419
-6.528030 0.300812 6.627457
-6.449905 0.266846 6.620468
-6.543732 0.217712 7.009110
-6.684799 0.366165 7.164383
