9.605804 -1.390243 1.148804
9.634384 -1.551163 1.273804
9.629746 -1.591339 1.182694
9.656570 -1.689133 1.120483
9.711578 -1.719986 1.141266
9.695068 -1.825851 1.125549
9.650970 -1.959900 0.941345
9.661591 -1.996704 0.863739
9.531677 -1.912201 0.934860
9.435547 -1.888992 0.944168
9.545074 -1.748871 0.966217
9.552597 -1.775650 0.920471
9.468475 -1.949783 0.904434
9.589645 -1.790115 0.945633
9.602020 -1.744705 0.995758
9.542999 -1.820114 1.000702
9.602753 -1.792343 1.046127
9.618271 -1.864197 1.116150
9.680801 -1.832138 1.170258
9.606476 -1.875763 1.121612
9.574616 -1.957871 1.126877
9.570267 -1.873337 1.078903
9.484055 -1.987320 1.151062
9.525742 -1.859146 1.254272
9.506668 -1.889236 1.174027
9.534485 -2.026993 1.145050
9.524094 -2.028625 1.219894
9.502243 -1.970490 1.403458
9.506714 -2.089813 1.503052
9.523361 -2.226929 1.671783
9.491196 -2.315033 1.835770
9.430237 -2.517364 1.832733
9.465408 -2.827835 1.725143
9.651489 -2.916260 2.115829
9.867950 -2.078583 3.046738
10.040405 -1.685226 3.602051
10.223679 -1.856690 4.047165
10.286835 -2.518494 4.124969
10.079971 -3.137100 4.343811
9.985336 -2.930145 5.003021
10.734894 -2.966934 5.431717
11.237640 -3.282516 5.952789
10.694122 -3.606796 7.349197
10.933273 -3.048889 7.936050
12.369995 -2.543228 7.981247
13.183319 -3.096741 8.883560
12.937943 -3.181885 9.553009
13.817596 -3.227524 9.371399
14.779724 -3.492371 8.865067
14.796646 -3.718918 9.083954
14.282410 -3.808533 9.471481
14.275360 -3.517181 9.478851
13.760468 -3.200928 9.446548
13.158966 -3.612930 9.361389
12.773438 -3.574554 9.284134
12.094193 -3.231781 9.197983
11.641678 -3.383133 8.815903
10.935471 -3.297943 8.756943
10.223968 -2.840500 8.329559
9.099594 -2.324219 7.953049
7.958496 -2.276352 7.495819
7.084915 -2.315536 6.869003
6.192856 -1.657394 6.172943
5.113968 -1.141098 5.741745
4.068787 -1.360718 5.214844
3.126266 -1.500305 4.428192
2.378159 -1.480438 3.778763
1.280930 -1.239502 3.306854
-0.082779 0.010712 2.741074
-1.498978 0.900146 2.958588
-2.761856 0.572479 3.622070
-2.850388 0.084610 3.833679
-3.302872 1.051315 3.754608
-4.537933 1.369110 3.584839
-4.785355 0.810349 3.485519
-4.264145 0.684662 3.595322
-5.031616 1.267242 3.708969
-6.021347 1.341522 3.540604
-5.775055 0.879669 3.909943
-5.796021 1.208038 4.350876
-6.383957 1.568375 4.646790
-6.078842 1.213821 4.953445
-6.082428 1.314560 5.364197
-6.598038 1.123322 5.464066
-6.456253 0.399063 5.357132
-6.171097 0.474701 5.888519
-6.659042 0.680405 6.207001
-6.734573 0.418869 6.413544
-6.243027 0.471832 6.768692
-6.324417 0.524200 6.889572
-6.577560 0.188446 7.037827
-6.530075 0.140198 7.276459
-6.479919 0.543488 7.467087
-6.593994 0.391663 7.316971
-6.435196 -0.062469 7.343506
-6.183685 0.290695 7.478455
-6.358170 0.526993 7.334763
-6.631683 0.119873 7.396301
