9.705551 -0.994705 0.986481
9.678925 -0.780319 1.093063
9.698746 -0.686523 1.102158
9.652847 -0.964325 1.000366
9.641769 -1.157288 0.961380
9.635010 -1.194458 0.817810
9.662155 -1.338867 0.742966
9.730118 -1.323578 0.886139
9.779068 -1.274567 0.946747
9.820129 -1.201355 1.050888
9.719894 -1.245972 1.051712
9.778626 -1.388733 1.189224
9.785355 -1.243057 1.212402
9.709457 -0.924728 1.247009
9.580154 -0.937195 1.082138
9.632156 -1.125900 1.051834
9.763779 -1.553101 1.095520
9.688492 -1.526596 1.159256
9.527313 -1.122131 1.181915
9.613174 -1.290833 1.187408
9.708710 -1.454666 1.163422
9.534775 -1.171875 1.144791
9.478256 -1.047775 1.024445
9.590042 -1.086609 1.056030
9.576447 -1.125885 1.035980
9.667480 -1.194260 0.909058
9.759216 -1.222504 0.656662
9.758911 -1.020187 0.930847
9.668961 -0.767853 1.165237
9.638763 -0.949295 1.160416
9.630936 -1.087295 1.131378
9.623261 -1.253876 1.107147
9.565994 -1.414673 1.069855
9.742233 -1.388336 1.599854
9.806763 -0.927460 2.339569
9.917206 -0.229492 3.245361
9.946426 -0.238815 3.299240
10.270294 -1.521851 3.413147
10.711410 -1.767532 4.806870
10.421921 -0.226807 6.472870
10.477081 1.262115 7.144943
11.374725 0.235550 7.872025
11.712814 -1.303818 8.170563
11.617935 -1.511246 7.881927
12.087219 -1.108612 7.762085
12.667114 -1.392578 8.402084
12.334793 -1.577072 8.742660
12.656784 -2.103287 8.061432
13.468414 -2.675949 7.440811
13.289871 -2.939911 7.298553
12.518906 -2.799286 7.569138
12.162308 -2.757660 7.508179
12.285797 -3.138916 7.042755
11.922745 -2.916275 7.340027
11.092575 -2.471176 7.410248
10.487747 -2.653519 6.972199
9.996246 -2.714859 7.451797
9.070450 -2.455231 8.200012
8.305557 -2.135788 8.202789
8.000229 -1.744965 8.246368
7.260986 -1.450897 8.929367
6.643722 -1.326767 8.776688
6.443924 -1.040970 8.413696
5.743607 -0.739120 8.641907
4.707657 -0.820953 8.394257
4.183258 -1.021164 7.641617
3.990204 -1.071304 7.526886
3.133865 -1.129868 7.833023
2.176224 -1.026627 7.519363
1.698715 -0.578064 7.147186
1.269867 -0.317505 6.831207
0.238525 -0.453247 6.374390
-0.397003 -0.720673 6.436890
-0.785141 -0.150589 6.387299
-1.578110 0.920166 5.852860
-2.608414 0.969833 5.728729
-2.699005 0.794113 5.653091
-3.099625 1.564758 5.446243
-4.176819 1.953537 5.183029
-4.110046 0.815247 4.952896
-3.860428 0.442795 4.829010
-4.686783 1.404923 4.653580
-4.812515 1.070328 5.122909
-5.014847 1.150497 5.284943
-5.555069 1.432587 4.826279
-5.723968 0.908768 4.961380
-5.712830 0.730225 5.828293
-6.134628 1.109421 6.017990
-6.087143 0.739853 5.407181
-5.980133 0.654526 5.897156
-6.309586 0.753784 6.074692
-6.314896 0.479721 6.046356
-6.181213 0.482040 6.243988
-6.300796 0.775528 6.204117
-6.341034 0.540939 6.395309
-6.565262 0.394318 6.867401
-6.623886 0.598022 6.795456
-6.414856 0.266266 6.808746
