9.633392 -1.133499 0.889923
9.684448 -1.037826 0.913452
9.714050 -1.045898 0.971481
9.776398 -1.058014 1.030792
9.737335 -1.125442 0.929977
9.769714 -1.279923 0.896027
9.709366 -1.269409 0.856827
9.642929 -1.233551 0.819672
9.581421 -1.216690 0.895111
9.569534 -1.301559 0.838120
9.457977 -1.323471 1.115295
9.540649 -1.230972 1.149933
9.638870 -1.397873 1.181595
9.701019 -1.457855 1.124054
9.623688 -1.436081 0.981018
9.697342 -1.306000 1.054520
9.713150 -1.164398 1.038590
9.606583 -1.245071 1.047806
9.577377 -1.223648 1.005173
9.572113 -1.122788 1.077454
9.631927 -1.252518 1.105286
9.719284 -1.372635 1.085465
9.622162 -1.336105 1.151321
9.654419 -1.311691 1.103912
9.769577 -1.248322 1.111603
9.688553 -1.310135 1.121963
9.654800 -1.260574 1.170685
9.626938 -1.182754 1.166122
9.607147 -1.263275 1.169449
9.620956 -1.364487 1.184128
9.588089 -1.481110 1.080597
9.660568 -1.385208 1.069153
9.642151 -1.331757 1.109528
9.571793 -1.375595 1.174851
9.505295 -1.192459 1.186340
9.604599 -1.132706 1.377808
9.647720 -1.217651 1.471008
9.552322 -1.466003 1.537292
9.632904 -1.645462 1.884064
9.733917 -1.599854 2.764221
9.141342 -1.348648 3.640655
9.239273 -1.928299 4.112183
10.129761 -3.460007 5.381592
10.275925 -3.817398 8.516495
10.857193 -4.437149 10.967041
13.150009 -6.802124 13.344666
14.199783 -6.795593 18.531204
14.623703 -3.483948 19.670639
19.269104 -5.412125 19.670639
19.392487 -9.012512 19.670639
19.392487 -7.136520 19.670639
19.392487 -5.076675 19.302979
19.392487 -6.642258 14.065262
19.392487 -7.485794 8.042831
19.392487 -6.215851 4.576248
19.392487 -5.303864 1.693878
19.392487 -4.312393 -2.308121
19.376785 -2.344223 -4.205460
16.741608 0.050415 -6.164627
12.642197 1.023376 -6.906952
7.921646 0.827774 -6.514969
5.392105 1.160950 -6.313782
4.190872 2.035416 -5.840744
3.304962 1.991440 -5.629730
2.061569 2.436920 -5.746582
-1.687408 2.695450 -4.902878
-4.840347 1.292419 -2.646057
-4.636505 1.707077 -0.767075
-4.768936 3.859970 1.982025
-7.528519 2.724564 3.482834
-6.974564 0.337006 3.794769
-4.725769 0.994049 4.531570
-5.200333 1.817108 4.809403
-4.939575 0.924164 5.172318
-5.517014 0.884674 5.942734
-6.470947 1.605698 6.256653
-7.067322 0.738358 6.457687
-6.414291 1.149292 7.614181
-6.923233 1.921509 8.224411
-6.977493 0.625931 7.657562
-5.983566 0.486862 7.363464
-6.444168 0.846573 7.379715
-6.796921 0.132080 7.175324
-5.953720 -0.084183 7.252121
-6.010330 0.345352 7.606873
-6.228210 0.057571 7.463379
-6.097671 -0.072266 7.419373
-6.122818 0.116074 7.502243
-6.469894 -0.251068 7.345825
-6.295380 -0.113480 7.101974
-6.381699 0.512024 7.294678
-6.730377 0.466583 7.326233
-6.377106 0.487762 6.982758
-6.235641 0.750244 6.854126
-6.654510 0.809631 7.207855
-6.507950 0.862305 7.224320
-6.303955 0.789948 7.147385
-6.431274 0.656891 7.214951
