9.543915 -1.868424 1.127274
9.523071 -1.825699 1.099518
9.543213 -1.754440 1.108231
9.519989 -1.478775 1.287476
9.471374 -1.564621 1.291077
9.499786 -1.684235 1.245514
9.594269 -1.814682 1.196945
9.569946 -1.936859 1.258774
9.521027 -1.946579 1.433945
9.502533 -1.933350 1.389191
9.586716 -2.041794 1.341354
9.459320 -2.261826 1.307434
9.395065 -2.288132 1.442001
9.493713 -2.116303 1.453217
9.517227 -2.206787 1.411056
9.495621 -2.280701 1.448578
9.449905 -2.213440 1.386017
9.544952 -2.124802 1.330261
9.609268 -2.124176 1.304871
9.541702 -1.955307 1.356415
9.470688 -1.873688 1.334610
9.473999 -1.923477 1.372620
9.512451 -2.046768 1.402359
9.530060 -2.197372 1.459290
9.469269 -2.201584 1.445190
9.499283 -2.274857 1.346069
9.517731 -2.285461 1.439362
9.446060 -2.226974 1.401306
9.496597 -2.159821 1.409332
9.447586 -2.104675 1.378006
9.474213 -2.124298 1.537842
9.480606 -2.022705 1.651184
9.413040 -2.104919 1.719345
9.336700 -2.226257 1.936020
9.606689 -2.210968 2.228317
9.765488 -2.211533 2.530823
9.604721 -2.321137 2.809219
9.653778 -2.729691 3.220261
10.100235 -2.780396 4.736328
9.903976 -2.349533 6.181671
10.277023 -1.660202 6.861221
11.563232 -2.449493 7.069778
11.600601 -3.627960 8.444595
11.215637 -3.284180 9.896439
12.154068 -2.449280 10.150513
13.359711 -4.607575 9.448334
13.420197 -7.291351 9.608917
13.428177 -6.588196 10.580612
15.534332 -5.185547 11.536972
17.602310 -5.098129 11.249237
17.667114 -5.903183 11.324631
17.132019 -6.138245 11.091660
18.242737 -5.597275 10.691498
18.265396 -4.661514 10.018997
17.410050 -4.724503 9.325714
16.788391 -4.822189 8.795303
15.713089 -4.382965 7.886002
14.042877 -3.949188 6.241928
12.912704 -3.835983 4.770340
11.214920 -3.025085 4.684601
9.062408 -2.314774 3.393860
7.591278 -1.743469 1.760620
6.229996 -1.511810 1.599014
4.441315 -0.819611 1.101975
2.393433 0.177673 0.263657
0.532608 0.446594 0.701874
-0.467239 1.003281 1.047974
-2.058594 1.482223 0.696259
-3.409164 1.384232 1.511795
-3.552963 1.420166 1.995743
-4.136978 2.070587 2.023834
-4.846939 1.878708 2.203354
-4.962463 0.970871 2.549347
-4.723526 1.176895 3.255447
-5.642410 2.030167 3.827988
-6.351135 1.416367 4.048431
-5.838913 1.058945 4.388504
-6.174469 0.931259 4.983704
-7.020859 0.487961 5.501846
-6.570602 0.427704 5.854492
-6.065491 0.708023 6.052261
-6.467041 0.460876 5.681259
-6.419815 -0.069809 5.764160
-6.349808 0.258469 6.477875
-6.674957 0.722107 6.739487
-6.571472 0.249557 6.876846
-6.431030 0.178314 7.229614
-6.530167 0.406830 7.243866
-6.442261 0.145126 6.993561
-6.191940 0.149124 7.096268
-6.391663 0.400604 7.175217
-6.496139 0.108780 7.185760
-6.227570 0.155518 7.565216
-6.430588 0.886719 7.770233
-6.660736 0.675323 7.583603
-6.480713 0.336044 7.356552
-6.467026 0.608734 7.121918
-6.696472 0.494675 7.016540
