9.690063 -1.871079 0.918106
9.586319 -1.758179 0.892609
9.585953 -1.546433 0.913956
9.427933 -1.107559 1.029678
9.446365 -0.943710 1.005951
9.624542 -1.037415 0.945801
9.632629 -1.076950 0.936554
9.635040 -1.053574 0.980087
9.836609 -0.886398 1.042603
9.811081 -1.065888 1.029038
9.694580 -1.428986 0.928009
9.644531 -1.488907 0.802979
9.625030 -1.396622 0.796722
9.691055 -1.274216 0.978043
9.688522 -1.169495 0.981018
9.685074 -1.286392 0.932068
9.679932 -1.162018 1.036026
9.647842 -0.942093 1.018295
9.694458 -0.987579 0.946198
9.732529 -1.040863 0.853043
9.759796 -1.004028 0.865234
9.768768 -0.919586 0.870743
9.675125 -1.065948 0.867722
9.676987 -1.185318 0.824722
9.632828 -1.111252 0.827835
9.542618 -1.123199 0.931366
9.669098 -1.188431 0.853241
9.652069 -1.256958 0.856735
9.638748 -1.098373 0.998886
9.585541 -1.100708 1.082962
9.708649 -1.249390 1.024017
9.737381 -1.516128 0.948578
9.709244 -1.518845 0.840408
9.674194 -1.138504 0.915512
9.663162 -1.158707 1.010712
9.620041 -1.416534 1.011856
9.554413 -1.365219 1.089127
9.552368 -1.283951 1.184570
9.509018 -1.336182 1.319855
9.573441 -1.499298 1.750702
9.740402 -1.912216 2.352173
9.876602 -1.901993 3.082535
9.939774 -1.936997 3.647293
9.992401 -2.544220 3.983185
10.246979 -3.136612 4.498230
10.228851 -3.052002 5.839874
10.229340 -2.654327 6.949371
10.970795 -2.774460 7.617722
11.508942 -3.395584 9.047089
11.566391 -3.190277 10.766754
12.957764 -3.214752 11.139496
13.949265 -3.608887 11.009323
14.989197 -3.489212 12.106613
16.421967 -2.828247 12.889603
17.844300 -3.108307 12.432785
18.479340 -3.154541 12.383133
18.386047 -2.524262 11.949600
18.835754 -2.319229 11.194870
19.392487 -2.334579 10.548462
19.300278 -2.136795 9.953980
18.118500 -1.718704 9.225647
17.360413 -2.105713 7.842072
16.091050 -2.397644 6.463440
14.299530 -1.645355 5.729523
12.223190 -1.434845 4.335449
10.897217 -1.629440 3.333847
9.063217 -0.734558 2.821732
6.956665 -0.100449 1.828735
5.320526 -0.074661 1.133514
3.945328 -0.088562 1.420792
1.887161 0.596024 0.933029
-0.064041 0.981018 0.512573
-0.811340 0.710739 0.706619
-1.583649 0.677856 1.094253
-2.796875 0.856491 1.381180
-3.951706 0.783859 1.271729
-5.050201 0.870956 2.079819
-4.552322 1.155685 2.403564
-4.811768 0.884918 2.445007
-5.861710 0.687103 2.815781
-5.886597 0.719742 3.277405
-5.816330 0.775650 4.004196
-6.057022 0.660706 3.895752
-6.239334 1.057220 4.429352
-6.543808 1.209503 4.985565
-7.492371 0.814209 4.916855
-6.694717 0.987762 5.435013
-6.250687 1.154312 6.056793
-6.448395 0.871384 6.467789
-6.538940 0.765564 6.642975
-6.817230 1.138885 7.126984
-6.791702 0.802155 7.120514
-6.051910 0.446106 6.792084
-6.210236 0.773834 7.217407
-6.635895 0.874954 7.542938
-6.181519 1.007782 7.281906
-6.813644 0.643143 7.125961
-7.303223 0.485580 7.541702
