9.494583 -1.102142 0.977890
9.611755 -1.106674 0.993088
9.698578 -1.291931 0.819901
9.739685 -1.231003 0.794510
9.730576 -1.237259 0.915863
9.702164 -1.206848 0.945374
9.758240 -1.135757 0.932663
9.723206 -1.210449 0.898422
9.511414 -1.309601 0.917419
9.473129 -1.094635 0.875961
9.605515 -1.026947 0.932098
9.649216 -1.238724 0.954498
9.675308 -1.243088 0.908997
9.703888 -1.084824 0.884338
9.817795 -1.137649 0.910950
9.827682 -1.112640 0.879807
9.702103 -1.139938 0.769287
9.684357 -1.147476 0.726471
9.669220 -1.033371 0.794876
9.739746 -1.059708 0.884934
9.691071 -1.148560 0.834427
9.634064 -1.081726 0.888184
9.554306 -1.111954 0.949524
9.600357 -1.170273 0.967026
9.684647 -1.121643 1.007141
9.729355 -1.219772 0.925049
9.753250 -1.336090 0.893829
9.677658 -1.358856 0.921997
9.612793 -1.165237 1.074081
9.670181 -1.276321 1.069260
9.724396 -1.360733 1.133621
9.704468 -1.617142 1.268906
9.659287 -1.812698 1.342621
9.510971 -1.796158 1.357437
9.373566 -1.747665 1.359634
9.477234 -1.740646 1.406891
9.755173 -1.530868 1.808167
9.668961 -1.550537 2.323639
10.088715 -2.093842 2.751968
10.084427 -2.446671 3.598785
9.567841 -2.006805 4.827133
9.922775 -1.937180 5.766586
10.966705 -2.446320 6.793167
11.116150 -2.993805 7.995590
11.282669 -2.473221 9.485230
12.336899 -1.928986 10.537033
13.872726 -2.652267 11.010284
14.290314 -2.851532 11.259415
14.828644 -2.254166 11.774490
16.513520 -3.003021 11.711594
17.533600 -3.491501 11.469009
17.882950 -2.679764 11.502197
19.198929 -2.514023 11.034546
19.392487 -3.378403 9.943207
19.315842 -2.984726 9.276535
19.019241 -2.181320 8.589386
18.425491 -2.592361 7.534897
17.256882 -2.690888 7.157501
15.691849 -1.907974 7.475113
14.128189 -1.621155 7.038071
12.934540 -1.285522 6.173019
11.358704 -0.662094 5.261612
9.739426 -0.456299 4.691818
8.105194 -0.636429 3.273651
6.206451 -0.371246 1.484726
4.606873 0.383072 0.735229
3.202591 0.236435 0.236954
1.594376 0.446915 -0.010803
-0.365967 1.504608 -0.280029
-1.205444 1.034454 -0.978119
-1.928192 0.676102 -1.107315
-4.093674 1.339355 -0.069290
-5.419510 1.066864 0.618225
-4.818466 1.971252 1.765183
-5.233337 3.516129 2.764954
-6.076462 2.387878 2.985184
-5.919998 0.763184 2.821930
-6.098556 1.128448 3.069870
-6.494751 1.606308 3.565918
-6.872101 1.048202 3.924271
-6.894608 1.247162 4.743408
-6.778091 1.614792 5.322998
-6.447983 1.036438 5.177399
-6.679596 0.621201 5.439377
-6.926865 0.614212 6.312668
-7.016510 0.415787 6.500473
-7.028732 0.740295 6.623825
-6.721497 0.796539 6.993485
-6.416245 0.480240 6.743790
-6.574387 0.812561 6.879639
-6.607163 0.903839 7.624161
-6.333481 0.408249 7.423477
-6.356598 0.657349 7.236145
-6.771988 1.134949 7.483460
-6.783402 0.871719 7.520187
-6.425140 0.879608 7.316803
-6.468933 1.082275 7.199921
-6.663651 0.641251 7.220245
