9.528473 -2.073929 1.640472
9.575699 -2.034088 1.735840
9.577744 -1.799011 1.700058
9.522736 -1.826172 1.571899
9.474915 -1.749497 1.644882
9.414566 -1.669296 1.726471
9.477509 -2.062057 1.545395
9.555191 -2.083359 1.457947
9.497879 -1.969467 1.407166
9.505524 -1.938324 1.446396
9.457672 -2.066315 1.432098
9.570267 -2.239258 1.395630
9.592941 -2.335663 1.314438
9.498184 -2.351608 1.157669
9.528732 -2.277817 1.326065
9.420746 -2.200409 1.319748
9.563065 -2.181198 1.330978
9.594147 -2.135895 1.264938
9.540680 -2.183823 1.251007
9.586472 -1.969284 1.150772
9.616974 -1.623673 1.281082
9.604568 -1.507126 1.404053
9.692032 -1.375931 1.512222
9.700073 -1.397171 1.523056
9.624390 -1.402847 1.499634
9.415283 -1.414185 1.458603
9.516724 -1.438003 1.553604
9.709625 -1.379059 1.718475
9.644958 -1.414978 1.878861
9.511993 -1.520020 2.270615
9.572556 -1.343308 2.742416
9.319717 -1.386688 3.388901
10.178391 -2.153168 4.220825
10.725540 -3.190567 4.957214
10.463333 -3.360092 5.819382
10.479248 -3.493027 6.017837
10.864868 -4.254334 5.763687
10.694962 -4.407013 6.159073
10.357376 -4.327789 7.070908
10.883881 -5.003006 7.268814
11.465942 -5.713852 7.334229
11.450485 -5.444778 7.449936
11.377914 -5.620850 7.697967
11.565704 -6.714325 7.492172
12.116577 -7.433395 7.874634
11.869827 -6.673279 8.589386
11.507050 -6.013397 8.708694
11.704773 -7.389893 8.879425
12.129517 -7.702499 9.689026
11.540115 -5.822662 10.088867
11.587799 -5.671768 9.832535
11.746887 -6.978622 9.192780
10.710373 -7.431396 8.982468
9.718536 -6.877441 8.419617
9.351471 -6.561905 8.027161
8.375534 -6.090424 8.424393
6.885635 -4.932068 8.672684
6.643478 -3.951889 8.631470
7.035141 -2.728485 8.333389
6.094025 -0.022141 8.701355
3.805908 1.815750 8.624237
2.747940 1.250732 7.611450
2.538330 1.335068 5.683319
1.213272 2.613449 4.966843
-0.245667 2.843231 5.685379
-0.203293 2.011520 5.822296
-0.094696 0.950256 4.946762
-0.438721 -0.081604 4.429855
-1.199722 -1.288452 3.877121
-1.892822 -1.551193 3.155624
-3.053970 -0.221466 3.428223
-3.676392 0.038315 4.226181
-3.851974 -0.575958 4.441788
-3.775421 -0.654709 3.677719
-4.368713 0.523346 3.654465
-5.304977 1.076813 3.797257
-5.254120 0.619125 3.995194
-5.869797 -0.096481 3.433609
-6.649353 -0.370636 3.687592
-6.460510 0.792114 4.340713
-6.797638 1.335022 5.135361
-6.835480 0.550018 5.197540
-6.456055 0.157486 5.213547
-6.571777 0.930176 5.408752
-7.586136 0.989059 5.965820
-7.041794 0.634201 6.337265
-6.313675 1.026917 6.619949
-7.079865 1.067246 6.392716
-7.682098 0.565262 6.418091
-6.681732 0.862595 6.848022
-6.211563 0.908600 6.756577
-7.592956 0.672928 6.811325
-7.094452 0.752594 6.916687
-6.245956 0.941956 6.622833
-5.810120 0.698059 6.476013
-7.731125 0.274048 6.876831
-7.180756 0.852035 6.746017
-6.110107 1.038635 6.924027
