-1 -6364 12956 2860 -2196 1943 -5154 1
-1 -6012 13616 4984 -4100 3099 -6837 1
-1 -6012 13616 4984 -4100 3099 -6837 1
-1 -8540 13056 4808 969 -2432 -973 1
-1 -8540 13056 4808 969 -2432 -973 1
-1 -8584 13460 6188 -1789 2261 -4105 1
-1 -8584 13460 6188 -1789 2261 -4105 1
-1 -8424 12500 3816 1819 -1096 1182 1
-1 -8424 12500 3816 1819 -1096 1182 1
-1 -7124 12812 5440 1363 -589 693 1
-1 -7124 12812 5440 1363 -589 693 1
-1 -7520 13160 4964 2280 -1094 914 1
-1 -7520 13160 4964 2280 -1094 914 1
-1 -7320 12696 3876 463 -586 -388 1
-1 -7320 12696 3876 463 -586 -388 1
-1 -8208 12948 4764 275 -84 -210 1
-1 -8208 12948 4764 275 -84 -210 1
-1 -7244 12584 3880 191 -1 466 1
-1 -7244 12584 3880 191 -1 466 1
-1 -7604 12412 4196 -247 432 -870 1
-1 -7604 12412 4196 -247 432 -870 1
-1 -8764 12556 3892 -25 -1484 1105 1
-1 -8764 12556 3892 -25 -1484 1105 1
-1 -8140 12636 5420 -889 -423 342 1
-1 -8140 12636 5420 -889 -423 342 1
-1 -7560 12476 4648 -399 -1288 912 1
-1 -7560 12476 4648 -399 -1288 912 1
-1 -7548 12440 5900 62 -79 382 1
-1 -7548 12440 5900 62 -79 382 1
-1 -6820 12568 5696 312 235 -88 1
-1 -6820 12568 5696 312 235 -88 1
-1 -7408 12448 3424 493 820 -185 1
-1 -7408 12448 3424 493 820 -185 1
-1 -7872 12816 4328 807 -118 641 1
-1 -7872 12816 4328 807 -118 641 1
-1 -7168 12628 4700 268 -93 157 1
-1 -7168 12628 4700 268 -93 157 1
-1 -7208 12520 3708 639 1024 -286 1
-1 -7208 12520 3708 639 1024 -286 1
-1 -7760 12576 4132 368 22 153 1
-1 -7760 12576 4132 368 22 153 1
-1 -7144 12928 4676 485 202 303 1
-1 -7144 12928 4676 485 202 303 1
-1 -7664 12736 4448 677 -700 580 1
-1 -7664 12736 4448 677 -700 580 1
-1 -7600 13012 5068 761 931 338 1
-1 -7600 13012 5068 761 931 338 1
-1 -7060 12652 4232 1247 586 285 1
-1 -7060 12652 4232 1247 586 285 1
-1 -8000 12696 3924 -110 911 450 1
-1 -8000 12696 3924 -110 911 450 1
-1 -6276 12296 3256 1044 278 1054 1
-1 -6276 12296 3256 1044 278 1054 1
-1 -7508 13000 5572 1002 1828 -242 1
-1 -7508 13000 5572 1002 1828 -242 1
-1 -7144 13260 4908 924 2395 -439 1
-1 -7144 13260 4908 924 2395 -439 1
-1 -7356 12288 2664 2360 1930 -136 1
-1 -7356 12288 2664 2360 1930 -136 1
-1 -8004 12720 3084 5793 411 5215 1
-1 -8004 12720 3084 5793 411 5215 1
-1 -6816 12712 1752 931 2794 -1577 1
-1 -6816 12712 1752 931 2794 -1577 1
-1 -7368 13164 2700 1251 -1595 987 1
-1 -7368 13164 2700 1251 -1595 987 1
-1 -7848 13184 1504 1348 -1602 2094 1
-1 -7848 13184 1504 1348 -1602 2094 1
-1 -7236 13800 2732 2478 -1867 2209 1
-1 -7236 13800 2732 2478 -1867 2209 1
-1 -7564 13980 3076 270 229 143 1
-1 -7564 13980 3076 270 229 143 1
-1 -7072 13764 3008 993 -47 875 1
-1 -7072 13764 3008 993 -47 875 1
-1 -6944 13908 2704 601 -53 405 1
-1 -6944 13908 2704 601 -53 405 1
-1 -6568 13796 2268 469 37 508 1
-1 -6568 13796 2268 469 37 508 1
-1 -6880 13660 2672 328 607 -65 1
-1 -6880 13660 2672 328 607 -65 1
-1 -6968 13824 2728 241 -393 470 1
-1 -6968 13824 2728 241 -393 470 1
-1 -6844 14232 3224 518 -331 670 1
-1 -6844 14232 3224 518 -331 670 1
-1 -6420 13924 2888 616 -335 702 1
-1 -6420 13924 2888 616 -335 702 1
-1 -6556 13772 2264 211 321 -167 1
-1 -6556 13772 2264 211 321 -167 1
-1 -6628 13964 2840 467 111 359 1
-1 -6628 13964 2840 467 111 359 1
-1 -6344 13840 2204 326 67 -185 1
-1 -6344 13840 2204 326 67 -185 1
-1 -6836 14080 2608 368 -195 321 1
-1 -6836 14080 2608 368 -195 321 1
-1 -6552 13972 2500 543 -189 237 1
-1 -6552 13972 2500 543 -189 237 1
-1 -6548 13900 2352 254 56 30 1
-1 -6548 13900 2352 254 56 30 1
-1 -6284 13692 2076 -140 13 206 1
-1 -6284 13692 2076 -140 13 206 1
-1 -6372 13648 2744 502 -304 337 1
-1 -6372 13648 2744 502 -304 337 1
-1 -6636 14108 2900 350 -402 90 1
-1 -6636 14108 2900 350 -402 90 1
-1 -6340 14380 2700 566 -387 -250 1
-1 -6340 14380 2700 566 -387 -250 1
-1 -6924 14180 2340 55 -22 -402 1
-1 -6924 14180 2340 55 -22 -402 1
-1 -7528 13972 2648 791 98 -325 1
-1 -7528 13972 2648 791 98 -325 1
-1 -6660 13888 2732 330 -7 38 1
-1 -6660 13888 2732 330 -7 38 1
-1 -6472 13724 2780 288 267 -207 1
-1 -6472 13724 2780 288 267 -207 1
-1 -6568 13924 2832 380 -26 -20 1
-1 -6568 13924 2832 380 -26 -20 1
-1 -6592 14004 2632 288 -398 290 1
-1 -6592 14004 2632 288 -398 290 1
-1 -6472 13996 2904 306 -240 -88 1
-1 -6472 13996 2904 306 -240 -88 1
-1 -6672 14100 2940 32 174 -133 1
-1 -6672 14100 2940 32 174 -133 1
-1 -6452 13928 2684 609 -473 128 1
-1 -6452 13928 2684 609 -473 128 1
-1 -6688 13880 2484 162 31 47 1
-1 -6688 13880 2484 162 31 47 1
-1 -6728 13944 2844 213 -867 519 1
-1 -6728 13944 2844 213 -867 519 1
-1 -6508 14184 3448 91 -186 279 1
-1 -6508 14184 3448 91 -186 279 1
-1 -6396 13720 2576 -7 61 515 1
-1 -6396 13720 2576 -7 61 515 1
-1 -6564 13476 2924 482 -1619 3691 1
-1 -6564 13476 2924 482 -1619 3691 1
-1 -4472 13804 3480 350 -3951 8102 1
-1 -4472 13804 3480 350 -3951 8102 1
-1 -5064 14248 3852 175 -606 9444 1
-1 -5064 14248 3852 175 -606 9444 1
-1 -4208 15012 3196 135 -1462 7712 1
-1 -4208 15012 3196 135 -1462 7712 1
-1 -2456 148 0 135 -1462 7712 1
-1 -2456 148 0 135 -1462 7712 1
-1 -3376 14856 1644 231 1642 338 1
-1 -3376 14856 1644 231 1642 338 1
-1 -348 14852 1212 -2728 227 8085 1
-1 -348 14852 1212 -2728 227 8085 1
-1 -236 1577 0 -2728 227 8085 1
-1 -236 1577 0 -2728 227 8085 1
-1 -3376 15112 3068 10 309 2407 1
-1 -3376 15112 3068 10 309 2407 1
-1 924 14948 3484 -381 -747 3465 1
-1 924 14948 3484 -381 -747 3465 1
-1 -1504 14932 3 0 -747 3465 1
-1 0 14932 3 0 -747 3465 1
-1 -112 15520 2760 727 -52 -392 1
-1 -112 15520 2760 727 -52 -392 1
-1 716 15532 1968 188 -438 -46 1
-1 716 15532 1968 188 -438 -46 1
-1 -492 16136 2012 152 792 -883 1
-1 -492 16136 2012 152 792 -883 1
-1 388 15564 1624 457 142 -1413 1
-1 388 15564 1624 457 142 -1413 1
-1 76 14264 1056 -3240 2077 -11347 1
-1 76 14264 1056 -3240 2077 -11347 1
-1 -1764 16116 1860 -2127 -3011 -9370 1
-1 -1764 16116 1860 -2127 -3011 -9370 1
-1 -1164 15356 1968 -4834 1122 -13082 1
-1 -1164 15356 1968 -4834 1122 -13082 1
-1 -5524 13788 2376 -1665 3010 -12143 1
-1 -5524 13788 2376 -1665 3010 -12143 1
-1 -4456 14232 2120 -89 -668 -12425 1
-1 -4456 14232 2120 -89 -668 -12425 1
-1 -7396 14016 4300 2259 -7686 1175 1
-1 -7396 14016 4300 2259 -7686 1175 1
-1 -6568 13856 2812 -811 -1003 -2386 1
-1 -6568 13856 2812 -811 -1003 -2386 1
-1 -5860 14656 5064 -121 909 -3640 1
-1 -5860 14656 5064 -121 909 -3640 1
-1 -6464 14392 3964 -2250 1248 -4662 1
-1 -6464 14392 3964 -2250 1248 -4662 1
-1 -8440 14552 6132 -802 1502 -3806 1
-1 -8440 14552 6132 -802 1502 -3806 1
-1 -9028 14208 3252 1830 -3108 332 1
-1 -9028 14208 3252 1830 -3108 332 1
-1 -6964 14484 4516 621 225 -114 1
-1 -6964 14484 4516 621 225 -114 1
-1 -6348 14100 7456 -1033 -1533 -740 1
-1 -6348 14100 7456 -1033 -1533 -740 1
-1 -6896 12080 2428 658 -3088 1538 1
-1 -6896 12080 2428 658 -3088 1538 1
-1 -8652 13060 4916 126 22 -439 1
-1 -8652 13060 4916 126 22 -439 1
-1 -5316 13396 4856 2503 -274 1125 1
-1 -5316 13396 4856 2503 -274 1125 1
-1 -8680 13460 6872 352 1767 -1021 1
-1 -8680 13460 6872 352 1767 -1021 1
-1 -6156 12952 3888 1233 -1124 850 1
-1 -6156 12952 3888 1233 -1124 850 1
-1 -7128 13516 5548 2618 1613 -392 1
-1 -7128 13516 5548 2618 1613 -392 1
-1 -5964 13000 2760 2155 -3851 2141 1
-1 -5964 13000 2760 2155 -3851 2141 1
-1 -8400 13596 4812 3145 -97 2435 1
-1 -8400 13596 4812 3145 -97 2435 1
-1 -5132 13344 3388 962 2388 -916 1
-1 -5132 13344 3388 962 2388 -916 1
-1 -7232 13116 3204 1311 -826 2944 1
-1 -7232 13116 3204 1311 -826 2944 1
-1 -4948 13232 2456 -275 376 -381 1
-1 -4948 13232 2456 -275 376 -381 1
-1 -7972 14240 3852 2311 -693 -68 1
-1 -7972 14240 3852 2311 -693 -68 1
-1 -6912 14152 2424 -425 -13 -16 1
-1 -6912 14152 2424 -425 -13 -16 1
-1 -7552 14004 4820 2559 -494 1287 1
-1 -7552 14004 4820 2559 -494 1287 1
-1 -7844 14020 2844 294 1367 1075 1
-1 -7844 14020 2844 294 1367 1075 1
-1 -6860 13188 1268 278 3186 -269 1
-1 -6860 13188 1268 278 3186 -269 1
-1 -6592 13124 4344 2596 1635 213 1
-1 -6592 13124 4344 2596 1635 213 1
-1 -6020 13436 3012 351 672 422 1
-1 -6020 13436 3012 351 672 422 1
-1 -5900 13216 2108 1806 99 2616 1
-1 -5900 13216 2108 1806 99 2616 1
-1 -7320 13320 1564 1406 -1199 1341 1
-1 -7320 13320 1564 1406 -1199 1341 1
-1 -5716 13492 3784 2582 -1411 646 1
-1 -5716 13492 3784 2582 -1411 646 1
-1 -9380 13916 3688 24 941 844 1
-1 -9380 13916 3688 24 941 844 1
-1 -4812 13276 336 -454 -1282 1231 1
-1 -4812 13276 336 -454 -1282 1231 1
-1 -6468 13396 2540 3648 705 1910 1
-1 -6468 13396 2540 3648 705 1910 1
-1 -6492 13840 2088 473 -2179 2185 1
-1 -6492 13840 2088 473 -2179 2185 1
-1 -5036 13556 2616 935 -663 1842 1
-1 -5036 13556 2616 935 -663 1842 1
-1 -3820 12748 1832 415 591 1894 1
-1 -3820 12748 1832 415 591 1894 1
-1 -3112 17256 2468 1414 -393 2704 1
-1 -3112 17256 2468 1414 -393 2704 1
-1 -7272 14576 2688 -9 -21 552 1
-1 -7272 14576 2688 -9 -21 552 1
-1 -5864 14112 1544 429 -2140 4134 1
-1 -5864 14112 1544 429 -2140 4134 1
-1 -4828 14400 1784 1164 -6299 7674 1
-1 -4828 14400 1784 1164 -6299 7674 1
-1 -72 11692 -488 3871 -12934 12846 1
-1 -72 11692 -488 3871 -12934 12846 1
-1 -3876 16104 2784 4447 -9117 12530 1
-1 -3876 16104 2784 4447 -9117 12530 1
-1 440 17180 4556 3923 -8393 14881 1
-1 440 17180 4556 3923 -8393 14881 1
-1 1468 16568 1860 2413 9076 -2572 1
-1 1468 16568 1860 2413 9076 -2572 1
-1 972 16892 4508 999 1134 50 1
-1 972 16892 4508 999 1134 50 1
-1 16 16148 824 172 1334 1132 1
-1 16 16148 824 172 1334 1132 1
-1 1944 15992 1128 -1343 3114 1093 1
-1 1944 15992 1128 -1343 3114 1093 1
-1 2624 15628 3120 11 865 4222 1
-1 2624 15628 3120 11 865 4222 1
-1 512 18144 1048 2552 -1419 11964 1
-1 512 18144 1048 2552 -1419 11964 1
-1 9084 12096 -2900 2834 -9685 23229 1
-1 9084 12096 -2900 2834 -9685 23229 1
-1 2644 16464 772 908 1623 9689 1
-1 2644 16464 772 908 1623 9689 1
-1 8212 14656 2996 -5625 -4358 14350 1
-1 8212 14656 2996 -5625 -4358 14350 1
-1 8148 15928 2864 -2012 -1296 10450 1
-1 8148 15928 2864 -2012 -1296 10450 1
-1 8708 13900 804 -2747 -1760 -623 1
-1 8708 13900 804 -2747 -1760 -623 1
-1 7260 6688 -492 -1788 4541 -97 1
-1 7260 6688 -492 -1788 4541 -97 1
-1 9212 14660 4032 2010 2934 556 1
-1 9212 14660 4032 2010 2934 556 1
-1 8056 12648 2080 -15 -552 5521 1
-1 8056 12648 2080 -15 -552 5521 1
-1 9524 15076 6500 1112 4105 2337 1
-1 9524 15076 6500 1112 4105 2337 1
-1 10084 9416 7240 1598 -7556 10262 1
-1 10084 9416 7240 1598 -7556 10262 1
-1 7368 20628 4564 6162 2683 4920 1
-1 7368 20628 4564 6162 2683 4920 1
-1 11448 11748 2540 -3572 10765 -8142 1
-1 11448 11748 2540 -3572 10765 -8142 1
-1 9992 11476 1520 1244 634 -1510 1
-1 9992 11476 1520 1244 634 -1510 1
-1 7784 13216 3416 -2223 1596 -532 1
-1 7784 13216 3416 -2223 1596 -532 1
-1 10840 11600 1232 -3379 247 -238 1
-1 10840 11600 1232 -3379 247 -238 1
-1 12024 11900 5348 311 -2676 3180 1
-1 12024 11900 5348 311 -2676 3180 1
-1 9428 12400 3376 -4213 6723 -4564 1
-1 9428 12400 3376 -4213 6723 -4564 1
-1 10252 12828 1660 -1109 -1386 720 1
-1 10252 12828 1660 -1109 -1386 720 1
-1 11940 12312 6896 -3082 1745 -126 1
-1 11940 12312 6896 -3082 1745 -126 1
-1 10748 10804 4040 -2386 3037 -3017 1
-1 10748 10804 4040 -2386 3037 -3017 1
-1 7440 12572 4516 -525 -1128 -438 1
-1 7440 12572 4516 -525 -1128 -438 1
-1 11516 10980 4144 -2082 3591 -1371 1
-1 11516 10980 4144 -2082 3591 -1371 1
-1 9180 11836 4940 -2122 1637 -1753 1
-1 9180 11836 4940 -2122 1637 -1753 1
-1 8208 11920 5792 -514 2567 -3365 1
-1 8208 11920 5792 -514 2567 -3365 1
-1 10644 11224 5476 -4097 -833 -772 1
-1 10644 11224 5476 -4097 -833 -772 1
-1 6444 13792 7280 74 912 -3175 1
-1 6444 13792 7280 74 912 -3175 1
-1 11208 13420 7708 -621 5138 -1195 1
-1 11208 13420 7708 -621 5138 -1195 1
-1 9132 12828 7768 1012 -2199 33 1
-1 9132 12828 7768 1012 -2199 33 1
-1 9960 12712 8728 -2343 1579 -1103 1
-1 9960 12712 8728 -2343 1579 -1103 1
-1 7404 12980 6708 -1444 -226 -978 1
-1 7404 12980 6708 -1444 -226 -978 1
-1 8792 14936 7468 -844 4187 -4066 1
-1 8792 14936 7468 -844 4187 -4066 1
-1 7740 13592 9004 -1010 -240 787 1
-1 7740 13592 9004 -1010 -240 787 1
-1 8796 11744 6764 -372 893 -434 1
-1 8796 11744 6764 -372 893 -434 1
-1 8696 11940 6848 194 1345 71 1
-1 8696 11940 6848 194 1345 71 1
-1 8132 12960 10072 -1213 -785 1417 1
-1 8132 12960 10072 -1213 -785 1417 1
-1 7220 12032 5132 -2426 -742 1343 1
-1 7220 12032 5132 -2426 -742 1343 1
-1 9140 11740 7940 -1837 -685 -518 1
-1 9140 11740 7940 -1837 -685 -518 1
-1 8612 12760 9536 -369 1183 -433 1
-1 8612 12760 9536 -369 1183 -433 1
-1 9032 11872 7544 -552 409 -473 1
-1 9032 11872 7544 -552 409 -473 1
-1 9084 12156 8272 791 -1103 496 1
-1 9084 12156 8272 791 -1103 496 1
-1 8348 11164 7288 -1344 1572 -822 1
-1 8348 11164 7288 -1344 1572 -822 1
-1 5780 11968 7060 395 1971 -3667 1
-1 5780 11968 7060 395 1971 -3667 1
-1 9032 10880 8508 -234 2565 -2189 1
-1 9032 10880 8508 -234 2565 -2189 1
-1 6320 11500 9032 1158 358 -2979 1
-1 6320 11500 9032 1158 358 -2979 1
-1 6892 10544 7016 -874 4511 -4945 1
-1 6892 10544 7016 -874 4511 -4945 1
-1 5844 12220 10288 93 4949 -10712 1
-1 5844 12220 10288 93 4949 -10712 1
-1 5820 12396 9152 1311 7014 -7891 1
-1 5820 12396 9152 1311 7014 -7891 1
-1 3204 12584 9160 -181 6969 -11381 1
-1 3204 12584 9160 -181 6969 -11381 1
-1 -1476 12200 5664 1874 814 -7810 1
-1 -1476 12200 5664 1874 814 -7810 1
-1 32 13264 9360 987 -2266 -2733 1
-1 32 13264 9360 987 -2266 -2733 1
-1 432 14388 13260 3244 -3271 -6661 1
-1 432 14388 13260 3244 -3271 -6661 1
-1 -3768 13916 12816 7502 -2115 -3142 1
-1 -3768 13916 12816 7502 -2115 -3142 1
-1 -2676 13364 11720 3338 -12235 -2991 1
-1 -2676 13364 11720 3338 -12235 -2991 1
-1 -4748 13616 6848 -454 4589 -12266 1
-1 -4748 13616 6848 -454 4589 -12266 1
-1 -8216 17068 4520 1428 -14314 10690 1
-1 -8216 17068 4520 1428 -14314 10690 1
-1 3020 16060 -1404 1542 7344 -3724 1
-1 3020 16060 -1404 1542 7344 -3724 1
-1 5032 17544 4512 2675 7443 2280 1
-1 5032 17544 4512 2675 7443 2280 1
-1 6280 15812 3676 3498 12723 -312 1
-1 6280 15812 3676 3498 12723 -312 1
-1 3280 15912 6544 6459 -3400 7788 1
-1 3280 15912 6544 6459 -3400 7788 1
-1 2004 14792 8152 9153 4303 605 1
-1 2004 14792 8152 9153 4303 605 1
-1 1840 13888 3404 2283 5702 1183 1
-1 1840 13888 3404 2283 5702 1183 1
-1 976 13976 6180 1258 9845 -950 1
-1 976 13976 6180 1258 9845 -950 1
-1 1088 13212 5556 4165 -14239 12074 1
-1 1088 13212 5556 4165 -14239 12074 1
-1 3540 12188 4700 1989 2129 2729 1
-1 3540 12188 4700 1989 2129 2729 1
-1 3376 12024 3300 2299 -7962 7436 1
-1 3376 12024 3300 2299 -7962 7436 1
-1 7380 11856 1056 -294 664 1793 1
-1 7380 11856 1056 -294 664 1793 1
-1 5652 11552 4372 4827 -16194 -3348 1
-1 5652 11552 4372 4827 -16194 -3348 1
-1 860 16464 3148 -1335 3582 -4801 1
-1 860 16464 3148 -1335 3582 -4801 1
-1 4044 15576 3320 510 3567 1221 1
-1 4044 15576 3320 510 3567 1221 1
-1 1784 29804 11028 6993 -9591 11248 1
-1 1784 29804 11028 6993 -9591 11248 1
-1 3672 15616 3356 -653 1667 -2951 1
-1 3672 15616 3356 -653 1667 -2951 1
-1 3196 15156 3916 907 3884 -1480 1
-1 3196 15156 3916 907 3884 -1480 1
-1 440 17832 6044 501 9068 -4097 1
-1 440 17832 6044 501 9068 -4097 1
-1 2356 16008 2856 3735 -3009 1249 1
-1 2356 16008 2856 3735 -3009 1249 1
-1 2788 15768 2932 1674 -1877 -150 1
-1 2788 15768 2932 1674 -1877 -150 1
-1 1556 15544 3460 1608 955 -692 1
-1 1556 15544 3460 1608 955 -692 1
-1 7984 14600 -1204 1698 2503 2111 1
-1 7984 14600 -1204 1698 2503 2111 1
-1 1772 16220 3972 3123 2205 -1279 1
-1 1772 16220 3972 3123 2205 -1279 1
-1 2752 16508 836 1554 -3185 1902 1
-1 2752 16508 836 1554 -3185 1902 1
-1 5412 15984 2624 1984 -1950 -391 1
-1 5412 15984 2624 1984 -1950 -391 1
-1 4200 14932 1064 531 205 -1247 1
-1 4200 14932 1064 531 205 -1247 1
-1 1992 15972 1180 579 -778 -2378 1
-1 1992 15972 1180 579 -778 -2378 1
-1 1328 15732 -108 1493 -3820 2720 1
-1 1328 15732 -108 1493 -3820 2720 1
-1 3332 16740 2364 941 389 356 1
-1 3332 16740 2364 941 389 356 1
-1 4804 15144 1008 129 2819 -2185 1
-1 4804 15144 1008 129 2819 -2185 1
-1 2120 15900 192 -2154 -1015 -1366 1
-1 2120 15900 192 -2154 -1015 -1366 1
-1 1524 16596 1336 693 -1031 421 1
-1 1524 16596 1336 693 -1031 421 1
-1 4052 16048 2708 756 1052 -567 1
