-1 -1692 15168 480 1803 -200 2534 1
-1 -1480 13904 868 2201 2949 -8063 1
-1 -1480 13904 868 2201 2949 -8063 1
-1 -2176 15496 -108 468 -1386 8252 1
-1 -2176 15496 -108 468 -1386 8252 1
-1 2528 17148 2168 133 1922 -6112 1
-1 2528 17148 2168 133 1922 -6112 1
-1 4660 15436 -936 4502 -368 4536 1
-1 4660 15436 -936 4502 -368 4536 1
-1 5112 17012 -1568 595 -874 -1393 1
-1 5112 17012 -1568 595 -874 -1393 1
-1 2528 18324 -2304 2597 -3046 646 1
-1 2528 18324 -2304 2597 -3046 646 1
-1 272 15796 -3656 377 924 -772 1
-1 272 15796 -3656 377 924 -772 1
-1 1928 17680 -3236 -3739 -941 3032 1
-1 1928 17680 -3236 -3739 -941 3032 1
-1 2164 17692 -1888 -2521 -2694 2140 1
-1 2164 17692 -1888 -2521 -2694 2140 1
-1 2032 18652 2076 -5308 -2545 847 1
-1 2032 18652 2076 -5308 -2545 847 1
-1 2256 15636 -1804 -3827 -1699 180 1
-1 2256 15636 -1804 -3827 -1699 180 1
-1 3596 16980 2796 -5371 -3824 -560 1
-1 3596 16980 2796 -5371 -3824 -560 1
-1 1888 15412 2492 -3986 -869 -2102 1
-1 1888 15412 2492 -3986 -869 -2102 1
-1 4192 16112 4476 -1886 -3363 118 1
-1 4192 16112 4476 -1886 -3363 118 1
-1 6668 16836 3232 -3591 -2262 -422 1
-1 6668 16836 3232 -3591 -2262 -422 1
-1 3892 18752 5632 -2892 -2360 -1339 1
-1 3892 18752 5632 -2892 -2360 -1339 1
-1 508 17860 3872 1323 -227 -1190 1
-1 508 17860 3872 1323 -227 -1190 1
-1 1836 15720 2644 669 -4073 2676 1
-1 1836 15720 2644 669 -4073 2676 1
-1 5088 15408 3452 3772 -3180 1744 1
-1 5088 15408 3452 3772 -3180 1744 1
-1 2544 15516 3380 3299 -1454 -946 1
-1 2544 15516 3380 3299 -1454 -946 1
-1 4104 16288 4208 5301 -456 -2359 1
-1 4104 16288 4208 5301 -456 -2359 1
-1 940 14824 1428 3042 -962 330 1
-1 940 14824 1428 3042 -962 330 1
-1 1948 14908 1292 1898 2560 -2697 1
-1 1948 14908 1292 1898 2560 -2697 1
-1 2704 16444 1916 2625 -751 1101 1
-1 2704 16444 1916 2625 -751 1101 1
-1 1924 17760 1740 4412 1001 -1042 1
-1 1924 17760 1740 4412 1001 -1042 1
-1 452 14824 -280 1904 3558 413 1
-1 452 14824 -280 1904 3558 413 1
-1 3672 14800 112 814 -884 2213 1
-1 3672 14800 112 814 -884 2213 1
-1 3816 14300 -560 257 -2213 2729 1
-1 3816 14300 -560 257 -2213 2729 1
-1 3088 15592 1156 -1218 238 -638 1
-1 3088 15592 1156 -1218 238 -638 1
-1 1752 16324 1544 348 2568 -652 1
-1 1752 16324 1544 348 2568 -652 1
-1 1532 15156 2272 -4370 2357 600 1
-1 1532 15156 2272 -4370 2357 600 1
-1 5696 16796 2464 46 55 2752 1
-1 5696 16796 2464 46 55 2752 1
-1 2320 16992 3044 450 3082 -3080 1
-1 2320 16992 3044 450 3082 -3080 1
-1 1520 16896 1988 1937 3060 -2099 1
-1 1520 16896 1988 1937 3060 -2099 1
-1 2760 15600 684 -2063 3378 -2219 1
-1 2760 15600 684 -2063 3378 -2219 1
-1 1968 15876 2180 40 -23 -863 1
-1 1968 15876 2180 40 -23 -863 1
-1 2684 15040 576 -1495 -302 261 1
-1 2684 15040 576 -1495 -302 261 1
-1 1216 16440 2484 171 2213 -1800 1
-1 1216 16440 2484 171 2213 -1800 1
-1 1396 15876 1460 -2564 407 1238 1
-1 1396 15876 1460 -2564 407 1238 1
-1 1472 16528 2940 -1891 19 1047 1
-1 1472 16528 2940 -1891 19 1047 1
-1 3280 17052 3920 1495 4075 -1553 1
-1 3280 17052 3920 1495 4075 -1553 1
-1 1740 15948 2116 1681 896 976 1
-1 1740 15948 2116 1681 896 976 1
-1 2492 15688 2364 1078 862 -353 1
-1 2492 15688 2364 1078 862 -353 1
-1 1212 15344 1692 -158 1322 875 1
-1 1212 15344 1692 -158 1322 875 1
-1 2156 15192 2316 -442 1056 712 1
-1 2156 15192 2316 -442 1056 712 1
-1 1872 15156 2136 -702 -1182 735 1
-1 1872 15156 2136 -702 -1182 735 1
-1 1692 15952 2788 -807 1799 35 1
-1 1692 15952 2788 -807 1799 35 1
-1 1836 14928 1676 -683 1003 63 1
-1 1836 14928 1676 -683 1003 63 1
-1 2012 14692 1640 -1452 867 675 1
-1 2012 14692 1640 -1452 867 675 1
-1 1028 15520 860 -2465 3523 -2457 1
-1 1028 15520 860 -2465 3523 -2457 1
-1 484 15096 -1564 -3546 600 1304 1
-1 484 15096 -1564 -3546 600 1304 1
-1 924 13444 -1708 -2593 798 -579 1
-1 924 13444 -1708 -2593 798 -579 1
-1 -2436 13776 -1312 -2106 2475 -6410 1
-1 -2436 13776 -1312 -2106 2475 -6410 1
-1 -2708 18548 5460 -6047 1347 -2800 1
-1 -2708 18548 5460 -6047 1347 -2800 1
-1 4032 17768 6596 -10219 10142 -11006 1
-1 4032 17768 6596 -10219 10142 -11006 1
-1 -120 17864 9404 1441 1883 -803 1
-1 -120 17864 9404 1441 1883 -803 1
-1 -2440 15016 8688 6427 3619 2017 1
-1 -2440 15016 8688 6427 3619 2017 1
-1 184 11940 8528 -262 6844 -1407 1
-1 184 11940 8528 -262 6844 -1407 1
-1 1192 11348 5700 3160 -587 6032 1
-1 1192 11348 5700 3160 -587 6032 1
-1 932 14356 5936 2831 50 -2311 1
-1 932 14356 5936 2831 50 -2311 1
-1 -1732 14412 4016 -3719 5601 -11529 1
-1 -1732 14412 4016 -3719 5601 -11529 1
-1 -6596 15280 7280 -6364 2225 -12891 1
-1 -6596 15280 7280 -6364 2225 -12891 1
-1 -5536 14720 6576 6373 -5164 8177 1
-1 -5536 14720 6576 6373 -5164 8177 1
-1 2244 14128 5304 2159 3380 5351 1
-1 2244 14128 5304 2159 3380 5351 1
-1 464 14780 4316 2641 2148 7178 1
-1 464 14780 4316 2641 2148 7178 1
-1 -2744 14212 5340 2745 -4070 9403 1
-1 -2744 14212 5340 2745 -4070 9403 1
-1 -1176 15976 2960 793 1815 3214 1
-1 -1176 15976 2960 793 1815 3214 1
-1 4828 14796 3180 407 4348 -3900 1
-1 4828 14796 3180 407 4348 -3900 1
-1 460 17712 1828 1809 -1451 577 1
-1 460 17712 1828 1809 -1451 577 1
-1 -10428 16436 12712 1916 -3369 2634 1
-1 -10428 16436 12712 1916 -3369 2634 1
-1 1008 15656 3080 1296 1238 1678 1
-1 1008 15656 3080 1296 1238 1678 1
-1 1232 16016 2176 -1801 5129 -4530 1
-1 1232 16016 2176 -1801 5129 -4530 1
-1 20 16880 4948 -155 1196 -2538 1
-1 20 16880 4948 -155 1196 -2538 1
-1 -528 15140 1896 -89 -326 253 1
-1 -528 15140 1896 -89 -326 253 1
-1 728 16428 4340 4 255 -456 1
-1 728 16428 4340 4 255 -456 1
-1 -104 15520 2640 697 -838 1684 1
-1 -104 15520 2640 697 -838 1684 1
-1 1844 15288 3708 1200 -650 1963 1
-1 1844 15288 3708 1200 -650 1963 1
-1 -580 15456 2832 864 1978 -1620 1
-1 -580 15456 2832 864 1978 -1620 1
-1 232 16208 4776 0 937 -1778 1
-1 232 16208 4776 0 937 -1778 1
-1 2988 14408 2108 -1085 -17 -1504 1
-1 2988 14408 2108 -1085 -17 -1504 1
-1 0 15644 2504 -91 -1043 617 1
-1 0 15644 2504 -91 -1043 617 1
-1 1036 15196 2824 408 -1540 1864 1
-1 1036 15196 2824 408 -1540 1864 1
-1 1128 15340 2700 222 1203 -1176 1
-1 1128 15340 2700 222 1203 -1176 1
-1 144 16048 3672 308 223 -1203 1
-1 144 16048 3672 308 223 -1203 1
-1 -284 14240 1972 -5804 3278 -10559 1
-1 -284 14240 1972 -5804 3278 -10559 1
-1 -864 14568 2192 -3715 1455 -12209 1
-1 -864 14568 2192 -3715 1455 -12209 1
-1 -1884 15504 6288 -5958 1965 -11349 1
-1 -1884 15504 6288 -5958 1965 -11349 1
-1 -3412 14060 2924 -2293 778 -12458 1
-1 -3412 14060 2924 -2293 778 -12458 1
-1 -5576 14104 6240 717 -4443 -2156 1
-1 -5576 14104 6240 717 -4443 -2156 1
-1 -6200 13368 5536 -4518 764 -8081 1
-1 -6200 13368 5536 -4518 764 -8081 1
-1 -5188 12976 5808 1315 -2469 -2976 1
-1 -5188 12976 5808 1315 -2469 -2976 1
-1 -7752 12696 10576 -11513 12446 -24293 1
-1 -7752 12696 10576 -11513 12446 -24293 1
-1 -8784 11572 6444 6265 -8998 8640 1
-1 -8784 11572 6444 6265 -8998 8640 1
-1 -7904 12160 7788 -2570 5488 -7182 1
-1 -7904 12160 7788 -2570 5488 -7182 1
-1 -6516 11388 5564 2858 -2902 517 1
-1 -6516 11388 5564 2858 -2902 517 1
-1 -8084 11576 6036 -79 1309 -3624 1
-1 -8084 11576 6036 -79 1309 -3624 1
-1 -7428 11976 5612 599 240 -735 1
-1 -7428 11976 5612 599 240 -735 1
-1 -7724 12788 7636 -575 2015 -2593 1
-1 -7724 12788 7636 -575 2015 -2593 1
-1 -8048 13220 8332 1660 252 512 1
-1 -8048 13220 8332 1660 252 512 1
-1 -8132 13148 6248 2394 158 -817 1
-1 -8132 13148 6248 2394 158 -817 1
-1 -7900 13264 6104 3006 -236 -683 1
-1 -7900 13264 6104 3006 -236 -683 1
-1 -9348 13176 5620 2496 1488 -1127 1
-1 -9348 13176 5620 2496 1488 -1127 1
-1 -8652 12800 5048 2961 1462 -703 1
-1 -8652 12800 5048 2961 1462 -703 1
-1 -9040 12688 5368 3894 1087 1386 1
-1 -9040 12688 5368 3894 1087 1386 1
-1 -6916 13952 7220 3558 -302 2647 1
-1 -6916 13952 7220 3558 -302 2647 1
-1 -8880 13184 3020 2882 1164 2596 1
-1 -8880 13184 3020 2882 1164 2596 1
-1 -8816 12980 3464 2940 1095 608 1
-1 -8816 12980 3464 2940 1095 608 1
-1 -6472 14260 6828 2198 -3473 3543 1
-1 -6472 14260 6828 2198 -3473 3543 1
-1 -10708 12136 2792 2006 -633 3825 1
-1 -10708 12136 2792 2006 -633 3825 1
-1 -5576 13116 3204 2107 -184 2136 1
-1 -5576 13116 3204 2107 -184 2136 1
-1 -5828 13612 3236 -82 2922 337 1
-1 -5828 13612 3236 -82 2922 337 1
-1 -7564 12252 1272 2096 -677 974 1
-1 -7564 12252 1272 2096 -677 974 1
-1 -7208 13104 3016 1252 64 896 1
-1 -7208 13104 3016 1252 64 896 1
-1 -7664 12884 5664 2649 367 1477 1
-1 -7664 12884 5664 2649 367 1477 1
-1 -6712 12696 1928 344 -510 2501 1
-1 -6712 12696 1928 344 -510 2501 1
-1 -3948 13524 3196 1429 532 2439 1
-1 -3948 13524 3196 1429 532 2439 1
-1 -6900 12964 1836 764 -1643 1181 1
-1 -6900 12964 1836 764 -1643 1181 1
-1 -6684 13444 2680 1137 -1209 1882 1
-1 -6684 13444 2680 1137 -1209 1882 1
-1 -5780 12440 1392 -2150 88 1179 1
-1 -5780 12440 1392 -2150 88 1179 1
-1 -5768 11548 1368 -368 2686 -1016 1
-1 -5768 11548 1368 -368 2686 -1016 1
-1 -5496 12884 4064 313 -751 -923 1
-1 -5496 12884 4064 313 -751 -923 1
-1 -4780 13412 4324 1433 -782 2103 1
-1 -4780 13412 4324 1433 -782 2103 1
-1 -6640 13988 3332 151 -705 2735 1
-1 -6640 13988 3332 151 -705 2735 1
-1 -3812 14364 3016 788 253 2448 1
-1 -3812 14364 3016 788 253 2448 1
-1 -5316 14428 3272 1952 -398 4538 1
-1 -5316 14428 3272 1952 -398 4538 1
-1 -5724 14368 1724 1123 -618 4996 1
-1 -5724 14368 1724 1123 -618 4996 1
-1 -3404 15124 2012 -131 -4049 11382 1
-1 -3404 15124 2012 -131 -4049 11382 1
-1 940 16140 6552 -160 -3030 13486 1
-1 940 16140 6552 -160 -3030 13486 1
-1 -1272 14652 1612 -626 -5549 16356 1
-1 -1272 14652 1612 -626 -5549 16356 1
-1 3492 14108 1360 -2810 -1115 9201 1
-1 3492 14108 1360 -2810 -1115 9201 1
-1 736 15692 3528 1025 -2533 10934 1
-1 736 15692 3528 1025 -2533 10934 1
-1 5808 11932 -88 -22 -6415 14155 1
-1 5808 11932 -88 -22 -6415 14155 1
-1 2876 16156 5996 4171 -553 12284 1
-1 2876 16156 5996 4171 -553 12284 1
-1 7856 14976 4804 -1342 2370 6619 1
-1 7856 14976 4804 -1342 2370 6619 1
-1 9608 13892 3648 2386 -2254 8101 1
-1 9608 13892 3648 2386 -2254 8101 1
-1 7184 14020 2640 356 2814 3411 1
-1 7184 14020 2640 356 2814 3411 1
-1 8084 13360 1332 -1005 419 2730 1
-1 8084 13360 1332 -1005 419 2730 1
-1 8972 12724 1396 -1818 209 6669 1
-1 8972 12724 1396 -1818 209 6669 1
-1 9952 12212 3488 1300 716 6146 1
-1 9952 12212 3488 1300 716 6146 1
-1 10256 11504 2340 -702 1985 -579 1
-1 10256 11504 2340 -702 1985 -579 1
-1 9756 12340 3596 -703 985 930 1
-1 9756 12340 3596 -703 985 930 1
-1 9356 12604 3016 138 1561 1258 1
-1 9356 12604 3016 138 1561 1258 1
-1 11752 11992 4008 -3198 114 1835 1
-1 11752 11992 4008 -3198 114 1835 1
-1 8944 12260 3620 -961 1541 333 1
-1 8944 12260 3620 -961 1541 333 1
-1 11104 11800 5472 -1058 1459 -897 1
-1 11104 11800 5472 -1058 1459 -897 1
-1 8360 11960 2820 -2086 117 885 1
-1 8360 11960 2820 -2086 117 885 1
-1 9596 12352 4156 -1979 1539 -1267 1
-1 9596 12352 4156 -1979 1539 -1267 1
-1 10264 11804 4860 -1839 120 1784 1
-1 10264 11804 4860 -1839 120 1784 1
-1 9132 12432 5340 -1830 290 152 1
-1 9132 12432 5340 -1830 290 152 1
-1 10408 11756 5028 -1848 2332 -1552 1
-1 10408 11756 5028 -1848 2332 -1552 1
-1 8728 12396 4948 -430 3774 -3688 1
-1 8728 12396 4948 -430 3774 -3688 1
-1 7760 12024 5540 259 507 -319 1
-1 7760 12024 5540 259 507 -319 1
-1 8008 12192 6972 -1149 -869 463 1
-1 8008 12192 6972 -1149 -869 463 1
-1 10524 11332 6372 -1025 -694 435 1
-1 10524 11332 6372 -1025 -694 435 1
-1 9908 12360 6856 -305 -1456 904 1
-1 9908 12360 6856 -305 -1456 904 1
-1 7916 12132 6472 -2321 1859 -1850 1
-1 7916 12132 6472 -2321 1859 -1850 1
-1 8400 12048 6492 -2420 2265 487 1
-1 8400 12048 6492 -2420 2265 487 1
-1 8988 12468 8192 -1846 -177 157 1
-1 8988 12468 8192 -1846 -177 157 1
-1 8644 11484 7880 -3060 -824 928 1
-1 8644 11484 7880 -3060 -824 928 1
-1 7076 11032 6480 -2761 1194 -460 1
-1 7076 11032 6480 -2761 1194 -460 1
-1 9292 11472 8116 -3089 145 -1078 1
-1 9292 11472 8116 -3089 145 -1078 1
-1 7468 11656 7788 -2374 1118 187 1
-1 7468 11656 7788 -2374 1118 187 1
-1 9956 10532 9204 -1908 1635 -1208 1
-1 9956 10532 9204 -1908 1635 -1208 1
-1 7424 11516 9304 -1760 2395 -2229 1
-1 7424 11516 9304 -1760 2395 -2229 1
-1 6536 11232 9700 -395 -228 -1114 1
-1 6536 11232 9700 -395 -228 -1114 1
-1 9208 11656 11508 -1580 -116 -481 1
-1 9208 11656 11508 -1580 -116 -481 1
-1 6416 10596 8204 1322 1965 -3225 1
-1 6416 10596 8204 1322 1965 -3225 1
-1 8508 11360 10732 159 -3044 1096 1
-1 8508 11360 10732 159 -3044 1096 1
-1 7284 11352 9696 270 429 113 1
-1 7284 11352 9696 270 429 113 1
-1 6948 11212 9168 480 778 -2055 1
-1 6948 11212 9168 480 778 -2055 1
-1 8068 11520 10340 799 -619 -1139 1
-1 8068 11520 10340 799 -619 -1139 1
-1 4136 11700 8208 1617 -2484 -1781 1
-1 4136 11700 8208 1617 -2484 -1781 1
-1 9004 11052 10568 -171 5912 -18284 1
-1 9004 11052 10568 -171 5912 -18284 1
-1 2488 12288 6944 1709 -3258 -8480 1
-1 2488 12288 6944 1709 -3258 -8480 1
-1 4088 11784 8776 2048 996 -12414 1
-1 4088 11784 8776 2048 996 -12414 1
-1 2444 12548 9908 2013 4299 -8620 1
-1 2444 12548 9908 2013 4299 -8620 1
-1 1912 14100 15596 7715 -2005 -5701 1
-1 1912 14100 15596 7715 -2005 -5701 1
-1 -3756 16112 16604 14990 3146 -12050 1
-1 -3756 16112 16604 14990 3146 -12050 1
-1 -6488 16200 10940 7848 -5919 4275 1
-1 -6488 16200 10940 7848 -5919 4275 1
-1 -2952 16152 4608 10436 -5725 3657 1
-1 -2952 16152 4608 10436 -5725 3657 1
-1 -2612 14304 -4444 2952 -2974 -5448 1
-1 -2612 14304 -4444 2952 -2974 -5448 1
-1 5336 15272 -1328 5553 7377 -1658 1
-1 5336 15272 -1328 5553 7377 -1658 1
-1 2648 15648 52 531 6516 1936 1
-1 2648 15648 52 531 6516 1936 1
-1 1964 16004 2428 4180 8753 2182 1
-1 1964 16004 2428 4180 8753 2182 1
-1 1792 15668 4780 6566 7766 -1150 1
-1 1792 15668 4780 6566 7766 -1150 1
-1 4084 14368 2188 2594 11620 -3677 1
-1 4084 14368 2188 2594 11620 -3677 1
-1 2364 14528 2676 4763 -3243 5683 1
-1 2364 14528 2676 4763 -3243 5683 1
-1 3648 13716 3904 4585 66 6881 1
-1 3648 13716 3904 4585 66 6881 1
-1 3400 12764 -1648 1 -16 4268 1
-1 3400 12764 -1648 1 -16 4268 1
-1 4260 12720 -2416 -2039 -3137 6428 1
-1 4260 12720 -2416 -2039 -3137 6428 1
-1 3676 13432 2292 -1638 2352 1229 1
-1 3676 13432 2292 -1638 2352 1229 1
-1 5720 13864 4044 211 -2857 3612 1
-1 5720 13864 4044 211 -2857 3612 1
-1 3304 14580 2976 2112 -2343 22 1
-1 3304 14580 2976 2112 -2343 22 1
-1 2768 14980 1500 432 -2676 1564 1
-1 2768 14980 1500 432 -2676 1564 1
-1 3848 16324 2900 -437 574 309 1
-1 3848 16324 2900 -437 574 309 1
-1 3012 15480 284 -900 -1939 1979 1
-1 3012 15480 284 -900 -1939 1979 1
-1 3832 15876 2808 -1918 2191 -793 1
-1 3832 15876 2808 -1918 2191 -793 1
-1 6040 14956 4104 -160 -29 2069 1
-1 6040 14956 4104 -160 -29 2069 1
-1 5984 14924 2188 -177 2117 -1876 1
-1 5984 14924 2188 -177 2117 -1876 1
-1 4680 15508 3500 -72 54 -360 1
-1 4680 15508 3500 -72 54 -360 1
-1 6256 15076 4076 28 -1426 298 1
-1 6256 15076 4076 28 -1426 298 1
-1 5900 15972 6208 747 -1652 -54 1
-1 5900 15972 6208 747 -1652 -54 1
-1 5056 15184 2944 -486 -1404 -1875 1
-1 5056 15184 2944 -486 -1404 -1875 1
-1 3948 15052 1664 -1403 -2474 -1627 1
-1 3948 15052 1664 -1403 -2474 -1627 1
-1 3440 14328 1472 -1328 -2407 -1971 1
-1 3440 14328 1472 -1328 -2407 -1971 1
-1 2712 15992 4996 -2916 -2905 274 1
-1 2712 15992 4996 -2916 -2905 274 1
-1 1276 16416 4120 -693 -1812 -158 1
-1 1276 16416 4120 -693 -1812 -158 1
-1 1588 15860 3876 -2587 -1879 -2695 1
-1 1588 15860 3876 -2587 -1879 -2695 1
-1 2288 15144 3764 -1607 -2922 -1722 1
-1 2288 15144 3764 -1607 -2922 -1722 1
-1 1372 14256 3364 -2791 -2572 -504 1
-1 1372 14256 3364 -2791 -2572 -504 1
-1 1976 14268 4148 -1290 1759 -2953 1
-1 1976 14268 4148 -1290 1759 -2953 1
-1 -268 15256 6264 537 -5393 1869 1
-1 -268 15256 6264 537 -5393 1869 1
-1 5204 15428 5680 -285 2064 -4218 1
-1 5204 15428 5680 -285 2064 -4218 1
-1 -416 15528 4440 501 64 -2885 1
-1 -416 15528 4440 501 64 -2885 1
-1 1492 15868 5268 -871 -461 -1324 1
-1 1492 15868 5268 -871 -461 -1324 1
-1 -132 15160 3844 -535 -1646 -946 1
-1 -132 15160 3844 -535 -1646 -946 1
-1 3200 14356 5364 -634 -197 1143 1
-1 3200 14356 5364 -634 -197 1143 1
-1 -1224 14628 5036 -2182 -659 -759 1
-1 -1224 14628 5036 -2182 -659 -759 1
-1 1508 14476 6628 -348 -887 1936 1
-1 1508 14476 6628 -348 -887 1936 1
-1 3272 15084 7024 599 402 1368 1
-1 3272 15084 7024 599 402 1368 1
-1 1368 15448 5076 -667 1012 -2225 1
