-1 20 15924 3924 2254 -795 488 1
-1 20 15924 3924 2254 -795 488 1
-1 -148 15040 4 1998 3341 -1378 1
-1 -148 15040 4 1998 3341 -1378 1
-1 844 15272 964 1441 -2068 -692 1
-1 844 15272 964 1441 -2068 -692 1
-1 3760 15488 -1024 621 6247 2772 1
-1 3760 15488 -1024 621 6247 2772 1
-1 4744 15960 2244 -598 -806 246 1
-1 4744 15960 2244 -598 -806 246 1
-1 4612 16292 -432 405 2080 475 1
-1 4612 16292 -432 405 2080 475 1
-1 636 16136 496 353 4782 536 1
-1 636 16136 496 353 4782 536 1
-1 8000 14924 124 80 3764 -356 1
-1 8000 14924 124 80 3764 -356 1
-1 2712 16284 856 1265 5138 236 1
-1 2712 16284 856 1265 5138 236 1
-1 10276 14332 -2332 -2299 1935 -402 1
-1 10276 14332 -2332 -2299 1935 -402 1
-1 2416 18556 3464 -724 621 -1266 1
-1 2416 18556 3464 -724 621 -1266 1
-1 4852 17344 3004 -2461 1103 773 1
-1 4852 17344 3004 -2461 1103 773 1
-1 5824 16932 4812 -690 -2240 848 1
-1 5824 16932 4812 -690 -2240 848 1
-1 1884 15164 -152 -1885 840 615 1
-1 1884 15164 -152 -1885 840 615 1
-1 4724 16656 3872 -1806 -3086 2947 1
-1 4724 16656 3872 -1806 -3086 2947 1
-1 3368 15860 3232 -627 4995 -3157 1
-1 3368 15860 3232 -627 4995 -3157 1
-1 3492 15876 3996 -1140 -1941 -1606 1
-1 3492 15876 3996 -1140 -1941 -1606 1
-1 1704 16220 3144 -588 313 -1666 1
-1 1704 16220 3144 -588 313 -1666 1
-1 2384 15664 4080 127 160 -853 1
-1 2384 15664 4080 127 160 -853 1
-1 2456 15292 2020 -700 -685 406 1
-1 2456 15292 2020 -700 -685 406 1
-1 2628 15824 3876 445 -363 -284 1
-1 2628 15824 3876 445 -363 -284 1
-1 3304 17776 6060 785 -501 831 1
-1 3304 17776 6060 785 -501 831 1
-1 3800 15696 4560 837 -1208 1239 1
-1 3800 15696 4560 837 -1208 1239 1
-1 3392 15884 3976 3171 -4683 -492 1
-1 3392 15884 3976 3171 -4683 -492 1
-1 2400 15584 3056 1841 -1872 -1643 1
-1 2400 15584 3056 1841 -1872 -1643 1
-1 2460 15044 2844 2022 -1408 1546 1
-1 2460 15044 2844 2022 -1408 1546 1
-1 -3180 18676 4968 4405 -341 1797 1
-1 -3180 18676 4968 4405 -341 1797 1
-1 2252 17360 9940 993 1037 -1785 1
-1 2252 17360 9940 993 1037 -1785 1
-1 4292 16504 1376 543 1283 -4054 1
-1 4292 16504 1376 543 1283 -4054 1
-1 1872 14080 3588 -1810 3855 -6052 1
-1 1872 14080 3588 -1810 3855 -6052 1
-1 2044 15996 2324 -166 999 -1245 1
-1 2044 15996 2324 -166 999 -1245 1
-1 1572 15956 2776 -210 1925 -2403 1
-1 1572 15956 2776 -210 1925 -2403 1
-1 1248 16040 2968 169 2691 -2115 1
-1 1248 16040 2968 169 2691 -2115 1
-1 816 15780 2580 100 786 -1570 1
-1 816 15780 2580 100 786 -1570 1
-1 1152 15628 2736 417 -1703 1014 1
-1 1152 15628 2736 417 -1703 1014 1
-1 2284 16012 2296 362 -60 -223 1
-1 2284 16012 2296 362 -60 -223 1
-1 1884 16748 3132 1279 -1412 1791 1
-1 1884 16748 3132 1279 -1412 1791 1
-1 1076 15828 2392 -208 801 -1408 1
-1 1076 15828 2392 -208 801 -1408 1
-1 876 15812 2516 -71 -438 -119 1
-1 876 15812 2516 -71 -438 -119 1
-1 -1868 15244 3200 200 453 388 1
-1 -1868 15244 3200 200 453 388 1
-1 -420 14576 2400 966 136 -696 1
-1 -420 14576 2400 966 136 -696 1
-1 2000 16036 3280 22 33 -84 1
-1 2000 16036 3280 22 33 -84 1
-1 1028 15856 2688 499 -806 -114 1
-1 1028 15856 2688 499 -806 -114 1
-1 892 15832 2532 -798 465 -892 1
-1 892 15832 2532 -798 465 -892 1
-1 1392 15512 2824 187 -64 -282 1
-1 1392 15512 2824 187 -64 -282 1
-1 1248 15888 3072 1249 185 -262 1
-1 1248 15888 3072 1249 185 -262 1
-1 1268 15784 2864 628 -552 369 1
-1 1268 15784 2864 628 -552 369 1
-1 1132 16012 2764 133 879 -833 1
-1 1132 16012 2764 133 879 -833 1
-1 964 15736 2880 21 -625 750 1
-1 964 15736 2880 21 -625 750 1
-1 1316 16000 2836 748 -75 -62 1
-1 1316 16000 2836 748 -75 -62 1
-1 1096 15784 2832 174 -568 652 1
-1 1096 15784 2832 174 -568 652 1
-1 1372 15632 1988 339 380 588 1
-1 1372 15632 1988 339 380 588 1
-1 684 15548 2024 1075 -427 349 1
-1 684 15548 2024 1075 -427 349 1
-1 1488 15940 2828 457 -180 1338 1
-1 1488 15940 2828 457 -180 1338 1
-1 1572 16212 2760 670 1004 -761 1
-1 1572 16212 2760 670 1004 -761 1
-1 1080 15828 2552 -129 -434 -306 1
-1 1080 15828 2552 -129 -434 -306 1
-1 1280 15700 2636 746 388 227 1
-1 1280 15700 2636 746 388 227 1
-1 1184 15984 2500 227 -700 255 1
-1 1184 15984 2500 227 -700 255 1
-1 1588 15644 2668 -340 1691 -821 1
-1 1588 15644 2668 -340 1691 -821 1
-1 1244 15960 2760 195 204 -475 1
-1 1244 15960 2760 195 204 -475 1
-1 1236 15544 2544 89 299 721 1
-1 1236 15544 2544 89 299 721 1
-1 1544 16164 2992 257 -453 101 1
-1 1544 16164 2992 257 -453 101 1
-1 1284 15832 2932 448 138 -27 1
-1 1284 15832 2932 448 138 -27 1
-1 1420 15940 2816 802 -1476 477 1
-1 1420 15940 2816 802 -1476 477 1
-1 1240 15692 2576 764 -143 318 1
-1 1240 15692 2576 764 -143 318 1
-1 1436 16032 2844 161 418 80 1
-1 1436 16032 2844 161 418 80 1
-1 1592 15684 2800 193 -794 814 1
-1 1592 15684 2800 193 -794 814 1
-1 1608 15928 2868 524 137 -338 1
-1 1608 15928 2868 524 137 -338 1
-1 1404 15740 2396 17 406 -121 1
-1 1404 15740 2396 17 406 -121 1
-1 1424 15836 2500 734 -654 406 1
-1 1424 15836 2500 734 -654 406 1
-1 1588 15952 2636 437 -438 -67 1
-1 1588 15952 2636 437 -438 -67 1
-1 1444 15808 2824 321 -116 -161 1
-1 1444 15808 2824 321 -116 -161 1
-1 1600 16048 2832 663 -1202 1413 1
-1 1600 16048 2832 663 -1202 1413 1
-1 1948 15880 2620 427 -47 290 1
-1 1948 15880 2620 427 -47 290 1
-1 1684 15884 2680 150 -312 -63 1
-1 1684 15884 2680 150 -312 -63 1
-1 1820 15896 3024 508 498 -252 1
-1 1820 15896 3024 508 498 -252 1
-1 1700 15816 2448 651 -842 438 1
-1 1700 15816 2448 651 -842 438 1
-1 1776 15980 2804 288 64 -133 1
-1 1776 15980 2804 288 64 -133 1
-1 1772 15956 2836 351 -512 524 1
-1 1772 15956 2836 351 -512 524 1
-1 1724 15712 2564 431 -304 433 1
-1 1724 15712 2564 431 -304 433 1
-1 1824 16060 2664 340 -143 214 1
-1 1824 16060 2664 340 -143 214 1
-1 2056 15712 2692 -171 486 248 1
-1 2056 15712 2692 -171 486 248 1
-1 1952 15876 2936 516 -1793 1479 1
-1 1952 15876 2936 516 -1793 1479 1
-1 2044 15720 2736 506 1414 -871 1
-1 2044 15720 2736 506 1414 -871 1
-1 2068 15880 2836 686 -526 -82 1
-1 2068 15880 2836 686 -526 -82 1
-1 2148 15804 2644 437 998 -2230 1
-1 2148 15804 2644 437 998 -2230 1
-1 2096 16472 3484 744 -3320 -147 1
-1 2096 16472 3484 744 -3320 -147 1
-1 1628 14388 -416 -4973 8155 -13247 1
-1 1628 14388 -416 -4973 8155 -13247 1
-1 1108 13636 -36 -7893 9047 -18656 1
-1 1108 13636 -36 -7893 9047 -18656 1
-1 -736 14320 2484 -141 -3480 -5152 1
-1 -736 14320 2484 -141 -3480 -5152 1
-1 -2616 14808 3152 -3265 2626 -13999 1
-1 -2616 14808 3152 -3265 2626 -13999 1
-1 -3716 14936 4608 1815 -2413 -5769 1
-1 -3716 14936 4608 1815 -2413 -5769 1
-1 -5252 15644 5964 -898 2360 -10690 1
-1 -5252 15644 5964 -898 2360 -10690 1
-1 -6964 12876 2892 -498 -149 -7455 1
-1 -6964 12876 2892 -498 -149 -7455 1
-1 -6396 14016 4820 1200 -1657 -1223 1
-1 -6396 14016 4820 1200 -1657 -1223 1
-1 -6636 14120 4836 1091 3597 -4458 1
-1 -6636 14120 4836 1091 3597 -4458 1
-1 -7460 13676 3916 1689 -2680 -114 1
-1 -7460 13676 3916 1689 -2680 -114 1
-1 -4416 13268 2584 -1368 2096 -3543 1
-1 -4416 13268 2584 -1368 2096 -3543 1
-1 -8084 13600 4320 1366 -1318 -442 1
-1 -8084 13600 4320 1366 -1318 -442 1
-1 -5880 15516 5572 -930 -2237 902 1
-1 -5880 15516 5572 -930 -2237 902 1
-1 -7564 15168 4140 314 -2042 2050 1
-1 -7564 15168 4140 314 -2042 2050 1
-1 -6668 15520 4196 -294 2330 -928 1
-1 -6668 15520 4196 -294 2330 -928 1
-1 -5568 15052 5860 1232 -1478 2404 1
-1 -5568 15052 5860 1232 -1478 2404 1
-1 -8564 15508 5120 1784 -1329 3382 1
-1 -8564 15508 5120 1784 -1329 3382 1
-1 -5888 15812 6752 3208 -122 2627 1
-1 -5888 15812 6752 3208 -122 2627 1
-1 -7808 13204 1648 754 1820 47 1
-1 -7808 13204 1648 754 1820 47 1
-1 -6180 14392 5232 2911 -3188 2177 1
-1 -6180 14392 5232 2911 -3188 2177 1
-1 -8080 13860 4432 732 2116 -1575 1
-1 -8080 13860 4432 732 2116 -1575 1
-1 -6380 13320 1864 4707 -944 1224 1
-1 -6380 13320 1864 4707 -944 1224 1
-1 -6780 14424 3936 31 3783 -2079 1
-1 -6780 14424 3936 31 3783 -2079 1
-1 -6904 12428 -1220 -927 5371 -4221 1
-1 -6904 12428 -1220 -927 5371 -4221 1
-1 -5220 14160 5576 4113 -385 2695 1
-1 -5220 14160 5576 4113 -385 2695 1
-1 -6160 12452 692 -1372 3412 -793 1
-1 -6160 12452 692 -1372 3412 -793 1
-1 -8048 12464 -728 1871 -2988 4573 1
-1 -8048 12464 -728 1871 -2988 4573 1
-1 -4896 13184 2412 -3024 703 2218 1
-1 -4896 13184 2412 -3024 703 2218 1
-1 -6284 13100 884 -888 2723 -644 1
-1 -6284 13100 884 -888 2723 -644 1
-1 -7860 13224 1464 -433 -1735 1701 1
-1 -7860 13224 1464 -433 -1735 1701 1
-1 -7264 14400 2920 -425 2988 -833 1
-1 -7264 14400 2920 -425 2988 -833 1
-1 -6936 13176 2316 -520 520 -282 1
-1 -6936 13176 2316 -520 520 -282 1
-1 -6076 12748 2124 -890 5323 -2181 1
-1 -6076 12748 2124 -890 5323 -2181 1
-1 -7656 12672 1756 1523 -2633 2181 1
-1 -7656 12672 1756 1523 -2633 2181 1
-1 -5100 12520 4108 371 818 145 1
-1 -5100 12520 4108 371 818 145 1
-1 -8020 13124 1560 -59 -2105 2131 1
-1 -8020 13124 1560 -59 -2105 2131 1
-1 -3320 12876 2244 -314 -624 1368 1
-1 -3320 12876 2244 -314 -624 1368 1
-1 -6880 13844 1428 -681 -1451 2176 1
-1 -6880 13844 1428 -681 -1451 2176 1
-1 -5536 13708 2464 1218 -644 2489 1
-1 -5536 13708 2464 1218 -644 2489 1
-1 -3552 14528 3448 1044 -843 6770 1
-1 -3552 14528 3448 1044 -843 6770 1
-1 -6668 14816 3528 -710 1525 7866 1
-1 -6668 14816 3528 -710 1525 7866 1
-1 -268 15480 4408 1285 -5352 19799 1
-1 -268 15480 4408 1285 -5352 19799 1
-1 44 15996 2288 -1586 -5502 14200 1
-1 44 15996 2288 -1586 -5502 14200 1
-1 3400 15684 1352 -831 -5086 17871 1
-1 3400 15684 1352 -831 -5086 17871 1
-1 -224 17696 4332 6257 -12348 24350 1
-1 -224 17696 4332 6257 -12348 24350 1
-1 4632 15712 2224 -1008 1044 14654 1
-1 4632 15712 2224 -1008 1044 14654 1
-1 5676 13088 -828 -63 -8029 18024 1
-1 5676 13088 -828 -63 -8029 18024 1
-1 10252 13148 2664 -706 -1036 7335 1
-1 10252 13148 2664 -706 -1036 7335 1
-1 9504 12624 1560 -1054 -3239 5820 1
-1 9504 12624 1560 -1054 -3239 5820 1
-1 9080 13096 3564 179 3165 -1744 1
-1 9080 13096 3564 179 3165 -1744 1
-1 9628 11192 464 -1008 -2145 6582 1
-1 9628 11192 464 -1008 -2145 6582 1
-1 9304 11232 2496 2079 -1543 7511 1
-1 9304 11232 2496 2079 -1543 7511 1
-1 11136 9912 2808 -699 1156 2182 1
-1 11136 9912 2808 -699 1156 2182 1
-1 12012 7984 320 1861 -1155 5682 1
-1 12012 7984 320 1861 -1155 5682 1
-1 10092 10196 11116 1259 3304 -1358 1
-1 10092 10196 11116 1259 3304 -1358 1
-1 15376 10504 2320 -410 2780 143 1
-1 15376 10504 2320 -410 2780 143 1
-1 10236 10172 472 -480 3055 239 1
-1 10236 10172 472 -480 3055 239 1
-1 12916 9572 4028 -1371 56 1690 1
-1 12916 9572 4028 -1371 56 1690 1
-1 13068 8820 1336 -967 1255 -3787 1
-1 13068 8820 1336 -967 1255 -3787 1
-1 12388 10252 -648 -265 -2790 1125 1
-1 12388 10252 -648 -265 -2790 1125 1
-1 9140 12908 1088 -1262 5547 -5785 1
-1 9140 12908 1088 -1262 5547 -5785 1
-1 14664 10368 2532 -918 1144 -820 1
-1 14664 10368 2532 -918 1144 -820 1
-1 10788 11712 2956 -2285 343 -523 1
-1 10788 11712 2956 -2285 343 -523 1
-1 9860 11888 3396 -411 -470 -412 1
-1 9860 11888 3396 -411 -470 -412 1
-1 11108 10876 7064 -1365 -2810 1076 1
-1 11108 10876 7064 -1365 -2810 1076 1
-1 9616 11488 3596 -1937 -130 -58 1
-1 9616 11488 3596 -1937 -130 -58 1
-1 10908 11188 5392 55 10 -222 1
-1 10908 11188 5392 55 10 -222 1
-1 9104 11784 4336 -4222 -1434 1950 1
-1 9104 11784 4336 -4222 -1434 1950 1
-1 12332 10388 6064 -1217 2032 -1082 1
-1 12332 10388 6064 -1217 2032 -1082 1
-1 10108 19296 7124 1449 -13149 6290 1
-1 10108 19296 7124 1449 -13149 6290 1
-1 13236 14652 4516 1988 135 -2540 1
-1 13236 14652 4516 1988 135 -2540 1
-1 7180 10724 1228 2244 -1720 1126 1
-1 7180 10724 1228 2244 -1720 1126 1
-1 13340 11748 10524 -950 2398 -3825 1
-1 13340 11748 10524 -950 2398 -3825 1
-1 14984 11408 -7420 -516 7717 -5497 1
-1 14984 11408 -7420 -516 7717 -5497 1
-1 12864 15220 2976 -686 1021 -663 1
-1 12864 15220 2976 -686 1021 -663 1
-1 7660 13212 9336 2494 -4094 -961 1
-1 7660 13212 9336 2494 -4094 -961 1
-1 10264 12428 4472 1365 487 -3833 1
-1 10264 12428 4472 1365 487 -3833 1
-1 9536 13880 4644 1165 -1116 -3800 1
-1 9536 13880 4644 1165 -1116 -3800 1
-1 8636 12932 5040 1631 934 -3620 1
-1 8636 12932 5040 1631 934 -3620 1
-1 8508 12808 4488 1296 4787 -6460 1
-1 8508 12808 4488 1296 4787 -6460 1
-1 7164 14116 5340 1278 4799 -15688 1
-1 7164 14116 5340 1278 4799 -15688 1
-1 5596 14524 6048 -471 926 -16675 1
-1 5596 14524 6048 -471 926 -16675 1
-1 6200 13572 3176 4051 -2257 -7508 1
-1 6200 13572 3176 4051 -2257 -7508 1
-1 2136 14208 3252 2534 8475 -16045 1
-1 2136 14208 3252 2534 8475 -16045 1
-1 2220 15096 2580 3826 -2745 241 1
-1 2220 15096 2580 3826 -2745 241 1
-1 2312 15568 5860 3223 -3379 470 1
-1 2312 15568 5860 3223 -3379 470 1
-1 1600 14476 2940 748 2379 -2049 1
-1 1600 14476 2940 748 2379 -2049 1
-1 924 16496 5604 1535 -4151 -537 1
-1 924 16496 5604 1535 -4151 -537 1
-1 -2900 18944 6508 2515 -4674 4535 1
-1 -2900 18944 6508 2515 -4674 4535 1
-1 104 18480 5608 7295 -9489 4138 1
-1 104 18480 5608 7295 -9489 4138 1
-1 732 15884 1436 -3525 3095 -3008 1
-1 732 15884 1436 -3525 3095 -3008 1
-1 -1224 18372 3904 5528 6629 -215 1
-1 -1224 18372 3904 5528 6629 -215 1
-1 8276 14760 -548 -4206 -3102 -2727 1
-1 8276 14760 -548 -4206 -3102 -2727 1
-1 6616 16184 -64 4002 5853 -4355 1
-1 6616 16184 -64 4002 5853 -4355 1
-1 2552 17476 1580 -368 -2640 1881 1
-1 2552 17476 1580 -368 -2640 1881 1
-1 -1300 16240 1796 3144 9459 -2804 1
-1 -1300 16240 1796 3144 9459 -2804 1
-1 5372 15188 6216 5221 6377 5641 1
-1 5372 15188 6216 5221 6377 5641 1
-1 3252 12732 -376 1787 7154 1011 1
-1 3252 12732 -376 1787 7154 1011 1
-1 4288 12628 1104 2413 1313 5011 1
-1 4288 12628 1104 2413 1313 5011 1
-1 5452 12080 2872 -587 3915 -968 1
-1 5452 12080 2872 -587 3915 -968 1
-1 4740 13660 2816 1043 -362 2076 1
-1 4740 13660 2816 1043 -362 2076 1
-1 5196 14304 -1192 1071 975 930 1
-1 5196 14304 -1192 1071 975 930 1
-1 5460 16216 184 441 1005 -3379 1
-1 5460 16216 184 441 1005 -3379 1
-1 2644 17100 3032 335 128 -651 1
-1 2644 17100 3032 335 128 -651 1
-1 860 15984 536 -1338 -61 -655 1
-1 860 15984 536 -1338 -61 -655 1
-1 4276 16028 3332 -1047 -114 2038 1
-1 4276 16028 3332 -1047 -114 2038 1
-1 2032 15784 2816 -665 -70 1672 1
-1 2032 15784 2816 -665 -70 1672 1
-1 5264 14348 -3200 -554 -1429 831 1
-1 5264 14348 -3200 -554 -1429 831 1
-1 2524 14832 5196 2120 -2759 1397 1
-1 2524 14832 5196 2120 -2759 1397 1
-1 2112 15900 4252 2620 1966 2051 1
-1 2112 15900 4252 2620 1966 2051 1
-1 6168 16240 3036 1145 -2379 1258 1
-1 6168 16240 3036 1145 -2379 1258 1
-1 1300 17060 2292 2143 1829 -1693 1
-1 1300 17060 2292 2143 1829 -1693 1
-1 4964 16368 2712 1814 -4161 6060 1
-1 4964 16368 2712 1814 -4161 6060 1
-1 2120 15264 -1580 930 -3290 493 1
-1 2120 15264 -1580 930 -3290 493 1
-1 4060 15712 684 1091 -2672 690 1
-1 4060 15712 684 1091 -2672 690 1
-1 -2336 18604 1196 -693 -2165 -1485 1
-1 -2336 18604 1196 -693 -2165 -1485 1
-1 2928 16796 1268 -2925 -443 -954 1
-1 2928 16796 1268 -2925 -443 -954 1
-1 2632 15844 420 129 -1384 -1154 1
-1 2632 15844 420 129 -1384 -1154 1
-1 4632 15440 2636 -3046 68 -4430 1
-1 4632 15440 2636 -3046 68 -4430 1
-1 2152 15800 2304 303 -498 -3076 1
-1 2152 15800 2304 303 -498 -3076 1
-1 348 17212 2992 2261 -170 -529 1
-1 348 17212 2992 2261 -170 -529 1
-1 2504 15212 116 -1415 147 -3708 1
-1 2504 15212 116 -1415 147 -3708 1
-1 200 15284 1084 -349 -184 -2571 1
-1 200 15284 1084 -349 -184 -2571 1
-1 -2552 16276 2628 873 -887 -1782 1
-1 -2552 16276 2628 873 -887 -1782 1
-1 -328 16740 2752 -922 -2663 2695 1
-1 -328 16740 2752 -922 -2663 2695 1
-1 984 16632 2620 876 -139 -1043 1
-1 984 16632 2620 876 -139 -1043 1
-1 -1800 15876 1732 571 -1554 525 1
-1 -1800 15876 1732 571 -1554 525 1
-1 2204 15500 1072 1185 -67 -455 1
-1 2204 15500 1072 1185 -67 -455 1
-1 -2616 15832 1168 3377 -3452 3641 1
-1 -2616 15832 1168 3377 -3452 3641 1
-1 1464 17176 3220 5 606 -1516 1
-1 1464 17176 3220 5 606 -1516 1
-1 160 15996 888 611 1337 -2069 1
-1 160 15996 888 611 1337 -2069 1
-1 1380 17276 3316 -1012 46 224 1
-1 1380 17276 3316 -1012 46 224 1
-1 2304 16128 2980 211 455 -1699 1
-1 2304 16128 2980 211 455 -1699 1
-1 1100 15404 1720 409 -1016 536 1
-1 1100 15404 1720 409 -1016 536 1
