-1 -316 16768 3016 -2980 -2126 -5463 1
-1 -316 16768 3016 -2980 -2126 -5463 1
-1 1364 15960 3256 -4804 -2882 -1243 1
-1 1364 15960 3256 -4804 -2882 -1243 1
-1 1368 16200 5612 -5674 -621 -3309 1
-1 1368 16200 5612 -5674 -621 -3309 1
-1 1664 16608 5232 -5374 -5170 5270 1
-1 1664 16608 5232 -5374 -5170 5270 1
-1 2272 17344 5636 -5730 -3782 2690 1
-1 2272 17344 5636 -5730 -3782 2690 1
-1 3504 16624 5736 -2514 2229 469 1
-1 3504 16624 5736 -2514 2229 469 1
-1 1852 14628 1008 437 -2588 184 1
-1 1852 14628 1008 437 -2588 184 1
-1 2308 15668 5100 -4785 1311 1144 1
-1 2308 15668 5100 -4785 1311 1144 1
-1 5960 13824 4144 -416 -587 2288 1
-1 5960 13824 4144 -416 -587 2288 1
-1 2960 14148 5980 -1977 -1050 1671 1
-1 2960 14148 5980 -1977 -1050 1671 1
-1 4168 15520 7388 -1153 4066 -927 1
-1 4168 15520 7388 -1153 4066 -927 1
-1 3444 15292 7880 1168 27 2737 1
-1 3444 15292 7880 1168 27 2737 1
-1 4204 14012 6192 159 2668 451 1
-1 4204 14012 6192 159 2668 451 1
-1 2536 14140 6320 1497 1291 613 1
-1 2536 14140 6320 1497 1291 613 1
-1 3596 13844 7560 1359 1369 1326 1
-1 3596 13844 7560 1359 1369 1326 1
-1 4332 13788 6660 1056 1927 537 1
-1 4332 13788 6660 1056 1927 537 1
-1 3808 13656 7032 653 1495 -79 1
-1 3808 13656 7032 653 1495 -79 1
-1 2696 13564 5456 427 1790 -647 1
-1 2696 13564 5456 427 1790 -647 1
-1 2236 14276 5624 50 2537 512 1
-1 2236 14276 5624 50 2537 512 1
-1 2244 14340 4964 1325 3806 113 1
-1 2244 14340 4964 1325 3806 113 1
-1 2400 14496 5168 1336 1818 623 1
-1 2400 14496 5168 1336 1818 623 1
-1 3472 14584 6192 3397 2224 1451 1
-1 3472 14584 6192 3397 2224 1451 1
-1 3404 13064 2156 3832 -175 3247 1
-1 3404 13064 2156 3832 -175 3247 1
-1 3144 14300 4252 2801 1130 542 1
-1 3144 14300 4252 2801 1130 542 1
-1 4320 15024 7020 1854 875 -2145 1
-1 4320 15024 7020 1854 875 -2145 1
-1 1020 14516 6192 1137 2150 -2905 1
-1 1020 14516 6192 1137 2150 -2905 1
-1 -152 15496 7456 2338 -644 -258 1
-1 -152 15496 7456 2338 -644 -258 1
-1 176 14776 6740 3840 -2027 3379 1
-1 176 14776 6740 3840 -2027 3379 1
-1 912 14292 4472 2493 846 1321 1
-1 912 14292 4472 2493 846 1321 1
-1 3660 15044 4476 3573 4578 -2876 1
-1 3660 15044 4476 3573 4578 -2876 1
-1 1308 15740 4516 1413 3482 -2568 1
-1 1308 15740 4516 1413 3482 -2568 1
-1 1612 15948 4304 3373 1245 176 1
-1 1612 15948 4304 3373 1245 176 1
-1 1244 15304 3848 3779 1444 1949 1
-1 1244 15304 3848 3779 1444 1949 1
-1 4072 16140 4984 2684 -1824 2223 1
-1 4072 16140 4984 2684 -1824 2223 1
-1 2336 19108 3424 4503 -5057 -4042 1
-1 2336 19108 3424 4503 -5057 -4042 1
-1 3952 17156 4336 5104 4025 672 1
-1 3952 17156 4336 5104 4025 672 1
-1 -52 16132 1956 4298 -794 2477 1
-1 -52 16132 1956 4298 -794 2477 1
-1 2024 15844 8764 3325 -1640 3936 1
-1 2024 15844 8764 3325 -1640 3936 1
-1 120 17896 2024 -283 9983 -5642 1
-1 120 17896 2024 -283 9983 -5642 1
-1 976 17060 1008 1644 1438 855 1
-1 976 17060 1008 1644 1438 855 1
-1 -688 15884 3220 558 406 -1991 1
-1 -688 15884 3220 558 406 -1991 1
-1 -1208 14752 2588 430 -1721 -167 1
-1 -1208 14752 2588 430 -1721 -167 1
-1 -1752 14676 4068 717 -1771 909 1
-1 -1752 14676 4068 717 -1771 909 1
-1 4508 16076 2992 423 239 2128 1
-1 4508 16076 2992 423 239 2128 1
-1 2356 16524 1884 -235 -211 36 1
-1 2356 16524 1884 -235 -211 36 1
-1 2196 16260 2028 -485 1846 -1547 1
-1 2196 16260 2028 -485 1846 -1547 1
-1 1336 16124 1792 -205 -1334 -242 1
-1 1336 16124 1792 -205 -1334 -242 1
-1 1304 16500 2504 -670 3020 -2602 1
-1 1304 16500 2504 -670 3020 -2602 1
-1 148 15476 1888 -784 91 -1005 1
-1 148 15476 1888 -784 91 -1005 1
-1 -2032 14680 280 160 -3772 1817 1
-1 -2032 14680 280 160 -3772 1817 1
-1 2736 15920 1596 1116 -539 1214 1
-1 2736 15920 1596 1116 -539 1214 1
-1 2364 15156 196 57 2029 -517 1
-1 2364 15156 196 57 2029 -517 1
-1 2120 15540 1480 541 -1070 959 1
-1 2120 15540 1480 541 -1070 959 1
-1 1280 16188 2308 257 -651 -42 1
-1 1280 16188 2308 257 -651 -42 1
-1 1052 16016 1812 303 265 -132 1
-1 1052 16016 1812 303 265 -132 1
-1 1768 15696 1976 -121 -306 90 1
-1 1768 15696 1976 -121 -306 90 1
-1 1704 15964 1992 142 955 -997 1
-1 1704 15964 1992 142 955 -997 1
-1 1556 15564 1692 441 -1508 873 1
-1 1556 15564 1692 441 -1508 873 1
-1 1696 15712 2020 -283 376 -370 1
-1 1696 15712 2020 -283 376 -370 1
-1 1036 15796 1832 -111 523 -63 1
-1 1036 15796 1832 -111 523 -63 1
-1 2196 16204 2780 7 -664 258 1
-1 2196 16204 2780 7 -664 258 1
-1 1484 15424 1452 -863 2520 -2193 1
-1 1484 15424 1452 -863 2520 -2193 1
-1 2084 15952 2316 45 -349 -277 1
-1 2084 15952 2316 45 -349 -277 1
-1 904 16416 2324 90 1239 -1012 1
-1 904 16416 2324 90 1239 -1012 1
-1 1812 15484 2524 -267 39 -254 1
-1 1812 15484 2524 -267 39 -254 1
-1 548 16128 2428 352 -84 -111 1
-1 548 16128 2428 352 -84 -111 1
-1 1228 15712 2036 243 200 -536 1
-1 1228 15712 2036 243 200 -536 1
-1 1108 16216 2624 221 -1438 1093 1
-1 1108 16216 2624 221 -1438 1093 1
-1 1336 15656 2224 167 1090 -162 1
-1 1336 15656 2224 167 1090 -162 1
-1 1660 16128 3040 398 -230 163 1
-1 1660 16128 3040 398 -230 163 1
-1 936 15960 2540 427 279 -150 1
-1 936 15960 2540 427 279 -150 1
-1 1904 15428 2476 243 -295 243 1
-1 1904 15428 2476 243 -295 243 1
-1 976 15804 2152 65 386 -492 1
-1 976 15804 2152 65 386 -492 1
-1 1436 15828 2732 206 256 -378 1
-1 1436 15828 2732 206 256 -378 1
-1 856 16056 2584 101 -646 266 1
-1 856 16056 2584 101 -646 266 1
-1 1132 15948 2980 303 386 -503 1
-1 1132 15948 2980 303 386 -503 1
-1 624 15748 2112 -247 281 -269 1
-1 624 15748 2112 -247 281 -269 1
-1 1172 15808 2696 132 -570 161 1
-1 1172 15808 2696 132 -570 161 1
-1 264 16400 3132 1420 371 88 1
-1 264 16400 3132 1420 371 88 1
-1 1916 15472 1856 639 -889 1503 1
-1 1916 15472 1856 639 -889 1503 1
-1 996 15980 2872 504 -146 23 1
-1 996 15980 2872 504 -146 23 1
-1 1668 15840 2460 210 623 -433 1
-1 1668 15840 2460 210 623 -433 1
-1 572 15724 2412 600 -136 -355 1
-1 572 15724 2412 600 -136 -355 1
-1 1760 15516 2392 239 -845 761 1
-1 1760 15516 2392 239 -845 761 1
-1 344 16040 2544 1020 -112 410 1
-1 344 16040 2544 1020 -112 410 1
-1 2144 15612 2704 119 -72 326 1
-1 2144 15612 2704 119 -72 326 1
-1 1060 16056 2700 406 933 -1456 1
-1 1060 16056 2700 406 933 -1456 1
-1 2052 15844 2180 -393 1381 -1788 1
-1 2052 15844 2180 -393 1381 -1788 1
-1 588 15952 2728 747 -32 -869 1
-1 588 15952 2728 747 -32 -869 1
-1 216 15588 2196 -1472 1359 -4379 1
-1 216 15588 2196 -1472 1359 -4379 1
-1 1600 17060 5480 -2334 728 -9722 1
-1 1600 17060 5480 -2334 728 -9722 1
-1 -2392 15568 2952 -2694 -633 -10541 1
-1 -2392 15568 2952 -2694 -633 -10541 1
-1 8 15908 4312 -4682 -1587 -11897 1
-1 8 15908 4312 -4682 -1587 -11897 1
-1 -4748 16776 4948 448 -446 -4630 1
-1 -4748 16776 4948 448 -446 -4630 1
-1 -2208 15560 4188 -6946 4330 -8227 1
-1 -2208 15560 4188 -6946 4330 -8227 1
-1 -5344 15328 6032 -1582 5407 -8902 1
-1 -5344 15328 6032 -1582 5407 -8902 1
-1 -4656 15188 8856 4555 -6143 2476 1
-1 -4656 15188 8856 4555 -6143 2476 1
-1 -5696 14060 3988 1234 57 -1891 1
-1 -5696 14060 3988 1234 57 -1891 1
-1 -4868 13452 2816 3661 -361 241 1
-1 -4868 13452 2816 3661 -361 241 1
-1 -4496 15096 5824 -2554 5690 -6618 1
-1 -4496 15096 5824 -2554 5690 -6618 1
-1 -7300 13164 3716 692 1417 -954 1
-1 -7300 13164 3716 692 1417 -954 1
-1 -4876 13936 5408 1111 -1029 895 1
-1 -4876 13936 5408 1111 -1029 895 1
-1 -5620 12464 1396 2665 1128 -615 1
-1 -5620 12464 1396 2665 1128 -615 1
-1 -6452 14464 5016 2808 -1215 3220 1
-1 -6452 14464 5016 2808 -1215 3220 1
-1 -6516 15144 2512 -1035 3100 -1416 1
-1 -6516 15144 2512 -1035 3100 -1416 1
-1 -5124 14368 2084 2840 -2925 2845 1
-1 -5124 14368 2084 2840 -2925 2845 1
-1 -3280 15240 5320 -1333 7108 -3659 1
-1 -3280 15240 5320 -1333 7108 -3659 1
-1 -6596 13860 2604 4037 -3605 3499 1
-1 -6596 13860 2604 4037 -3605 3499 1
-1 -3268 15636 5456 2475 1044 -1338 1
-1 -3268 15636 5456 2475 1044 -1338 1
-1 -6332 13692 876 1786 -3085 2518 1
-1 -6332 13692 876 1786 -3085 2518 1
-1 -5616 15264 4900 2142 4744 -1207 1
-1 -5616 15264 4900 2142 4744 -1207 1
-1 -4496 13932 3180 86 -1101 4284 1
-1 -4496 13932 3180 86 -1101 4284 1
-1 -4652 14700 2240 1298 -45 1616 1
-1 -4652 14700 2240 1298 -45 1616 1
-1 -3404 14892 3352 3776 1543 -839 1
-1 -3404 14892 3352 3776 1543 -839 1
-1 -7184 14356 976 1177 3565 224 1
-1 -7184 14356 976 1177 3565 224 1
-1 -6928 14716 1164 217 -1748 2601 1
-1 -6928 14716 1164 217 -1748 2601 1
-1 -4420 13916 1432 2314 3314 690 1
-1 -4420 13916 1432 2314 3314 690 1
-1 -6240 14704 2308 2376 -4545 4671 1
-1 -6240 14704 2308 2376 -4545 4671 1
-1 -1604 16088 3976 380 -336 991 1
-1 -1604 16088 3976 380 -336 991 1
-1 -5292 14908 96 -1022 1015 585 1
-1 -5292 14908 96 -1022 1015 585 1
-1 -1832 13888 2248 620 -587 91 1
-1 -1832 13888 2248 620 -587 91 1
-1 -7508 13608 616 -3534 4200 -3581 1
-1 -7508 13608 616 -3534 4200 -3581 1
-1 -5320 12440 1832 257 351 -103 1
-1 -5320 12440 1832 257 351 -103 1
-1 -4496 13976 2628 31 -1598 1982 1
-1 -4496 13976 2628 31 -1598 1982 1
-1 -4444 14412 1512 57 -328 2160 1
-1 -4444 14412 1512 57 -328 2160 1
-1 -4916 14760 1728 468 262 1012 1
-1 -4916 14760 1728 468 262 1012 1
-1 -4300 15712 2896 72 -881 2291 1
-1 -4300 15712 2896 72 -881 2291 1
-1 -3408 16024 3960 1347 819 3673 1
-1 -3408 16024 3960 1347 819 3673 1
-1 -4064 15840 3224 1993 -1662 8276 1
-1 -4064 15840 3224 1993 -1662 8276 1
-1 1236 14552 1088 801 -478 11262 1
-1 1236 14552 1088 801 -478 11262 1
-1 -5012 15920 2404 9527 -10320 21309 1
-1 -5012 15920 2404 9527 -10320 21309 1
-1 2912 16812 1612 4273 -8992 23531 1
-1 2912 16812 1612 4273 -8992 23531 1
-1 5844 14260 -2812 938 -5264 21029 1
-1 5844 14260 -2812 938 -5264 21029 1
-1 8392 14720 144 -3445 2240 5372 1
-1 8392 14720 144 -3445 2240 5372 1
-1 8460 13952 944 -3752 -1174 11041 1
-1 8460 13952 944 -3752 -1174 11041 1
-1 9368 14688 3548 -2368 -1998 5263 1
-1 9368 14688 3548 -2368 -1998 5263 1
-1 10312 12924 2188 1849 -963 5064 1
-1 10312 12924 2188 1849 -963 5064 1
-1 8840 12992 916 -133 471 2702 1
-1 8840 12992 916 -133 471 2702 1
-1 7496 12736 -324 415 -1567 4163 1
-1 7496 12736 -324 415 -1567 4163 1
-1 11988 11680 1884 398 1120 282 1
-1 11988 11680 1884 398 1120 282 1
-1 8700 10812 -1612 -1539 134 4533 1
-1 8700 10812 -1612 -1539 134 4533 1
-1 10092 11816 284 -765 355 528 1
-1 10092 11816 284 -765 355 528 1
-1 11108 12668 1924 -1573 428 3511 1
-1 11108 12668 1924 -1573 428 3511 1
-1 10276 12972 2772 1024 -1711 3039 1
-1 10276 12972 2772 1024 -1711 3039 1
-1 11456 12796 3264 -647 935 49 1
-1 11456 12796 3264 -647 935 49 1
-1 11696 11372 1888 -207 -870 718 1
-1 11696 11372 1888 -207 -870 718 1
-1 11584 12260 1132 -223 1263 875 1
-1 11584 12260 1132 -223 1263 875 1
-1 10880 12532 1820 1319 3392 -2458 1
-1 10880 12532 1820 1319 3392 -2458 1
-1 10532 12196 1852 -92 2569 -1772 1
-1 10532 12196 1852 -92 2569 -1772 1
-1 9764 12276 1860 375 3165 -3298 1
-1 9764 12276 1860 375 3165 -3298 1
-1 9704 12384 2848 -1213 2980 -2292 1
-1 9704 12384 2848 -1213 2980 -2292 1
-1 9908 12352 1680 -2078 1709 -3540 1
-1 9908 12352 1680 -2078 1709 -3540 1
-1 9648 13788 4432 57 1586 -2557 1
-1 9648 13788 4432 57 1586 -2557 1
-1 8768 13516 2748 -620 1044 281 1
-1 8768 13516 2748 -620 1044 281 1
-1 9812 13580 5336 -90 2332 -2487 1
-1 9812 13580 5336 -90 2332 -2487 1
-1 7452 13068 2988 334 389 1127 1
-1 7452 13068 2988 334 389 1127 1
-1 9932 11592 1788 1406 810 1770 1
-1 9932 11592 1788 1406 810 1770 1
-1 8396 13828 3860 -854 1632 -2012 1
-1 8396 13828 3860 -854 1632 -2012 1
-1 9684 13228 3700 -1832 323 610 1
-1 9684 13228 3700 -1832 323 610 1
-1 9320 13516 4092 -1616 -51 -668 1
-1 9320 13516 4092 -1616 -51 -668 1
-1 8368 13180 3708 -2274 805 -314 1
-1 8368 13180 3708 -2274 805 -314 1
-1 10484 14012 6196 -2178 169 -1680 1
-1 10484 14012 6196 -2178 169 -1680 1
-1 7200 13528 3252 -2441 1693 -1342 1
-1 7200 13528 3252 -2441 1693 -1342 1
-1 8952 14168 5528 -1194 1500 -3114 1
-1 8952 14168 5528 -1194 1500 -3114 1
-1 8604 14368 6064 -1024 59 -1755 1
-1 8604 14368 6064 -1024 59 -1755 1
-1 7976 13232 4560 -2073 -72 -2172 1
-1 7976 13232 4560 -2073 -72 -2172 1
-1 7372 13720 5288 -1145 -1412 503 1
-1 7372 13720 5288 -1145 -1412 503 1
-1 7596 14304 6564 -980 140 -1246 1
-1 7596 14304 6564 -980 140 -1246 1
-1 7536 13916 6944 -62 51 -850 1
-1 7536 13916 6944 -62 51 -850 1
-1 6604 13364 5724 137 502 -1377 1
-1 6604 13364 5724 137 502 -1377 1
-1 7528 13384 6116 214 233 -1063 1
-1 7528 13384 6116 214 233 -1063 1
-1 6868 14296 6952 112 -382 -1009 1
-1 6868 14296 6952 112 -382 -1009 1
-1 7892 13596 6520 281 439 -1629 1
-1 7892 13596 6520 281 439 -1629 1
-1 6928 13264 6212 500 525 -1378 1
-1 6928 13264 6212 500 525 -1378 1
-1 5440 15844 8940 613 -713 -3693 1
-1 5440 15844 8940 613 -713 -3693 1
-1 3872 17372 11940 3687 217 -6044 1
-1 3872 17372 11940 3687 217 -6044 1
-1 -704 16996 7440 3851 -1469 -14096 1
-1 -704 16996 7440 3851 -1469 -14096 1
-1 948 16524 6796 7726 -2913 -4120 1
-1 948 16524 6796 7726 -2913 -4120 1
-1 -2652 15500 -744 8850 -723 -6327 1
-1 -2652 15500 -744 8850 -723 -6327 1
-1 8160 16468 2692 4932 202 -6428 1
-1 8160 16468 2692 4932 202 -6428 1
-1 1788 18884 2420 5782 -1079 -4241 1
-1 1788 18884 2420 5782 -1079 -4241 1
-1 -44 18976 1932 6468 4857 -7454 1
-1 -44 18976 1932 6468 4857 -7454 1
-1 3724 18168 2316 4195 5304 -4037 1
-1 3724 18168 2316 4195 5304 -4037 1
-1 1168 15524 -1144 5327 8044 -739 1
-1 1168 15524 -1144 5327 8044 -739 1
-1 5076 15432 36 4146 6388 914 1
-1 5076 15432 36 4146 6388 914 1
-1 2272 13812 1064 5298 2962 2529 1
-1 2272 13812 1064 5298 2962 2529 1
-1 2332 12072 -1180 1487 3707 3935 1
-1 2332 12072 -1180 1487 3707 3935 1
-1 3552 13112 -1600 777 133 4394 1
-1 3552 13112 -1600 777 133 4394 1
-1 3716 13960 -876 -2511 4624 -4247 1
-1 3716 13960 -876 -2511 4624 -4247 1
-1 1364 13528 -2616 -3202 -3173 -1173 1
-1 1364 13528 -2616 -3202 -3173 -1173 1
-1 3556 16108 2200 -1196 -206 -573 1
-1 3556 16108 2200 -1196 -206 -573 1
-1 1060 16332 2420 459 -4322 -399 1
-1 1060 16332 2420 459 -4322 -399 1
-1 488 15728 1296 792 -2332 389 1
-1 488 15728 1296 792 -2332 389 1
-1 2320 17056 2580 106 -4019 1495 1
-1 2320 17056 2580 106 -4019 1495 1
-1 972 15536 -616 2086 -3649 4356 1
-1 972 15536 -616 2086 -3649 4356 1
-1 1180 16700 932 2232 -4681 1684 1
-1 1180 16700 932 2232 -4681 1684 1
-1 3680 15216 -52 1199 -748 1603 1
-1 3680 15216 -52 1199 -748 1603 1
-1 4348 16848 1500 867 965 -1594 1
-1 4348 16848 1500 867 965 -1594 1
-1 3352 16208 828 1964 -2222 547 1
-1 3352 16208 828 1964 -2222 547 1
-1 3524 16764 -288 953 -1901 -1090 1
-1 3524 16764 -288 953 -1901 -1090 1
-1 2720 16276 8 1321 -1539 726 1
-1 2720 16276 8 1321 -1539 726 1
-1 3828 16448 448 -370 -1465 -2042 1
-1 3828 16448 448 -370 -1465 -2042 1
-1 2196 15916 584 -2342 -2724 -368 1
-1 2196 15916 584 -2342 -2724 -368 1
-1 1128 14408 -1400 -376 -2863 -650 1
-1 1128 14408 -1400 -376 -2863 -650 1
-1 2996 16676 1020 -2601 -3779 737 1
-1 2996 16676 1020 -2601 -3779 737 1
-1 2384 16096 -76 -1650 -1610 -1105 1
-1 2384 16096 -76 -1650 -1610 -1105 1
-1 160 16496 224 -996 -3443 -826 1
-1 160 16496 224 -996 -3443 -826 1
-1 3208 16432 1604 -746 -4358 1158 1
-1 3208 16432 1604 -746 -4358 1158 1
-1 -396 16916 1996 -891 -3613 -278 1
-1 -396 16916 1996 -891 -3613 -278 1
-1 2612 17340 4408 386 -2740 -815 1
-1 2612 17340 4408 386 -2740 -815 1
-1 -56 15924 784 0 -899 -2829 1
-1 -56 15924 784 0 -899 -2829 1
-1 452 16376 912 394 -1758 -763 1
-1 452 16376 912 394 -1758 -763 1
-1 1036 16068 720 -496 -1020 -493 1
-1 1036 16068 720 -496 -1020 -493 1
-1 600 15968 488 259 -2649 1009 1
-1 600 15968 488 259 -2649 1009 1
-1 2116 15872 1412 -1279 46 -533 1
-1 2116 15872 1412 -1279 46 -533 1
-1 -636 16044 1720 -74 -1111 403 1
-1 -636 16044 1720 -74 -1111 403 1
-1 780 16196 2384 -10 -3428 2039 1
-1 780 16196 2384 -10 -3428 2039 1
-1 756 15984 1100 57 -483 73 1
-1 756 15984 1100 57 -483 73 1
-1 1456 15876 836 -536 -495 759 1
-1 1456 15876 836 -536 -495 759 1
-1 1432 16240 1764 -225 -55 169 1
-1 1432 16240 1764 -225 -55 169 1
-1 1204 16288 2216 -515 1195 313 1
-1 1204 16288 2216 -515 1195 313 1
