-1 576 1303 2011 12 0 1928641016 1
-1 576 1303 2011 12 0 1928641016 1
-1 2892 14184 -3072 1505 1450 -903 1
-1 2892 14184 -3072 1505 1450 -903 1
-1 2204 13628 -3504 -1808 2588 459 1
-1 2204 13628 -3504 -1808 2588 459 1
-1 5392 13692 1504 -1781 2611 -611 1
-1 5392 13692 1504 -1781 2611 -611 1
-1 200 13620 -2296 -3249 2065 2595 1
-1 200 13620 -2296 -3249 2065 2595 1
-1 8920 13720 -1216 1540 1113 235 1
-1 8920 13720 -1216 1540 1113 235 1
-1 -3100 16488 44 -2647 3864 -3567 1
-1 -3100 16488 44 -2647 3864 -3567 1
-1 8068 15236 -972 -3428 3746 -482 1
-1 8068 15236 -972 -3428 3746 -482 1
-1 1728 18600 1472 -1720 4300 -5023 1
-1 1728 18600 1472 -1720 4300 -5023 1
-1 564 19116 1792 -4184 3812 2542 1
-1 564 19116 1792 -4184 3812 2542 1
-1 7900 19496 4872 -842 1202 273 1
-1 7900 19496 4872 -842 1202 273 1
-1 2052 18668 3596 -258 2262 -2692 1
-1 2052 18668 3596 -258 2262 -2692 1
-1 5968 18160 6340 -2144 -50 -8858 1
-1 5968 18160 6340 -2144 -50 -8858 1
-1 -2448 14752 1536 1597 -4242 -3750 1
-1 -2448 14752 1536 1597 -4242 -3750 1
-1 36 14276 2976 1026 -1065 1534 1
-1 36 14276 2976 1026 -1065 1534 1
-1 564 14080 988 3935 1174 5616 1
-1 564 14080 988 3935 1174 5616 1
-1 1588 16236 2592 1698 1068 6054 1
-1 1588 16236 2592 1698 1068 6054 1
-1 3500 17192 3100 1948 3539 -2175 1
-1 3500 17192 3100 1948 3539 -2175 1
-1 820 16104 1128 1674 3001 -1760 1
-1 820 16104 1128 1674 3001 -1760 1
-1 -336 15868 584 1421 3897 -1042 1
-1 -336 15868 584 1421 3897 -1042 1
-1 480 15428 1504 1839 -1374 3868 1
-1 480 15428 1504 1839 -1374 3868 1
-1 2212 16260 2960 856 -866 -262 1
-1 2212 16260 2960 856 -866 -262 1
-1 700 12340 -632 16 2422 -2881 1
-1 700 12340 -632 16 2422 -2881 1
-1 896 16632 1072 607 -1709 1083 1
-1 896 16632 1072 607 -1709 1083 1
-1 3136 16076 780 996 -471 740 1
-1 3136 16076 780 996 -471 740 1
-1 1292 17120 1728 1433 -4445 2248 1
-1 1292 17120 1728 1433 -4445 2248 1
-1 3648 15536 -1768 1171 -2029 -765 1
-1 3648 15536 -1768 1171 -2029 -765 1
-1 -3064 16084 440 2452 -564 1457 1
-1 -3064 16084 440 2452 -564 1457 1
-1 1372 15732 844 2539 -987 137 1
-1 1372 15732 844 2539 -987 137 1
-1 1592 17172 -112 418 -2933 1262 1
-1 1592 17172 -112 418 -2933 1262 1
-1 1536 16320 912 14 1339 -3665 1
-1 1536 16320 912 14 1339 -3665 1
-1 1260 15932 784 61 -1902 483 1
-1 1260 15932 784 61 -1902 483 1
-1 1588 16356 1088 331 1149 -1152 1
-1 1588 16356 1088 331 1149 -1152 1
-1 1364 16168 1144 -605 2014 -657 1
-1 1364 16168 1144 -605 2014 -657 1
-1 1412 16628 1012 -574 929 -616 1
-1 1412 16628 1012 -574 929 -616 1
-1 460 16448 1612 -269 -164 -547 1
-1 460 16448 1612 -269 -164 -547 1
-1 1064 16096 1384 708 -1520 266 1
-1 1064 16096 1384 708 -1520 266 1
-1 1104 16272 1360 783 -357 113 1
-1 1104 16272 1360 783 -357 113 1
-1 900 16188 1036 6 426 -207 1
-1 900 16188 1036 6 426 -207 1
-1 1064 16412 1404 241 -210 -1394 1
-1 1064 16412 1404 241 -210 -1394 1
-1 740 16284 1260 78 -1536 -415 1
-1 740 16284 1260 78 -1536 -415 1
-1 520 16168 1532 -314 948 -2255 1
-1 520 16168 1532 -314 948 -2255 1
-1 448 15868 1276 374 426 -599 1
-1 448 15868 1276 374 426 -599 1
-1 572 16348 1632 1385 -381 -175 1
-1 572 16348 1632 1385 -381 -175 1
-1 -112 15808 992 -480 3890 -1725 1
-1 -112 15808 992 -480 3890 -1725 1
-1 464 16152 1212 830 -1059 852 1
-1 464 16152 1212 830 -1059 852 1
-1 176 16160 1596 1038 864 -332 1
-1 176 16160 1596 1038 864 -332 1
-1 568 15888 868 1274 176 1501 1
-1 568 15888 868 1274 176 1501 1
-1 472 16552 1244 724 -727 165 1
-1 472 16552 1244 724 -727 165 1
-1 976 15708 636 585 -1370 -340 1
-1 976 15708 636 585 -1370 -340 1
-1 912 17076 1936 1093 -759 -318 1
-1 912 17076 1936 1093 -759 -318 1
-1 316 16088 944 95 1069 -1582 1
-1 316 16088 944 95 1069 -1582 1
-1 640 16392 1336 -243 649 -148 1
-1 640 16392 1336 -243 649 -148 1
-1 128 16124 1180 -52 47 -1055 1
-1 128 16124 1180 -52 47 -1055 1
-1 160 16360 1356 -273 1838 -1242 1
-1 160 16360 1356 -273 1838 -1242 1
-1 -516 16520 1476 19 1224 -204 1
-1 -516 16520 1476 19 1224 -204 1
-1 528 15832 1196 -213 450 -200 1
-1 528 15832 1196 -213 450 -200 1
-1 -136 15872 1196 161 -106 -325 1
-1 -136 15872 1196 161 -106 -325 1
-1 -932 16864 1956 2695 -2482 3172 1
-1 -932 16864 1956 2695 -2482 3172 1
-1 0 15788 1076 867 -193 711 1
-1 0 15788 1076 867 -193 711 1
-1 792 16080 1140 2526 -3902 3170 1
-1 792 16080 1140 2526 -3902 3170 1
-1 732 16828 1404 572 83 887 1
-1 732 16828 1404 572 83 887 1
-1 1132 16156 752 -770 260 -219 1
-1 1132 16156 752 -770 260 -219 1
-1 688 16304 1240 -5 419 -750 1
-1 688 16304 1240 -5 419 -750 1
-1 612 16212 1284 -704 1967 -755 1
-1 612 16212 1284 -704 1967 -755 1
-1 1076 16068 1236 -266 1274 -168 1
-1 1076 16068 1236 -266 1274 -168 1
-1 572 16196 1112 -226 1230 -421 1
-1 572 16196 1112 -226 1230 -421 1
-1 380 16288 1472 -986 558 -841 1
-1 380 16288 1472 -986 558 -841 1
-1 -312 16376 1136 1017 343 72 1
-1 -312 16376 1136 1017 343 72 1
-1 488 16328 1632 718 -72 -1294 1
-1 488 16328 1632 718 -72 -1294 1
-1 -456 15464 400 1080 2361 -2478 1
-1 -456 15464 400 1080 2361 -2478 1
-1 76 16280 1276 979 -1291 1612 1
-1 76 16280 1276 979 -1291 1612 1
-1 1760 15760 1212 630 463 -283 1
-1 1760 15760 1212 630 463 -283 1
-1 96 16380 1300 608 -462 353 1
-1 96 16380 1300 608 -462 353 1
-1 -128 16024 880 -67 733 -801 1
-1 -128 16024 880 -67 733 -801 1
-1 -68 16188 1408 -130 1097 -572 1
-1 -68 16188 1408 -130 1097 -572 1
-1 132 16140 1312 211 218 -392 1
-1 132 16140 1312 211 218 -392 1
-1 -68 16232 1512 141 -371 775 1
-1 -68 16232 1512 141 -371 775 1
-1 116 16372 1348 -22 293 -632 1
-1 116 16372 1348 -22 293 -632 1
-1 56 16068 1512 60 42 -32 1
-1 56 16068 1512 60 42 -32 1
-1 8 16148 1296 102 872 111 1
-1 8 16148 1296 102 872 111 1
-1 -84 16116 1328 398 822 -476 1
-1 -84 16116 1328 398 822 -476 1
-1 536 15860 1324 753 65 1025 1
-1 536 15860 1324 753 65 1025 1
-1 60 16276 1440 416 -37 -157 1
-1 60 16276 1440 416 -37 -157 1
-1 -44 16156 1316 130 -850 -199 1
-1 -44 16156 1316 130 -850 -199 1
-1 -4 16144 1652 52 -803 -253 1
-1 -4 16144 1652 52 -803 -253 1
-1 -772 16372 1732 141 369 -1124 1
-1 -772 16372 1732 141 369 -1124 1
-1 12 16088 1580 1234 -2420 1416 1
-1 12 16088 1580 1234 -2420 1416 1
-1 -252 16000 1000 806 -617 488 1
-1 -252 16000 1000 806 -617 488 1
-1 104 16060 1120 957 -1080 501 1
-1 104 16060 1120 957 -1080 501 1
-1 20 16620 1604 757 190 -395 1
-1 20 16620 1604 757 190 -395 1
-1 36 15984 1228 448 477 -216 1
-1 36 15984 1228 448 477 -216 1
-1 1756 14472 4836 -1747 1346 -6289 1
-1 1756 14472 4836 -1747 1346 -6289 1
-1 -340 16160 628 -769 3483 -10808 1
-1 -340 16160 628 -769 3483 -10808 1
-1 -11916 17264 5328 -4854 5114 -13109 1
-1 -11916 17264 5328 -4854 5114 -13109 1
-1 -4764 19644 4280 -1517 4771 -7164 1
-1 -4764 19644 4280 -1517 4771 -7164 1
-1 -4120 16020 3876 -2490 5713 -7847 1
-1 -4120 16020 3876 -2490 5713 -7847 1
-1 -4620 15592 2448 1613 -1750 -2964 1
-1 -4620 15592 2448 1613 -1750 -2964 1
-1 -5164 16704 4128 -1926 1121 -9979 1
-1 -5164 16704 4128 -1926 1121 -9979 1
-1 -6228 16328 4164 6372 -8394 3158 1
-1 -6228 16328 4164 6372 -8394 3158 1
-1 -7580 14020 1200 -1165 -1987 -6249 1
-1 -7580 14020 1200 -1165 -1987 -6249 1
-1 -5416 13748 1080 -660 459 -3745 1
-1 -5416 13748 1080 -660 459 -3745 1
-1 -8000 12936 2364 -3028 5815 -10426 1
-1 -8000 12936 2364 -3028 5815 -10426 1
-1 -11376 13364 5336 3618 -8547 5228 1
-1 -11376 13364 5336 3618 -8547 5228 1
-1 -8856 12380 1476 3333 -2092 3319 1
-1 -8856 12380 1476 3333 -2092 3319 1
-1 -6744 14592 3280 1308 -1980 4105 1
-1 -6744 14592 3280 1308 -1980 4105 1
-1 -7812 15092 1800 2618 2801 -1094 1
-1 -7812 15092 1800 2618 2801 -1094 1
-1 -6980 14352 1508 713 -898 1176 1
-1 -6980 14352 1508 713 -898 1176 1
-1 -7912 13696 872 -561 1267 -1562 1
-1 -7912 13696 872 -561 1267 -1562 1
-1 -8744 12852 1776 -336 6713 -3737 1
-1 -8744 12852 1776 -336 6713 -3737 1
-1 -4512 14872 7012 1489 1080 -897 1
-1 -4512 14872 7012 1489 1080 -897 1
-1 -9944 12496 472 -3540 9510 -7238 1
-1 -9944 12496 472 -3540 9510 -7238 1
-1 -8164 12996 76 2208 -2017 1864 1
-1 -8164 12996 76 2208 -2017 1864 1
-1 -8908 12204 496 2939 -2841 3191 1
-1 -8908 12204 496 2939 -2841 3191 1
-1 -8076 13140 416 142 -3872 5332 1
-1 -8076 13140 416 142 -3872 5332 1
-1 -7412 13108 524 1049 1435 1460 1
-1 -7412 13108 524 1049 1435 1460 1
-1 -7732 12460 1916 203 -937 1419 1
-1 -7732 12460 1916 203 -937 1419 1
-1 -7640 11908 -1884 -2412 2074 -128 1
-1 -7640 11908 -1884 -2412 2074 -128 1
-1 -6496 13212 2452 376 391 499 1
-1 -6496 13212 2452 376 391 499 1
-1 -6756 12464 2288 -896 500 1180 1
-1 -6756 12464 2288 -896 500 1180 1
-1 -5808 12512 1904 -674 186 434 1
-1 -5808 12512 1904 -674 186 434 1
-1 -8192 12724 316 131 -593 972 1
-1 -8192 12724 316 131 -593 972 1
-1 -6116 13832 2632 -328 -209 1405 1
-1 -6116 13832 2632 -328 -209 1405 1
-1 -8452 13520 1192 621 1173 1274 1
-1 -8452 13520 1192 621 1173 1274 1
-1 -5704 14844 3476 1154 -1330 3743 1
-1 -5704 14844 3476 1154 -1330 3743 1
-1 -6100 14624 1520 1975 -3194 9251 1
-1 -6100 14624 1520 1975 -3194 9251 1
-1 -4496 15296 1428 5005 -8124 18027 1
-1 -4496 15296 1428 5005 -8124 18027 1
-1 -4188 16192 2684 5593 -8809 17564 1
-1 -4188 16192 2684 5593 -8809 17564 1
-1 1612 15612 1076 -346 -433 4011 1
-1 1612 15612 1076 -346 -433 4011 1
-1 -3092 15980 -1020 1533 -918 2675 1
-1 -3092 15980 -1020 1533 -918 2675 1
-1 -836 16516 1556 -223 -2343 3249 1
-1 -836 16516 1556 -223 -2343 3249 1
-1 1336 15208 416 1188 -2049 4952 1
-1 1336 15208 416 1188 -2049 4952 1
-1 2108 15588 1824 1078 -1776 3461 1
-1 2108 15588 1824 1078 -1776 3461 1
-1 1416 14552 -612 2625 -3934 9036 1
-1 1416 14552 -612 2625 -3934 9036 1
-1 1156 15704 12 958 1077 4081 1
-1 1156 15704 12 958 1077 4081 1
-1 5356 15440 916 -579 -3807 11233 1
-1 5356 15440 916 -579 -3807 11233 1
-1 2768 14712 -1240 -40 -4128 9397 1
-1 2768 14712 -1240 -40 -4128 9397 1
-1 6224 15976 2964 527 2815 5502 1
-1 6224 15976 2964 527 2815 5502 1
-1 6872 14544 328 -2496 -5105 13207 1
-1 6872 14544 328 -2496 -5105 13207 1
-1 12988 12376 3632 -3227 -983 5360 1
-1 12988 12376 3632 -3227 -983 5360 1
-1 8680 13292 1000 -1792 1181 2211 1
-1 8680 13292 1000 -1792 1181 2211 1
-1 11112 13396 3488 -3038 -1475 2984 1
-1 11112 13396 3488 -3038 -1475 2984 1
-1 10212 12884 1620 -2925 -5328 8582 1
-1 10212 12884 1620 -2925 -5328 8582 1
-1 9948 12360 2256 -388 1252 1284 1
-1 9948 12360 2256 -388 1252 1284 1
-1 12268 12684 3176 -931 362 3550 1
-1 12268 12684 3176 -931 362 3550 1
-1 11020 11720 1440 -378 5634 -3685 1
-1 11020 11720 1440 -378 5634 -3685 1
-1 11656 11012 1264 -2153 1485 2178 1
-1 11656 11012 1264 -2153 1485 2178 1
-1 9076 12836 2252 -1753 2653 -1551 1
-1 9076 12836 2252 -1753 2653 -1551 1
-1 13096 12040 5768 -1179 -189 1326 1
-1 13096 12040 5768 -1179 -189 1326 1
-1 10916 11080 3212 -448 -1434 -511 1
-1 10916 11080 3212 -448 -1434 -511 1
-1 13712 9164 -3644 -2359 2685 -2976 1
-1 13712 9164 -3644 -2359 2685 -2976 1
-1 10804 10988 2116 516 -737 -1587 1
-1 10804 10988 2116 516 -737 -1587 1
-1 10592 12844 4504 -929 1183 -808 1
-1 10592 12844 4504 -929 1183 -808 1
-1 11016 10772 1988 -1546 441 -1444 1
-1 11016 10772 1988 -1546 441 -1444 1
-1 9908 12936 5240 -465 982 -1101 1
-1 9908 12936 5240 -465 982 -1101 1
-1 9464 11340 3044 -2377 771 693 1
-1 9464 11340 3044 -2377 771 693 1
-1 9628 11400 3364 -1272 2042 -2828 1
-1 9628 11400 3364 -1272 2042 -2828 1
-1 8476 13112 4536 -1202 -344 -575 1
-1 8476 13112 4536 -1202 -344 -575 1
-1 11060 11956 4360 -1164 2813 -976 1
-1 11060 11956 4360 -1164 2813 -976 1
-1 10592 13300 5584 -295 2116 -1535 1
-1 10592 13300 5584 -295 2116 -1535 1
-1 9884 13728 5036 -1067 669 253 1
-1 9884 13728 5036 -1067 669 253 1
-1 10640 12924 5672 -512 -618 2289 1
-1 10640 12924 5672 -512 -618 2289 1
-1 10448 11920 6108 1242 2439 -1771 1
-1 10448 11920 6108 1242 2439 -1771 1
-1 10852 10716 5352 -1277 -1698 880 1
-1 10852 10716 5352 -1277 -1698 880 1
-1 8936 12992 6808 -778 1036 -2472 1
-1 8936 12992 6808 -778 1036 -2472 1
-1 9104 12900 6244 -1350 131 1339 1
-1 9104 12900 6244 -1350 131 1339 1
-1 9808 11756 5156 -395 995 -1486 1
-1 9808 11756 5156 -395 995 -1486 1
-1 9388 12196 6192 -861 -1320 1960 1
-1 9388 12196 6192 -861 -1320 1960 1
-1 9260 11932 5484 -826 1321 -1672 1
-1 9260 11932 5484 -826 1321 -1672 1
-1 10088 12652 6872 -244 1489 -3035 1
-1 10088 12652 6872 -244 1489 -3035 1
-1 9804 12504 6472 -740 -774 909 1
-1 9804 12504 6472 -740 -774 909 1
-1 8352 12696 6132 262 1683 -1767 1
-1 8352 12696 6132 262 1683 -1767 1
-1 8664 12040 6444 162 1013 -2296 1
-1 8664 12040 6444 162 1013 -2296 1
-1 9320 12696 7864 378 1534 -3313 1
-1 9320 12696 7864 378 1534 -3313 1
-1 7036 12592 6848 774 5070 -10410 1
-1 7036 12592 6848 774 5070 -10410 1
-1 6416 13928 7908 584 2535 -7724 1
-1 6416 13928 7908 584 2535 -7724 1
-1 3904 16028 12632 1801 7420 -20953 1
-1 3904 16028 12632 1801 7420 -20953 1
-1 -1648 18136 10660 4413 -4378 -8537 1
-1 -1648 18136 10660 4413 -4378 -8537 1
-1 1468 15304 7588 6980 -1612 -1736 1
-1 1468 15304 7588 6980 -1612 -1736 1
-1 -4620 18128 5688 4445 1211 -10879 1
-1 -4620 18128 5688 4445 1211 -10879 1
-1 224 17600 5280 7532 -3197 1150 1
-1 224 17600 5280 7532 -3197 1150 1
-1 4440 20024 9476 3437 3507 -8941 1
-1 4440 20024 9476 3437 3507 -8941 1
-1 -1244 15756 236 10131 -8796 2197 1
-1 -1244 15756 236 10131 -8796 2197 1
-1 -2412 18176 7244 4854 1141 -174 1
-1 -2412 18176 7244 4854 1141 -174 1
-1 2776 14092 -384 4073 8465 -3367 1
-1 2776 14092 -384 4073 8465 -3367 1
-1 -1536 14872 1852 3245 5595 2306 1
-1 -1536 14872 1852 3245 5595 2306 1
-1 2676 14608 -1412 2567 799 4393 1
-1 2676 14608 -1412 2567 799 4393 1
-1 844 15716 3416 4179 2908 4649 1
-1 844 15716 3416 4179 2908 4649 1
-1 1548 13948 -80 -1060 3780 3410 1
-1 1548 13948 -80 -1060 3780 3410 1
-1 2724 10556 -2936 1240 -2334 8014 1
-1 2724 10556 -2936 1240 -2334 8014 1
-1 412 11672 -2336 -6883 6080 639 1
-1 412 11672 -2336 -6883 6080 639 1
-1 4700 15768 76 340 2005 -3769 1
-1 4700 15768 76 340 2005 -3769 1
-1 4028 15616 472 -459 -2231 -905 1
-1 4028 15616 472 -459 -2231 -905 1
-1 1108 15904 1616 -947 -7196 -3730 1
-1 1108 15904 1616 -947 -7196 -3730 1
-1 1240 15108 96 1341 2573 -1278 1
-1 1240 15108 96 1341 2573 -1278 1
-1 1500 16232 1688 2153 1110 2648 1
-1 1500 16232 1688 2153 1110 2648 1
-1 3324 16764 1416 3363 249 2931 1
-1 3324 16764 1416 3363 249 2931 1
-1 -84 14924 -3040 -615 4684 271 1
-1 -84 14924 -3040 -615 4684 271 1
-1 -1756 14860 4544 2981 927 2173 1
-1 -1756 14860 4544 2981 927 2173 1
-1 9444 18432 -4700 2205 3824 3137 1
-1 9444 18432 -4700 2205 3824 3137 1
-1 3808 9312 -2608 -1116 -674 3450 1
-1 3808 9312 -2608 -1116 -674 3450 1
-1 536 11680 5768 -1257 -1884 136 1
-1 536 11680 5768 -1257 -1884 136 1
-1 7464 18264 1148 52 -777 2068 1
-1 7464 18264 1148 52 -777 2068 1
-1 2920 15648 -1528 1464 -3152 3722 1
-1 2920 15648 -1528 1464 -3152 3722 1
-1 5808 15880 -728 -2378 -2891 -1065 1
-1 5808 15880 -728 -2378 -2891 -1065 1
-1 4564 16640 1104 -401 -2993 -1681 1
-1 4564 16640 1104 -401 -2993 -1681 1
-1 1260 15708 488 -1251 -3225 190 1
-1 1260 15708 488 -1251 -3225 190 1
-1 796 16220 484 1824 -3547 805 1
-1 796 16220 484 1824 -3547 805 1
-1 1988 15624 1396 504 -1474 -4426 1
-1 1988 15624 1396 504 -1474 -4426 1
-1 1444 17728 2500 2900 -2536 2433 1
-1 1444 17728 2500 2900 -2536 2433 1
-1 2876 16192 -1132 -1133 -1133 -1482 1
-1 2876 16192 -1132 -1133 -1133 -1482 1
-1 2864 15448 -744 -838 -2389 -584 1
-1 2864 15448 -744 -838 -2389 -584 1
-1 2404 16128 1740 -154 1208 -3063 1
-1 2404 16128 1740 -154 1208 -3063 1
-1 1752 16604 236 -67 -2733 1250 1
-1 1752 16604 236 -67 -2733 1250 1
-1 3208 15664 608 -125 -2584 -2322 1
-1 3208 15664 608 -125 -2584 -2322 1
-1 688 18212 2068 -30 606 -701 1
-1 688 18212 2068 -30 606 -701 1
-1 160 17008 796 164 -2230 2015 1
-1 160 17008 796 164 -2230 2015 1
-1 3720 16176 -108 -1421 1107 -746 1
-1 3720 16176 -108 -1421 1107 -746 1
-1 1672 15496 -20 146 -1313 44 1
-1 1672 15496 -20 146 -1313 44 1
-1 2668 15940 856 594 477 -2024 1
-1 2668 15940 856 594 477 -2024 1
-1 1596 16748 2092 1317 90 -2433 1
-1 1596 16748 2092 1317 90 -2433 1
