-1 528 16072 72 10 -1216 -325 1
-1 528 16072 72 10 -1216 -325 1
-1 -1508 14804 -1732 -1589 -2108 -1344 1
-1 -1508 14804 -1732 -1589 -2108 -1344 1
-1 -480 15748 448 -3752 -1597 1445 1
-1 -480 15748 448 -3752 -1597 1445 1
-1 -148 16880 864 -981 117 -1120 1
-1 -148 16880 864 -981 117 -1120 1
-1 -888 16756 436 -1577 -1064 -2120 1
-1 -888 16756 436 -1577 -1064 -2120 1
-1 -192 16264 320 -859 -839 298 1
-1 -192 16264 320 -859 -839 298 1
-1 -1200 16488 160 -636 -572 2029 1
-1 -1200 16488 160 -636 -572 2029 1
-1 376 16228 1292 3578 -2040 3239 1
-1 376 16228 1292 3578 -2040 3239 1
-1 1352 16260 1280 -55 -1928 380 1
-1 1352 16260 1280 -55 -1928 380 1
-1 1996 15960 868 -348 -722 -1764 1
-1 1996 15960 868 -348 -722 -1764 1
-1 -3168 17080 1340 -32 -129 397 1
-1 -3168 17080 1340 -32 -129 397 1
-1 -460 16352 1356 -687 708 1207 1
-1 -460 16352 1356 -687 708 1207 1
-1 -1400 15688 152 -782 1140 -297 1
-1 -1400 15688 152 -782 1140 -297 1
-1 500 15956 1316 -1530 565 1770 1
-1 500 15956 1316 -1530 565 1770 1
-1 1052 15988 1308 -354 1602 -1545 1
-1 1052 15988 1308 -354 1602 -1545 1
-1 -1080 16964 1968 -329 458 34 1
-1 -1080 16964 1968 -329 458 34 1
-1 -312 16608 1820 -887 2006 -3727 1
-1 -312 16608 1820 -887 2006 -3727 1
-1 1808 14236 -1000 1000 -4773 3306 1
-1 1808 14236 -1000 1000 -4773 3306 1
-1 -736 15460 1688 -616 -1790 1768 1
-1 -736 15460 1688 -616 -1790 1768 1
-1 812 16120 1788 64 1015 -920 1
-1 812 16120 1788 64 1015 -920 1
-1 720 14548 168 1960 2276 384 1
-1 720 14548 168 1960 2276 384 1
-1 1672 15472 1128 -951 124 1467 1
-1 1672 15472 1128 -951 124 1467 1
-1 -20 15988 1160 -432 648 56 1
-1 -20 15988 1160 -432 648 56 1
-1 -1220 16536 5744 931 -3224 1854 1
-1 -1220 16536 5744 931 -3224 1854 1
-1 1708 16216 2516 690 -2924 2908 1
-1 1708 16216 2516 690 -2924 2908 1
-1 344 16368 1364 275 1097 -1385 1
-1 344 16368 1364 275 1097 -1385 1
-1 756 16068 1960 -236 612 -1737 1
-1 756 16068 1960 -236 612 -1737 1
-1 320 16324 2284 713 442 1077 1
-1 320 16324 2284 713 442 1077 1
-1 1044 15656 1204 2173 -37 4015 1
-1 1044 15656 1204 2173 -37 4015 1
-1 1292 16264 1144 1614 -1953 3072 1
-1 1292 16264 1144 1614 -1953 3072 1
-1 3248 16500 2336 1002 -4580 8702 1
-1 3248 16500 2336 1002 -4580 8702 1
-1 3116 16424 1232 814 196 -70 1
-1 3116 16424 1232 814 196 -70 1
-1 2592 16172 1348 561 2812 -3981 1
-1 2592 16172 1348 561 2812 -3981 1
-1 2136 15824 872 -138 2251 -2714 1
-1 2136 15824 872 -138 2251 -2714 1
-1 1696 15920 1108 318 2070 -2549 1
-1 1696 15920 1108 318 2070 -2549 1
-1 2020 16344 1480 267 856 387 1
-1 2020 16344 1480 267 856 387 1
-1 1876 16392 1336 -126 1966 -1875 1
-1 1876 16392 1336 -126 1966 -1875 1
-1 1500 16104 1308 -586 791 -823 1
-1 1500 16104 1308 -586 791 -823 1
-1 1668 16672 2240 -146 869 -904 1
-1 1668 16672 2240 -146 869 -904 1
-1 1292 16116 1860 -219 1234 -634 1
-1 1292 16116 1860 -219 1234 -634 1
-1 124 16080 1732 89 1568 -1208 1
-1 124 16080 1732 89 1568 -1208 1
-1 1292 15264 1312 321 641 -530 1
-1 1292 15264 1312 321 641 -530 1
-1 1032 16052 1652 153 113 -831 1
-1 1032 16052 1652 153 113 -831 1
-1 852 16200 2068 77 352 -185 1
-1 852 16200 2068 77 352 -185 1
-1 996 15996 1284 785 -566 464 1
-1 996 15996 1284 785 -566 464 1
-1 1072 16112 1504 8 501 -1348 1
-1 1072 16112 1504 8 501 -1348 1
-1 1060 16340 1876 198 917 -1292 1
-1 1060 16340 1876 198 917 -1292 1
-1 520 15716 1560 30 455 -289 1
-1 520 15716 1560 30 455 -289 1
-1 788 16304 1872 231 448 -996 1
-1 788 16304 1872 231 448 -996 1
-1 -44 16600 3152 696 318 -513 1
-1 -44 16600 3152 696 318 -513 1
-1 524 16696 2932 1205 -529 1102 1
-1 524 16696 2932 1205 -529 1102 1
-1 712 16512 1384 80 945 -537 1
-1 712 16512 1384 80 945 -537 1
-1 736 15668 1284 762 -875 1069 1
-1 736 15668 1284 762 -875 1069 1
-1 460 15900 1656 96 542 -738 1
-1 460 15900 1656 96 542 -738 1
-1 548 15936 1812 -7 143 -52 1
-1 548 15936 1812 -7 143 -52 1
-1 -84 16284 2252 -588 1272 -1731 1
-1 -84 16284 2252 -588 1272 -1731 1
-1 260 15644 1712 398 -353 212 1
-1 260 15644 1712 398 -353 212 1
-1 476 16252 1924 -371 323 -645 1
-1 476 16252 1924 -371 323 -645 1
-1 556 15768 1524 539 768 -593 1
-1 556 15768 1524 539 768 -593 1
-1 172 16072 2148 193 -1414 697 1
-1 172 16072 2148 193 -1414 697 1
-1 240 16096 2016 -99 673 -1297 1
-1 240 16096 2016 -99 673 -1297 1
-1 -24 16924 1924 185 -964 1155 1
-1 -24 16924 1924 185 -964 1155 1
-1 104 16020 2276 182 1245 -1642 1
-1 104 16020 2276 182 1245 -1642 1
-1 548 15992 2204 -771 28 -687 1
-1 548 15992 2204 -771 28 -687 1
-1 -608 15772 1548 688 -23 -230 1
-1 -608 15772 1548 688 -23 -230 1
-1 324 16164 2388 186 -101 852 1
-1 324 16164 2388 186 -101 852 1
-1 132 16540 1972 392 157 -654 1
-1 132 16540 1972 392 157 -654 1
-1 880 15236 1852 52 -943 187 1
-1 880 15236 1852 52 -943 187 1
-1 1208 16268 2564 419 -1310 972 1
-1 1208 16268 2564 419 -1310 972 1
-1 16 15868 1924 240 904 -1134 1
-1 16 15868 1924 240 904 -1134 1
-1 -16 15460 1688 862 -1173 886 1
-1 -16 15460 1688 862 -1173 886 1
-1 1336 15708 820 784 -996 -157 1
-1 1336 15708 820 784 -996 -157 1
-1 600 15220 1660 1039 709 -358 1
-1 600 15220 1660 1039 709 -358 1
-1 -184 16100 1448 776 -1378 663 1
-1 -184 16100 1448 776 -1378 663 1
-1 -1244 17280 2768 1884 160 220 1
-1 -1244 17280 2768 1884 160 220 1
-1 -352 16488 2064 1166 -2021 2485 1
-1 -352 16488 2064 1166 -2021 2485 1
-1 284 16796 3256 1092 482 426 1
-1 284 16796 3256 1092 482 426 1
-1 -32 15768 1596 204 -1695 1151 1
-1 -32 15768 1596 204 -1695 1151 1
-1 356 16076 1972 410 50 -212 1
-1 356 16076 1972 410 50 -212 1
-1 272 16336 2176 858 -1605 940 1
-1 272 16336 2176 858 -1605 940 1
-1 484 16112 1868 349 -66 -198 1
-1 484 16112 1868 349 -66 -198 1
-1 128 15676 1476 580 100 -800 1
-1 128 15676 1476 580 100 -800 1
-1 1044 16408 2004 725 -2605 1475 1
-1 1044 16408 2004 725 -2605 1475 1
-1 340 16208 1884 926 503 -40 1
-1 340 16208 1884 926 503 -40 1
-1 384 16072 1664 866 -626 87 1
-1 384 16072 1664 866 -626 87 1
-1 560 16124 1844 478 -618 -165 1
-1 560 16124 1844 478 -618 -165 1
-1 3448 14940 660 -3118 1493 -6818 1
-1 3448 14940 660 -3118 1493 -6818 1
-1 -960 16292 3500 -2217 -1176 -5586 1
-1 -960 16292 3500 -2217 -1176 -5586 1
-1 -316 14712 1912 66 -361 -4834 1
-1 -316 14712 1912 66 -361 -4834 1
-1 -684 15464 532 -12 -2119 -4993 1
-1 -684 15464 532 -12 -2119 -4993 1
-1 436 13804 584 -2844 1815 -11441 1
-1 436 13804 584 -2844 1815 -11441 1
-1 -4400 15172 2072 -953 -886 -9788 1
-1 -4400 15172 2072 -953 -886 -9788 1
-1 -3496 14688 3100 2481 -1827 -5921 1
-1 -3496 14688 3100 2481 -1827 -5921 1
-1 -7440 14364 1744 110 2365 -10134 1
-1 -7440 14364 1744 110 2365 -10134 1
-1 -5496 13780 1788 3889 -7205 1791 1
-1 -5496 13780 1788 3889 -7205 1791 1
-1 -7112 13300 3116 -1689 5081 -8964 1
-1 -7112 13300 3116 -1689 5081 -8964 1
-1 -7840 14364 5016 2671 -1855 319 1
-1 -7840 14364 5016 2671 -1855 319 1
-1 -7544 14324 2976 -85 2671 -3674 1
-1 -7544 14324 2976 -85 2671 -3674 1
-1 -8036 14828 3692 2669 -957 443 1
-1 -8036 14828 3692 2669 -957 443 1
-1 -7364 15088 2416 2867 498 -631 1
-1 -7364 15088 2416 2867 498 -631 1
-1 -7236 15492 2080 2660 -42 -250 1
-1 -7236 15492 2080 2660 -42 -250 1
-1 -7108 15380 2720 1200 -1063 590 1
-1 -7108 15380 2720 1200 -1063 590 1
-1 -8856 14156 1228 1621 565 701 1
-1 -8856 14156 1228 1621 565 701 1
-1 -9044 14072 964 -1898 -2391 2574 1
-1 -9044 14072 964 -1898 -2391 2574 1
-1 -7300 14284 888 2119 2805 -584 1
-1 -7300 14284 888 2119 2805 -584 1
-1 -7840 15112 2420 -3370 5361 -2186 1
-1 -7840 15112 2420 -3370 5361 -2186 1
-1 -5396 15224 3144 142 2169 770 1
-1 -5396 15224 3144 142 2169 770 1
-1 -6568 13952 880 800 -2675 2874 1
-1 -6568 13952 880 800 -2675 2874 1
-1 -7784 12668 76 705 3936 -2763 1
-1 -7784 12668 76 705 3936 -2763 1
-1 -7752 14092 3548 -1101 157 1502 1
-1 -7752 14092 3548 -1101 157 1502 1
-1 -6900 14244 2552 -1121 2686 -594 1
-1 -6900 14244 2552 -1121 2686 -594 1
-1 -7064 13304 544 2039 4392 -3572 1
-1 -7064 13304 544 2039 4392 -3572 1
-1 -8800 13836 4756 2668 -283 -234 1
-1 -8800 13836 4756 2668 -283 -234 1
-1 -8560 13136 1592 -145 3840 -2795 1
-1 -8560 13136 1592 -145 3840 -2795 1
-1 -10196 11284 -1524 3335 1033 869 1
-1 -10196 11284 -1524 3335 1033 869 1
-1 -7496 14560 3440 -307 1044 963 1
-1 -7496 14560 3440 -307 1044 963 1
-1 -9220 12664 -868 -966 -865 392 1
-1 -9220 12664 -868 -966 -865 392 1
-1 -3340 13284 2984 1375 -608 2855 1
-1 -3340 13284 2984 1375 -608 2855 1
-1 -7416 10524 -1644 -3377 3382 -2224 1
-1 -7416 10524 -1644 -3377 3382 -2224 1
-1 -8672 11496 1556 -73 -3152 3806 1
-1 -8672 11496 1556 -73 -3152 3806 1
-1 -7796 12776 48 -3369 -1145 -2038 1
-1 -7796 12776 48 -3369 -1145 -2038 1
-1 -6988 13160 812 221 -2277 2268 1
-1 -6988 13160 812 221 -2277 2268 1
-1 -7916 11960 436 918 -10 659 1
-1 -7916 11960 436 918 -10 659 1
-1 -7320 13928 2584 807 -2393 4127 1
-1 -7320 13928 2584 807 -2393 4127 1
-1 -7996 14160 1540 496 824 -381 1
-1 -7996 14160 1540 496 824 -381 1
-1 -7064 13784 736 261 -4434 3811 1
-1 -7064 13784 736 261 -4434 3811 1
-1 -7312 13472 672 -2506 -836 5342 1
-1 -7312 13472 672 -2506 -836 5342 1
-1 -6304 14828 1716 -1591 -3575 10442 1
-1 -6304 14828 1716 -1591 -3575 10442 1
-1 -4004 15428 1860 -1304 -4679 10750 1
-1 -4004 15428 1860 -1304 -4679 10750 1
-1 -5784 16508 5712 2761 -6096 22917 1
-1 -5784 16508 5712 2761 -6096 22917 1
-1 1148 15572 6164 1815 -12374 24605 1
-1 1148 15572 6164 1815 -12374 24605 1
-1 9016 14152 3752 2829 -12435 23038 1
-1 9016 14152 3752 2829 -12435 23038 1
-1 2148 13152 -1332 4552 -5851 18320 1
-1 2148 13152 -1332 4552 -5851 18320 1
-1 4344 15424 3432 366 -2297 7449 1
-1 4344 15424 3432 366 -2297 7449 1
-1 8440 13136 2828 2354 -2830 10438 1
-1 8440 13136 2828 2354 -2830 10438 1
-1 6780 15052 2312 3302 1467 8434 1
-1 6780 15052 2312 3302 1467 8434 1
-1 10552 13468 2136 -913 1147 2500 1
-1 10552 13468 2136 -913 1147 2500 1
-1 8744 13676 1456 -951 3343 3175 1
-1 8744 13676 1456 -951 3343 3175 1
-1 9324 12184 1548 545 1037 2951 1
-1 9324 12184 1548 545 1037 2951 1
-1 10848 9308 -728 -1946 1738 258 1
-1 10848 9308 -728 -1946 1738 258 1
-1 10724 9840 328 -795 -754 1825 1
-1 10724 9840 328 -795 -754 1825 1
-1 8492 11820 880 2458 -2684 5957 1
-1 8492 11820 880 2458 -2684 5957 1
-1 11556 11720 1408 -970 166 760 1
-1 11556 11720 1408 -970 166 760 1
-1 11848 10644 -40 -749 -691 3015 1
-1 11848 10644 -40 -749 -691 3015 1
-1 9484 12376 1912 161 2166 1233 1
-1 9484 12376 1912 161 2166 1233 1
-1 12124 11248 4932 563 -521 2760 1
-1 12124 11248 4932 563 -521 2760 1
-1 8128 10888 1944 1879 2385 -360 1
-1 8128 10888 1944 1879 2385 -360 1
-1 10476 8036 -584 -731 3230 -3039 1
-1 10476 8036 -584 -731 3230 -3039 1
-1 9464 10376 3024 -200 -1552 -469 1
-1 9464 10376 3024 -200 -1552 -469 1
-1 12472 8816 1788 -2187 3746 -4856 1
-1 12472 8816 1788 -2187 3746 -4856 1
-1 9640 12236 3024 -2135 1419 -2113 1
-1 9640 12236 3024 -2135 1419 -2113 1
-1 9556 12568 2140 -1795 1714 -2818 1
-1 9556 12568 2140 -1795 1714 -2818 1
-1 10552 12576 4868 -519 583 -426 1
-1 10552 12576 4868 -519 583 -426 1
-1 10336 11980 3376 -2880 2170 -3098 1
-1 10336 11980 3376 -2880 2170 -3098 1
-1 8792 13892 5348 -1020 561 808 1
-1 8792 13892 5348 -1020 561 808 1
-1 9936 13216 6348 -1356 99 710 1
-1 9936 13216 6348 -1356 99 710 1
-1 8356 11740 2368 -2543 2832 -1809 1
-1 8356 11740 2368 -2543 2832 -1809 1
-1 9120 12100 4492 -1297 2370 -1822 1
-1 9120 12100 4492 -1297 2370 -1822 1
-1 9088 12720 5012 -2995 3743 -3943 1
-1 9088 12720 5012 -2995 3743 -3943 1
-1 8488 13680 6140 -613 3956 -3363 1
-1 8488 13680 6140 -613 3956 -3363 1
-1 10328 13024 8128 -2538 239 -1476 1
-1 10328 13024 8128 -2538 239 -1476 1
-1 8608 12756 6524 -374 2848 -4461 1
-1 8608 12756 6524 -374 2848 -4461 1
-1 7084 14512 7860 151 269 340 1
-1 7084 14512 7860 151 269 340 1
-1 8608 13704 6120 -465 1654 -1334 1
-1 8608 13704 6120 -465 1654 -1334 1
-1 8276 13172 7108 -1093 -627 2905 1
-1 8276 13172 7108 -1093 -627 2905 1
-1 7380 14320 8128 768 463 250 1
-1 7380 14320 8128 768 463 250 1
-1 7600 13036 5584 -438 -992 2280 1
-1 7600 13036 5584 -438 -992 2280 1
-1 8488 12736 6396 1060 200 37 1
-1 8488 12736 6396 1060 200 37 1
-1 9264 11876 5816 -389 -864 624 1
-1 9264 11876 5816 -389 -864 624 1
-1 8240 13680 7564 -272 492 31 1
-1 8240 13680 7564 -272 492 31 1
-1 8824 12952 7220 -867 740 -2470 1
-1 8824 12952 7220 -867 740 -2470 1
-1 6936 13104 7592 213 2099 -2861 1
-1 6936 13104 7592 213 2099 -2861 1
-1 7452 13888 9028 282 2927 -9031 1
-1 7452 13888 9028 282 2927 -9031 1
-1 5108 13292 6432 1224 6830 -20382 1
-1 5108 13292 6432 1224 6830 -20382 1
-1 4660 12108 6208 2694 1204 -4406 1
-1 4660 12108 6208 2694 1204 -4406 1
-1 2168 15652 11240 2697 2421 -11574 1
-1 2168 15652 11240 2697 2421 -11574 1
-1 424 16348 11160 2075 4393 -19860 1
-1 424 16348 11160 2075 4393 -19860 1
-1 -9140 19388 12884 12581 -4505 76 1
-1 -9140 19388 12884 12581 -4505 76 1
-1 -616 13720 4 4760 -17168 4185 1
-1 -616 13720 4 4760 -17168 4185 1
-1 568 12720 -3388 3868 3326 -13083 1
-1 568 12720 -3388 3868 3326 -13083 1
-1 -8604 14956 -640 -3163 -8677 -1849 1
-1 -8604 14956 -640 -3163 -8677 -1849 1
-1 7472 14344 2252 1873 4019 -2861 1
-1 7472 14344 2252 1873 4019 -2861 1
-1 -1212 16732 5896 908 92 454 1
-1 -1212 16732 5896 908 92 454 1
-1 -1444 15588 4964 4862 5386 1115 1
-1 -1444 15588 4964 4862 5386 1115 1
-1 -808 15712 4700 6279 1881 5661 1
-1 -808 15712 4700 6279 1881 5661 1
-1 1196 15136 3104 4775 3500 7100 1
-1 1196 15136 3104 4775 3500 7100 1
-1 2208 14400 3164 5962 5082 6450 1
-1 2208 14400 3164 5962 5082 6450 1
-1 1908 13920 1512 666 333 7904 1
-1 1908 13920 1512 666 333 7904 1
-1 3188 11700 -696 1776 1932 3363 1
-1 3188 11700 -696 1776 1932 3363 1
-1 7284 13296 3920 -5651 5113 3175 1
-1 7284 13296 3920 -5651 5113 3175 1
-1 700 13484 -860 4971 -19581 2625 1
-1 700 13484 -860 4971 -19581 2625 1
-1 2220 14268 -108 6012 -6442 6696 1
-1 2220 14268 -108 6012 -6442 6696 1
-1 5388 16544 1292 1558 1513 -1914 1
-1 5388 16544 1292 1558 1513 -1914 1
-1 3384 16628 1448 263 -4450 1943 1
-1 3384 16628 1448 263 -4450 1943 1
-1 8280 13780 -4536 -1278 6159 624 1
-1 8280 13780 -4536 -1278 6159 624 1
-1 -912 10968 8840 262 1085 1590 1
-1 -912 10968 8840 262 1085 1590 1
-1 7884 16220 -3512 -1790 4199 -2600 1
-1 7884 16220 -3512 -1790 4199 -2600 1
-1 5644 16084 1876 -3607 3382 -4151 1
-1 5644 16084 1876 -3607 3382 -4151 1
-1 2312 15864 176 1153 -5946 3457 1
-1 2312 15864 176 1153 -5946 3457 1
-1 3980 17392 4948 -640 1485 -627 1
-1 3980 17392 4948 -640 1485 -627 1
-1 4068 15812 1172 457 -1448 771 1
-1 4068 15812 1172 457 -1448 771 1
-1 4912 15128 -1560 -420 -138 -2119 1
-1 4912 15128 -1560 -420 -138 -2119 1
-1 3260 16624 3956 -2686 -4131 145 1
-1 3260 16624 3956 -2686 -4131 145 1
-1 -32 15156 -692 -377 483 -3901 1
-1 -32 15156 -692 -377 483 -3901 1
-1 2672 16508 3452 -3364 365 -1979 1
-1 2672 16508 3452 -3364 365 -1979 1
-1 1788 16100 3232 -181 -982 -898 1
-1 1788 16100 3232 -181 -982 -898 1
-1 1252 14956 -88 -1755 -4049 -244 1
-1 1252 14956 -88 -1755 -4049 -244 1
-1 3676 15764 3544 808 1069 -2720 1
-1 3676 15764 3544 808 1069 -2720 1
-1 2020 16272 3144 -1770 -3686 188 1
-1 2020 16272 3144 -1770 -3686 188 1
-1 2228 15472 1816 -512 2582 -4134 1
-1 2228 15472 1816 -512 2582 -4134 1
-1 988 15844 3736 321 -3982 4090 1
-1 988 15844 3736 321 -3982 4090 1
-1 648 15296 -116 -401 3022 -3329 1
-1 648 15296 -116 -401 3022 -3329 1
-1 1580 16616 3452 -380 -4565 3981 1
-1 1580 16616 3452 -380 -4565 3981 1
-1 1724 16016 3676 1861 450 619 1
-1 1724 16016 3676 1861 450 619 1
-1 192 15328 1320 1204 371 -1250 1
-1 192 15328 1320 1204 371 -1250 1
-1 2900 15668 4032 2325 -501 558 1
-1 2900 15668 4032 2325 -501 558 1
-1 -1952 16580 3860 3941 -2884 2248 1
-1 -1952 16580 3860 3941 -2884 2248 1
-1 3256 15128 416 1371 -3014 246 1
-1 3256 15128 416 1371 -3014 246 1
-1 3128 15368 472 1298 2792 -3562 1
-1 3128 15368 472 1298 2792 -3562 1
-1 3140 15856 1604 -2 -3851 799 1
-1 3140 15856 1604 -2 -3851 799 1
-1 2784 16172 2244 -289 1613 -3081 1
-1 2784 16172 2244 -289 1613 -3081 1
