-1 480 17704 1908 -3358 -448 7787 1
-1 480 17704 1908 -3358 -448 7787 1
-1 4916 16344 6492 -10221 -5880 -2791 1
-1 4916 16344 6492 -10221 -5880 -2791 1
-1 -400 16668 7516 4537 -7573 -9908 1
-1 -400 16668 7516 4537 -7573 -9908 1
-1 -2016 12964 860 908 -2153 -2769 1
-1 -2016 12964 860 908 -2153 -2769 1
-1 3468 16036 5088 -11036 7102 4609 1
-1 3468 16036 5088 -11036 7102 4609 1
-1 8052 16224 7344 -3758 -125 -3170 1
-1 8052 16224 7344 -3758 -125 -3170 1
-1 5228 17612 9960 -5980 -12940 -14420 1
-1 5228 17612 9960 -5980 -12940 -14420 1
-1 -2716 19328 9060 6476 -9091 -13239 1
-1 -2716 19328 9060 6476 -9091 -13239 1
-1 -2524 13840 5628 3289 -3366 -4264 1
-1 -2524 13840 5628 3289 -3366 -4264 1
-1 2200 15224 3744 6786 6600 1202 1
-1 2200 15224 3744 6786 6600 1202 1
-1 5316 13196 4220 -3642 -16606 -9285 1
-1 5316 13196 4220 -3642 -16606 -9285 1
-1 -2696 15428 11684 -4650 -11979 -12947 1
-1 -2696 15428 11684 -4650 -11979 -12947 1
-1 -5124 10724 10100 10759 -34 -2713 1
-1 -5124 10724 10100 10759 -34 -2713 1
-1 -2120 11532 5108 11911 6495 7595 1
-1 -2120 11532 5108 11911 6495 7595 1
-1 1380 14204 3468 6718 8239 2702 1
-1 1380 14204 3468 6718 8239 2702 1
-1 -1216 13980 612 7997 -1833 -2718 1
-1 -1216 13980 612 7997 -1833 -2718 1
-1 -1612 16336 -5864 7611 7152 -2966 1
-1 -1612 16336 -5864 7611 7152 -2966 1
-1 -6416 18284 -872 -5709 2635 -3917 1
-1 -6416 18284 -872 -5709 2635 -3917 1
-1 -3140 11392 -2176 -1718 9521 3726 1
-1 -3140 11392 -2176 -1718 9521 3726 1
-1 -2004 17596 2108 -14249 6750 -702 1
-1 -2004 17596 2108 -14249 6750 -702 1
-1 -5412 18096 9180 -3256 613 -4791 1
-1 -5412 18096 9180 -3256 613 -4791 1
-1 -8416 14768 2344 15213 10242 -486 1
-1 -8416 14768 2344 15213 10242 -486 1
-1 -4324 13012 -4852 2686 11240 7052 1
-1 -4324 13012 -4852 2686 11240 7052 1
-1 920 13984 -788 -9836 8216 4482 1
-1 920 13984 -788 -9836 8216 4482 1
-1 -972 15968 4712 -5581 -4847 -4468 1
-1 -972 15968 4712 -5581 -4847 -4468 1
-1 -6456 15624 5444 2394 -3336 -4757 1
-1 -6456 15624 5444 2394 -3336 -4757 1
-1 -6400 14924 3200 3861 2312 2398 1
-1 -6400 14924 3200 3861 2312 2398 1
-1 -3876 15564 1468 6133 7189 6297 1
-1 -3876 15564 1468 6133 7189 6297 1
-1 1000 14748 -812 -1866 -904 2731 1
-1 1000 14748 -812 -1866 -904 2731 1
-1 -1876 16480 2536 -2193 -11474 -7062 1
-1 -1876 16480 2536 -2193 -11474 -7062 1
-1 -8908 14976 2924 4803 -8498 -6602 1
-1 -8908 14976 2924 4803 -8498 -6602 1
-1 -8672 13496 -1224 6669 6569 4476 1
-1 -8672 13496 -1224 6669 6569 4476 1
-1 -896 13708 -3140 -2970 10248 8145 1
-1 -896 13708 -3140 -2970 10248 8145 1
-1 -416 17872 1424 -5220 -3803 -2750 1
-1 -416 17872 1424 -5220 -3803 -2750 1
-1 -5544 15496 2216 1123 -3219 -6360 1
-1 -5544 15496 2216 1123 -3219 -6360 1
-1 -7356 15544 1064 -1041 3676 1028 1
-1 -7356 15544 1064 -1041 3676 1028 1
-1 -3544 15112 1920 -3586 6586 4248 1
-1 -3544 15112 1920 -3586 6586 4248 1
-1 -1868 15548 2916 -1361 4056 683 1
-1 -1868 15548 2916 -1361 4056 683 1
-1 -3488 15192 2176 -533 -417 -1768 1
-1 -3488 15192 2176 -533 -417 -1768 1
-1 -5132 15092 2004 286 588 204 1
-1 -5132 15092 2004 286 588 204 1
-1 -4828 15636 560 250 3399 2601 1
-1 -4828 15636 560 250 3399 2601 1
-1 -3768 14600 264 -3683 387 812 1
-1 -3768 14600 264 -3683 387 812 1
-1 -4368 16776 -84 -2603 -898 441 1
-1 -4368 16776 -84 -2603 -898 441 1
-1 -3436 17224 -2508 -5899 1000 3034 1
-1 -3436 17224 -2508 -5899 1000 3034 1
-1 -4416 16960 -844 -10129 81 2557 1
-1 -4416 16960 -844 -10129 81 2557 1
-1 -6048 16400 3180 -10510 5002 5067 1
-1 -6048 16400 3180 -10510 5002 5067 1
-1 -1540 10940 5220 -8833 16603 7308 1
-1 -1540 10940 5220 -8833 16603 7308 1
-1 332 10688 3800 -2627 1176 5132 1
-1 332 10688 3800 -2627 1176 5132 1
-1 -1796 10748 3776 -4519 2249 -5344 1
-1 -1796 10748 3776 -4519 2249 -5344 1
-1 -5024 13044 6364 -9247 -1174 173 1
-1 -5024 13044 6364 -9247 -1174 173 1
-1 -3616 14836 13840 -8825 6321 8060 1
-1 -3616 14836 13840 -8825 6321 8060 1
-1 -268 8420 11500 3589 6702 -992 1
-1 -268 8420 11500 3589 6702 -992 1
-1 -1956 10056 11212 6614 5077 -1696 1
-1 -1956 10056 11212 6614 5077 -1696 1
-1 -4544 10788 11300 5511 2716 -3275 1
-1 -4544 10788 11300 5511 2716 -3275 1
-1 -4944 13740 7812 10656 4439 1076 1
-1 -4944 13740 7812 10656 4439 1076 1
-1 -1516 12180 5064 -7215 -1873 2748 1
-1 -1516 12180 5064 -7215 -1873 2748 1
-1 -3292 12700 12424 -4675 -5399 -3835 1
-1 -3292 12700 12424 -4675 -5399 -3835 1
-1 -20048 14040 9616 2285 21594 -3695 1
-1 -20048 14040 9616 2285 21594 -3695 1
-1 -1256 17472 9672 14159 4011 583 1
-1 -1256 17472 9672 14159 4011 583 1
-1 -22696 6824 7040 -17014 26880 -32768 1
-1 -22696 6824 7040 -17014 26880 -32768 1
-1 -7252 15620 12508 3946 1028 1588 1
-1 -7252 15620 12508 3946 1028 1588 1
-1 -3404 8460 1980 -463 9979 -17578 1
-1 -3404 8460 1980 -463 9979 -17578 1
-1 -11668 11352 7228 10843 -1916 -3245 1
-1 -11668 11352 7228 10843 -1916 -3245 1
-1 -13260 -17040 2740 -19320 -4841 6422 1
-1 -13260 -17040 2740 -19320 -4841 6422 1
-1 -892 11780 17264 -32768 -524 10406 1
-1 -892 11780 17264 -32768 -524 10406 1
-1 -28876 6624 11300 -7097 -10582 8340 1
-1 -28876 6624 11300 -7097 -10582 8340 1
-1 -632 9376 7000 -4143 -5748 7324 1
-1 -632 9376 7000 -4143 -5748 7324 1
-1 3276 13612 12688 -767 -2774 3790 1
-1 3276 13612 12688 -767 -2774 3790 1
-1 -2928 14448 14480 -2632 -4296 2848 1
-1 -2928 14448 14480 -2632 -4296 2848 1
-1 8932 18408 13792 -3412 -4898 10732 1
-1 8932 18408 13792 -3412 -4898 10732 1
-1 -2412 12984 10504 -1155 5018 -1513 1
-1 -2412 12984 10504 -1155 5018 -1513 1
-1 6644 13348 9984 12271 -1604 -8849 1
-1 6644 13348 9984 12271 -1604 -8849 1
-1 -916 12724 620 -4824 -1990 5779 1
-1 -916 12724 620 -4824 -1990 5779 1
-1 -5084 16844 12252 5142 24154 -9030 1
-1 -5084 16844 12252 5142 24154 -9030 1
-1 2768 6840 -1364 5993 -13183 15537 1
-1 2768 6840 -1364 5993 -13183 15537 1
-1 116 12764 6160 7756 3972 7526 1
-1 116 12764 6160 7756 3972 7526 1
-1 2484 13916 4240 4835 7299 -6602 1
-1 2484 13916 4240 4835 7299 -6602 1
-1 -788 15096 10776 3460 0 -6602 1
-1 -788 15096 10776 3460 0 -6602 1
-1 116 14092 4048 6128 -2545 -2007 1
-1 116 14092 4048 6128 -2545 -2007 1
-1 0 14092 4048 6128 -2545 -2007 1
-1 0 14092 4048 6128 -2545 -2007 1
-1 -428 14052 6152 0 -2545 -2007 1
-1 -428 14052 6152 0 -2545 -2007 1
-1 -1512 13328 2636 -3700 -667 2300 1
-1 -1512 13328 2636 -3700 -667 2300 1
-1 1804 16540 5512 819 -689 -2277 1
-1 1804 16540 5512 819 -689 -2277 1
-1 -1920 11760 61 0 -689 -2277 1
-1 -1920 11760 61 0 -689 -2277 1
-1 280 16160 4480 719 1414 -983 1
-1 280 16160 4480 719 1414 -983 1
-1 1024 15388 3208 552 -1608 901 1
-1 1024 15388 3208 552 -1608 901 1
-1 1724 15908 3124 330 3118 -1081 1
-1 1724 15908 3124 330 3118 -1081 1
-1 -988 16148 6104 320 -4920 769 1
-1 -988 16148 6104 320 -4920 769 1
-1 1148 15708 3816 566 142 -971 1
-1 1148 15708 3816 566 142 -971 1
-1 500 15320 3228 1098 -2222 145 1
-1 500 15320 3228 1098 -2222 145 1
-1 -4656 21344 7792 -2555 7069 -11790 1
-1 -4656 21344 7792 -2555 7069 -11790 1
-1 -1616 15712 6228 -4241 8217 -11135 1
-1 -1616 15712 6228 -4241 8217 -11135 1
-1 -2060 15868 6024 -3700 2621 -15702 1
-1 -2060 15868 6024 -3700 2621 -15702 1
-1 -14336 28388 9048 9279 10198 14239 1
-1 -14336 28388 9048 9279 10198 14239 1
-1 -3624 14388 7472 3050 -8317 -936 1
-1 -3624 14388 7472 3050 -8317 -936 1
-1 -4860 7540 -4968 -18461 19552 -32768 1
-1 -4860 7540 -4968 -18461 19552 -32768 1
-1 -11096 11056 6844 1300 -1375 -5659 1
-1 -11096 11056 6844 1300 -1375 -5659 1
-1 -10560 10256 6172 953 -585 43 1
-1 -10560 10256 6172 953 -585 43 1
-1 -8880 10084 4348 4119 -6116 1993 1
-1 -8880 10084 4348 4119 -6116 1993 1
-1 -8424 9720 3532 6147 -6056 5202 1
-1 -8424 9720 3532 6147 -6056 5202 1
-1 -10120 11460 6516 -2741 3489 -4381 1
-1 -10120 11460 6516 -2741 3489 -4381 1
-1 -8804 11436 5120 3768 -4716 4144 1
-1 -8804 11436 5120 3768 -4716 4144 1
-1 -8716 12952 6888 -660 861 -2663 1
-1 -8716 12952 6888 -660 861 -2663 1
-1 -10360 12276 5244 2399 -3869 2271 1
-1 -10360 12276 5244 2399 -3869 2271 1
-1 -9744 13084 7208 -1394 2542 -3860 1
-1 -9744 13084 7208 -1394 2542 -3860 1
-1 -9632 13880 9116 3691 -586 1080 1
-1 -9632 13880 9116 3691 -586 1080 1
-1 -11428 12268 8188 1875 -658 -578 1
-1 -11428 12268 8188 1875 -658 -578 1
-1 -8928 11968 6152 6366 -3109 4743 1
-1 -8928 11968 6152 6366 -3109 4743 1
-1 -11336 12152 5076 2830 -2922 4602 1
-1 -11336 12152 5076 2830 -2922 4602 1
-1 -7672 13044 2104 2058 212 1752 1
-1 -7672 13044 2104 2058 212 1752 1
-1 -4556 13664 7528 4505 -1292 3089 1
-1 -4556 13664 7528 4505 -1292 3089 1
-1 -5264 12708 7716 713 2376 574 1
-1 -5264 12708 7716 713 2376 574 1
-1 -11452 10820 644 -1101 -3966 4212 1
-1 -11452 10820 644 -1101 -3966 4212 1
-1 -5028 12248 1868 136 2565 -595 1
-1 -5028 12248 1868 136 2565 -595 1
-1 -6632 12780 3096 -849 -2523 2291 1
-1 -6632 12780 3096 -849 -2523 2291 1
-1 -6924 12224 3708 -1600 1081 898 1
-1 -6924 12224 3708 -1600 1081 898 1
-1 -7676 11244 3284 1815 -2279 3402 1
-1 -7676 11244 3284 1815 -2279 3402 1
-1 -3224 12784 4072 1909 -1803 3332 1
-1 -3224 12784 4072 1909 -1803 3332 1
-1 -7896 12144 988 -2104 2097 -29 1
-1 -7896 12144 988 -2104 2097 -29 1
-1 -5260 11652 4872 865 -697 22 1
-1 -5260 11652 4872 865 -697 22 1
-1 -8532 13612 5416 -1627 2937 319 1
-1 -8532 13612 5416 -1627 2937 319 1
-1 -7120 11228 4564 2770 -5192 4638 1
-1 -7120 11228 4564 2770 -5192 4638 1
-1 -6584 11840 3984 1841 1851 1133 1
-1 -6584 11840 3984 1841 1851 1133 1
-1 -5296 14088 5992 861 -1174 2344 1
-1 -5296 14088 5992 861 -1174 2344 1
-1 -6028 13276 4888 634 -337 1057 1
-1 -6028 13276 4888 634 -337 1057 1
-1 -4752 13668 5560 287 -794 1732 1
-1 -4752 13668 5560 287 -794 1732 1
-1 -4980 14108 6608 2287 -2794 6227 1
-1 -4980 14108 6608 2287 -2794 6227 1
-1 -5000 13976 2652 527 -3345 3883 1
-1 -5000 13976 2652 527 -3345 3883 1
-1 -3512 14456 4472 2959 -4431 7306 1
-1 -3512 14456 4472 2959 -4431 7306 1
-1 -2448 14528 6292 1772 -4606 8230 1
-1 -2448 14528 6292 1772 -4606 8230 1
-1 -1988 15192 4028 8869 -17716 23864 1
-1 -1988 15192 4028 8869 -17716 23864 1
-1 4060 14112 1892 5904 -10261 17266 1
-1 4060 14112 1892 5904 -10261 17266 1
-1 4524 15604 6072 4064 -5325 19585 1
-1 4524 15604 6072 4064 -5325 19585 1
-1 4748 15532 1220 -382 -7119 14450 1
-1 4748 15532 1220 -382 -7119 14450 1
-1 7340 17264 4876 205 -3513 7731 1
-1 7340 17264 4876 205 -3513 7731 1
-1 3904 16400 2828 3548 -433 10042 1
-1 3904 16400 2828 3548 -433 10042 1
-1 6332 15388 3412 1826 58 8944 1
-1 6332 15388 3412 1826 58 8944 1
-1 10816 9928 212 1486 544 4594 1
-1 10816 9928 212 1486 544 4594 1
-1 11408 11388 3464 4442 -1572 1362 1
-1 11408 11388 3464 4442 -1572 1362 1
-1 9560 11728 1928 3261 354 5051 1
-1 9560 11728 1928 3261 354 5051 1
-1 9200 10948 -972 -799 3083 919 1
-1 9200 10948 -972 -799 3083 919 1
-1 8680 12140 2252 2085 517 7118 1
-1 8680 12140 2252 2085 517 7118 1
-1 11404 9704 -248 1784 -1292 694 1
-1 11404 9704 -248 1784 -1292 694 1
-1 10800 10620 1136 782 2970 2107 1
-1 10800 10620 1136 782 2970 2107 1
-1 11400 10428 864 -1827 2767 -1655 1
-1 11400 10428 864 -1827 2767 -1655 1
-1 11288 11012 292 -836 2262 -1798 1
-1 11288 11012 292 -836 2262 -1798 1
-1 10556 12736 2832 540 864 132 1
-1 10556 12736 2832 540 864 132 1
-1 12320 11688 3124 174 -1113 1344 1
-1 12320 11688 3124 174 -1113 1344 1
-1 11160 12660 3112 583 5957 -3495 1
-1 11160 12660 3112 583 5957 -3495 1
-1 9104 13280 2432 197 525 475 1
-1 9104 13280 2432 197 525 475 1
-1 10936 11792 2340 353 5178 -4615 1
-1 10936 11792 2340 353 5178 -4615 1
-1 6868 13812 3440 -1010 2504 -1292 1
-1 6868 13812 3440 -1010 2504 -1292 1
-1 10680 12364 2492 -2765 2242 -2236 1
-1 10680 12364 2492 -2765 2242 -2236 1
-1 7416 13680 3092 -2792 1258 1221 1
-1 7416 13680 3092 -2792 1258 1221 1
-1 11616 12100 8404 -3269 2628 1585 1
-1 11616 12100 8404 -3269 2628 1585 1
-1 8920 13648 5140 -3161 5116 -2399 1
-1 8920 13648 5140 -3161 5116 -2399 1
-1 11880 12896 7376 -2499 -128 -3302 1
-1 11880 12896 7376 -2499 -128 -3302 1
-1 7060 13068 4932 -1345 4301 -5088 1
-1 7060 13068 4932 -1345 4301 -5088 1
-1 6908 13224 6124 -3358 -908 695 1
-1 6908 13224 6124 -3358 -908 695 1
-1 7508 11920 4852 -2428 -70 -672 1
-1 7508 11920 4852 -2428 -70 -672 1
-1 7356 12808 7092 -2962 2162 -2794 1
-1 7356 12808 7092 -2962 2162 -2794 1
-1 8408 12604 7504 -2568 2415 -2529 1
-1 8408 12604 7504 -2568 2415 -2529 1
-1 7760 14272 9632 -2521 597 -2489 1
-1 7760 14272 9632 -2521 597 -2489 1
-1 7224 14300 8320 630 3317 -5298 1
-1 7224 14300 8320 630 3317 -5298 1
-1 5052 15000 8552 437 -1623 686 1
-1 5052 15000 8552 437 -1623 686 1
-1 6052 12752 7080 591 -979 -92 1
-1 6052 12752 7080 591 -979 -92 1
-1 7876 12972 8988 1922 -1738 -10 1
-1 7876 12972 8988 1922 -1738 -10 1
-1 5836 12700 7720 499 -1331 41 1
-1 5836 12700 7720 499 -1331 41 1
-1 5524 12456 6452 1042 1310 -1178 1
-1 5524 12456 6452 1042 1310 -1178 1
-1 6740 12664 8364 1227 3052 -5838 1
-1 6740 12664 8364 1227 3052 -5838 1
-1 3888 13952 7400 1099 -313 -3734 1
-1 3888 13952 7400 1099 -313 -3734 1
-1 2856 13784 7824 1278 9266 -15773 1
-1 2856 13784 7824 1278 9266 -15773 1
-1 840 15768 10864 2613 1990 -13618 1
-1 840 15768 10864 2613 1990 -13618 1
-1 -816 15132 9972 3540 13258 -23868 1
-1 -816 15132 9972 3540 13258 -23868 1
-1 -7156 14984 7816 5943 -10389 -1446 1
-1 -7156 14984 7816 5943 -10389 -1446 1
-1 -3956 17696 9664 4284 -3891 -4375 1
-1 -3956 17696 9664 4284 -3891 -4375 1
-1 -7084 14088 1424 5864 -4564 -6343 1
-1 -7084 14088 1424 5864 -4564 -6343 1
-1 -3724 15836 2608 4294 -8835 2065 1
-1 -3724 15836 2608 4294 -8835 2065 1
-1 -7060 15980 3296 4374 -1924 -745 1
-1 -7060 15980 3296 4374 -1924 -745 1
-1 -1648 16232 7556 6045 3856 1274 1
-1 -1648 16232 7556 6045 3856 1274 1
-1 2996 17116 6532 1207 8279 -4344 1
-1 2996 17116 6532 1207 8279 -4344 1
-1 -528 18644 8208 2981 13329 -2098 1
-1 -528 18644 8208 2981 13329 -2098 1
-1 1316 15268 3360 8518 -1210 9918 1
-1 1316 15268 3360 8518 -1210 9918 1
-1 3220 15560 1524 4688 6740 36 1
-1 3220 15560 1524 4688 6740 36 1
-1 1892 12964 -2836 5572 -858 4332 1
-1 1892 12964 -2836 5572 -858 4332 1
-1 952 12116 -1644 -3615 4789 -6540 1
-1 952 12116 -1644 -3615 4789 -6540 1
-1 1680 12020 32 3773 -636 7522 1
-1 1680 12020 32 3773 -636 7522 1
-1 3340 11528 -2680 1459 -4374 8080 1
-1 3340 11528 -2680 1459 -4374 8080 1
-1 4408 14564 4748 -10 1507 698 1
-1 4408 14564 4748 -10 1507 698 1
-1 -1020 16932 5436 -4503 4871 -7893 1
-1 -1020 16932 5436 -4503 4871 -7893 1
-1 800 16120 696 -1565 252 -4857 1
-1 800 16120 696 -1565 252 -4857 1
-1 -2252 15108 2664 482 -5084 32 1
-1 -2252 15108 2664 482 -5084 32 1
-1 2596 15092 2260 1787 -3236 1725 1
-1 2596 15092 2260 1787 -3236 1725 1
-1 -1244 15908 3360 2883 -2431 2780 1
-1 -1244 15908 3360 2883 -2431 2780 1
-1 3396 16604 2400 3575 -4580 5767 1
-1 3396 16604 2400 3575 -4580 5767 1
-1 3624 15520 580 504 661 -149 1
-1 3624 15520 580 504 661 -149 1
-1 3736 15848 1692 1507 181 431 1
-1 3736 15848 1692 1507 181 431 1
-1 4216 14816 680 861 -3329 2350 1
-1 4216 14816 680 861 -3329 2350 1
-1 5656 14624 -2452 -103 -2884 1118 1
-1 5656 14624 -2452 -103 -2884 1118 1
-1 3008 16424 2884 -93 -3374 -534 1
-1 3008 16424 2884 -93 -3374 -534 1
-1 2424 16748 1980 15 -6565 4621 1
-1 2424 16748 1980 15 -6565 4621 1
-1 -1000 15608 -1192 387 -5138 1088 1
-1 -1000 15608 -1192 387 -5138 1088 1
-1 3740 16096 2408 -2253 -3082 -2546 1
-1 3740 16096 2408 -2253 -3082 -2546 1
-1 -136 16428 3048 -1542 -2597 -2584 1
-1 -136 16428 3048 -1542 -2597 -2584 1
-1 -1180 17064 3432 522 -1690 -1493 1
-1 -1180 17064 3432 522 -1690 -1493 1
-1 2192 15876 -968 2882 -3780 7415 1
-1 2192 15876 -968 2882 -3780 7415 1
-1 232 16300 1272 -228 1132 -3094 1
-1 232 16300 1272 -228 1132 -3094 1
-1 3508 14664 -332 -981 2551 -5583 1
-1 3508 14664 -332 -981 2551 -5583 1
-1 -1104 16464 1944 2493 -946 494 1
-1 -1104 16464 1944 2493 -946 494 1
-1 2704 15848 2564 158 1280 -4172 1
-1 2704 15848 2564 158 1280 -4172 1
-1 52 16092 924 -216 621 -2404 1
-1 52 16092 924 -216 621 -2404 1
-1 784 15368 352 -37 -2323 599 1
-1 784 15368 352 -37 -2323 599 1
-1 2892 17464 4440 672 -929 1055 1
-1 2892 17464 4440 672 -929 1055 1
-1 -320 17488 2768 2710 388 -76 1
-1 -320 17488 2768 2710 388 -76 1
-1 -100 16076 1404 393 -1549 1512 1
-1 -100 16076 1404 393 -1549 1512 1
-1 3140 15944 2324 -312 -1308 1218 1
-1 3140 15944 2324 -312 -1308 1218 1
-1 360 15840 972 4 1324 -4007 1
-1 360 15840 972 4 1324 -4007 1
-1 992 15832 1388 -623 -1300 1314 1
-1 992 15832 1388 -623 -1300 1314 1
-1 12 16476 1892 -812 730 -1392 1
-1 12 16476 1892 -812 730 -1392 1
-1 -1748 17328 2904 47 267 861 1
-1 -1748 17328 2904 47 267 861 1
-1 1768 15812 2748 845 289 -70 1
-1 1768 15812 2748 845 289 -70 1
