-1 3624 16544 3772 -2510 292 1354 1
-1 4732 16904 6012 -1930 2685 -1329 1
-1 4732 16904 6012 -1930 2685 -1329 1
-1 2068 15892 4688 -1073 -1533 1038 1
-1 2068 15892 4688 -1073 -1533 1038 1
-1 2564 15472 5576 -1788 -1626 1812 1
-1 2564 15472 5576 -1788 -1626 1812 1
-1 4608 14812 4716 -681 -1411 -871 1
-1 4608 14812 4716 -681 -1411 -871 1
-1 468 15180 4812 -804 -1396 -415 1
-1 468 15180 4812 -804 -1396 -415 1
-1 3064 15112 4280 -1140 -1924 236 1
-1 3064 15112 4280 -1140 -1924 236 1
-1 2012 15320 4308 -455 -2108 -173 1
-1 2012 15320 4308 -455 -2108 -173 1
-1 3216 15124 5224 -943 -2219 739 1
-1 3216 15124 5224 -943 -2219 739 1
-1 2080 15864 5816 755 -1558 -1663 1
-1 2080 15864 5816 755 -1558 -1663 1
-1 2756 15880 6160 1040 -1088 -2069 1
-1 2756 15880 6160 1040 -1088 -2069 1
-1 364 16112 4464 1494 -132 -1534 1
-1 364 16112 4464 1494 -132 -1534 1
-1 2164 15104 4008 2008 239 -704 1
-1 2164 15104 4008 2008 239 -704 1
-1 -276 14744 2484 1928 825 -2052 1
-1 -276 14744 2484 1928 825 -2052 1
-1 2032 15252 4692 1897 -432 -958 1
-1 2032 15252 4692 1897 -432 -958 1
-1 1044 15084 4048 1311 722 -1266 1
-1 1044 15084 4048 1311 722 -1266 1
-1 1728 15728 5000 1898 -330 -1719 1
-1 1728 15728 5000 1898 -330 -1719 1
-1 112 16052 3676 1456 1700 -2175 1
-1 112 16052 3676 1456 1700 -2175 1
-1 -28 15548 3328 1285 -332 -755 1
-1 -28 15548 3328 1285 -332 -755 1
-1 2024 14836 4056 870 -1454 130 1
-1 2024 14836 4056 870 -1454 130 1
-1 1868 15320 4252 207 -627 -1183 1
-1 1868 15320 4252 207 -627 -1183 1
-1 432 16320 5024 796 -1271 -753 1
-1 432 16320 5024 796 -1271 -753 1
-1 884 15752 3104 157 -776 -1642 1
-1 884 15752 3104 157 -776 -1642 1
-1 -208 16172 3688 651 -1002 -491 1
-1 -208 16172 3688 651 -1002 -491 1
-1 -432 15728 3068 -572 -1137 950 1
-1 -432 15728 3068 -572 -1137 950 1
-1 580 15696 3940 -892 -702 769 1
-1 580 15696 3940 -892 -702 769 1
-1 -832 15076 3128 718 2195 -1655 1
-1 -832 15076 3128 718 2195 -1655 1
-1 -668 15896 4464 989 1372 513 1
-1 -668 15896 4464 989 1372 513 1
-1 4268 13712 1052 191 3325 -2347 1
-1 4268 13712 1052 191 3325 -2347 1
-1 -3044 16936 5752 -403 2869 -3142 1
-1 -3044 16936 5752 -403 2869 -3142 1
-1 -2324 16128 3472 817 1249 4000 1
-1 -2324 16128 3472 817 1249 4000 1
-1 2752 14240 2268 1303 1510 1914 1
-1 2752 14240 2268 1303 1510 1914 1
-1 -1344 15872 3436 828 1693 -726 1
-1 -1344 15872 3436 828 1693 -726 1
-1 -1220 16456 4156 136 720 1520 1
-1 -1220 16456 4156 136 720 1520 1
-1 -268 15232 3252 -113 -1855 5677 1
-1 -268 15232 3252 -113 -1855 5677 1
-1 2640 14752 4336 600 -977 4271 1
-1 2640 14752 4336 600 -977 4271 1
-1 832 15164 3284 52 -206 35 1
-1 832 15164 3284 52 -206 35 1
-1 1180 15212 1928 304 -764 852 1
-1 1180 15212 1928 304 -764 852 1
-1 2516 15560 3964 -717 126 234 1
-1 2516 15560 3964 -717 126 234 1
-1 1204 15644 4288 388 -1716 1059 1
-1 1204 15644 4288 388 -1716 1059 1
-1 2204 15676 4504 304 -1030 770 1
-1 2204 15676 4504 304 -1030 770 1
-1 736 15772 4260 922 -1282 472 1
-1 736 15772 4260 922 -1282 472 1
-1 488 15324 2680 -863 -63 767 1
-1 488 15324 2680 -863 -63 767 1
-1 2368 15580 4068 -98 -479 -511 1
-1 2368 15580 4068 -98 -479 -511 1
-1 2532 15372 3176 -74 367 -58 1
-1 2532 15372 3176 -74 367 -58 1
-1 1464 15712 3696 594 -653 -537 1
-1 1464 15712 3696 594 -653 -537 1
-1 2440 16536 5452 475 -167 -484 1
-1 2440 16536 5452 475 -167 -484 1
-1 1708 14804 3116 1177 220 -1493 1
-1 1708 14804 3116 1177 220 -1493 1
-1 1884 15312 3820 856 379 -539 1
-1 1884 15312 3820 856 379 -539 1
-1 1300 15152 2928 869 11 -895 1
-1 1300 15152 2928 869 11 -895 1
-1 1312 16104 4300 551 -1402 387 1
-1 1312 16104 4300 551 -1402 387 1
-1 2448 15408 3152 1546 -470 -409 1
-1 2448 15408 3152 1546 -470 -409 1
-1 1652 15472 2704 345 691 -416 1
-1 1652 15472 2704 345 691 -416 1
-1 1132 16008 3420 691 -224 -739 1
-1 1132 16008 3420 691 -224 -739 1
-1 1636 15444 2880 -39 154 -693 1
-1 1636 15444 2880 -39 154 -693 1
-1 1488 15776 3724 649 -867 -435 1
-1 1488 15776 3724 649 -867 -435 1
-1 1916 15360 2988 19 211 -520 1
-1 1916 15360 2988 19 211 -520 1
-1 980 16320 3968 629 -36 -174 1
-1 980 16320 3968 629 -36 -174 1
-1 1648 15624 3376 580 744 -422 1
-1 1648 15624 3376 580 744 -422 1
-1 1284 15448 2912 57 -235 1059 1
-1 1284 15448 2912 57 -235 1059 1
-1 832 15884 3792 62 1165 -323 1
-1 832 15884 3792 62 1165 -323 1
-1 1372 15144 3624 697 -1362 42 1
-1 1372 15144 3624 697 -1362 42 1
-1 1160 15560 3416 318 -1716 -324 1
-1 1160 15560 3416 318 -1716 -324 1
-1 1076 15488 3368 42 478 -929 1
-1 1076 15488 3368 42 478 -929 1
-1 1156 15488 3460 640 208 -545 1
-1 1156 15488 3460 640 208 -545 1
-1 904 15604 3368 796 -144 391 1
-1 904 15604 3368 796 -144 391 1
-1 1276 15720 3220 953 378 336 1
-1 1276 15720 3220 953 378 336 1
-1 1356 15828 3052 1318 -1009 284 1
-1 1356 15828 3052 1318 -1009 284 1
-1 1288 15880 3588 479 872 -918 1
-1 1288 15880 3588 479 872 -918 1
-1 1284 15604 3076 332 -402 -133 1
-1 1284 15604 3076 332 -402 -133 1
-1 964 15652 3280 242 217 -23 1
-1 964 15652 3280 242 217 -23 1
-1 1092 15648 3080 390 -231 104 1
-1 1092 15648 3080 390 -231 104 1
-1 1208 15732 3344 361 394 103 1
-1 1208 15732 3344 361 394 103 1
-1 1052 15764 3060 554 -334 -60 1
-1 1052 15764 3060 554 -334 -60 1
-1 1288 15736 3324 229 -867 275 1
-1 1288 15736 3324 229 -867 275 1
-1 1344 15464 2804 693 -1134 402 1
-1 1344 15464 2804 693 -1134 402 1
-1 1468 15732 3024 470 220 86 1
-1 1468 15732 3024 470 220 86 1
-1 1368 15724 3216 555 -587 848 1
-1 1368 15724 3216 555 -587 848 1
-1 1272 16016 3124 498 191 266 1
-1 1272 16016 3124 498 191 266 1
-1 728 16136 4324 1100 -1150 1558 1
-1 728 16136 4324 1100 -1150 1558 1
-1 1596 15880 3188 573 -83 389 1
-1 1596 15880 3188 573 -83 389 1
-1 1472 15620 2908 528 -926 469 1
-1 1472 15620 2908 528 -926 469 1
-1 1780 15728 2996 796 -845 761 1
-1 1780 15728 2996 796 -845 761 1
-1 1912 15708 3064 485 -977 481 1
-1 1912 15708 3064 485 -977 481 1
-1 1852 15804 2992 -313 -109 -276 1
-1 1852 15804 2992 -313 -109 -276 1
-1 1864 15632 3144 -569 285 -800 1
-1 1864 15632 3144 -569 285 -800 1
-1 1656 15672 3132 -162 1870 -2768 1
-1 1656 15672 3132 -162 1870 -2768 1
-1 1428 15816 3604 112 3534 -6850 1
-1 1428 15816 3604 112 3534 -6850 1
-1 -144 15816 5068 -2758 3844 -6941 1
-1 -144 15816 5068 -2758 3844 -6941 1
-1 -1556 14700 3644 -704 37 -4188 1
-1 -1556 14700 3644 -704 37 -4188 1
-1 -280 14772 3528 -1266 2331 -8021 1
-1 -280 14772 3528 -1266 2331 -8021 1
-1 -5112 16192 7872 2631 -2453 -1346 1
-1 -5112 16192 7872 2631 -2453 -1346 1
-1 -724 15600 4116 -2753 3924 -11225 1
-1 -724 15600 4116 -2753 3924 -11225 1
-1 -4340 14656 4260 3116 -3747 -1978 1
-1 -4340 14656 4260 3116 -3747 -1978 1
-1 -3460 15396 4804 1384 -6271 -4754 1
-1 -3460 15396 4804 1384 -6271 -4754 1
-1 -3524 14040 2216 1386 -106 -5151 1
-1 -3524 14040 2216 1386 -106 -5151 1
-1 -6088 13612 3720 20 -2457 -3538 1
-1 -6088 13612 3720 20 -2457 -3538 1
-1 -5124 14500 4860 2062 1092 -1844 1
-1 -5124 14500 4860 2062 1092 -1844 1
-1 -4928 14748 3824 924 -3267 -513 1
-1 -4928 14748 3824 924 -3267 -513 1
-1 -4768 14220 3084 -191 -575 -771 1
-1 -4768 14220 3084 -191 -575 -771 1
-1 -5532 15268 5224 -1892 -61 -1478 1
-1 -5532 15268 5224 -1892 -61 -1478 1
-1 -4540 15164 2800 -2687 1623 -2286 1
-1 -4540 15164 2800 -2687 1623 -2286 1
-1 -5848 14956 4440 -361 -496 -1089 1
-1 -5848 14956 4440 -361 -496 -1089 1
-1 -5320 15612 6700 -431 -1174 -76 1
-1 -5320 15612 6700 -431 -1174 -76 1
-1 -5648 14816 7808 -3062 3681 -2488 1
-1 -5648 14816 7808 -3062 3681 -2488 1
-1 -5728 13172 4348 -35 2643 -2855 1
-1 -5728 13172 4348 -35 2643 -2855 1
-1 -8532 14712 7792 808 4593 -2670 1
-1 -8532 14712 7792 808 4593 -2670 1
-1 -8644 14460 5892 -1469 1715 -628 1
-1 -8644 14460 5892 -1469 1715 -628 1
-1 -7952 12844 2028 3946 -419 3477 1
-1 -7952 12844 2028 3946 -419 3477 1
-1 -4676 14132 3088 -600 1525 1284 1
-1 -4676 14132 3088 -600 1525 1284 1
-1 -8232 13284 6248 -2085 741 1144 1
-1 -8232 13284 6248 -2085 741 1144 1
-1 -5520 12564 3344 -1874 4213 -1574 1
-1 -5520 12564 3344 -1874 4213 -1574 1
-1 -9208 12196 4184 -845 -910 1185 1
-1 -9208 12196 4184 -845 -910 1185 1
-1 -8140 13360 4560 -1356 3440 431 1
-1 -8140 13360 4560 -1356 3440 431 1
-1 -4724 12268 6176 3594 -1420 4191 1
-1 -4724 12268 6176 3594 -1420 4191 1
-1 -7592 12248 3964 1316 -709 1832 1
-1 -7592 12248 3964 1316 -709 1832 1
-1 -4120 14096 4056 915 -961 1619 1
-1 -4120 14096 4056 915 -961 1619 1
-1 -7856 13880 3900 571 3133 19 1
-1 -7856 13880 3900 571 3133 19 1
-1 -5408 13316 3392 -695 -1951 1074 1
-1 -5408 13316 3392 -695 -1951 1074 1
-1 -4008 13748 5420 1048 457 1604 1
-1 -4008 13748 5420 1048 457 1604 1
-1 -5148 12864 6076 -1103 2764 117 1
-1 -5148 12864 6076 -1103 2764 117 1
-1 -4400 12088 2704 1210 -2357 1958 1
-1 -4400 12088 2704 1210 -2357 1958 1
-1 -8172 13248 4916 -341 657 745 1
-1 -8172 13248 4916 -341 657 745 1
-1 -6080 12228 4236 620 276 254 1
-1 -6080 12228 4236 620 276 254 1
-1 -7764 12324 2788 -252 -641 1709 1
-1 -7764 12324 2788 -252 -641 1709 1
-1 -3640 12600 4944 86 -15 945 1
-1 -3640 12600 4944 86 -15 945 1
-1 -3960 14256 3320 109 -2337 2911 1
-1 -3960 14256 3320 109 -2337 2911 1
-1 -4144 14928 4196 711 -758 2857 1
-1 -4144 14928 4196 711 -758 2857 1
-1 -5752 14860 4916 1687 -6302 6788 1
-1 -5752 14860 4916 1687 -6302 6788 1
-1 -1492 14232 4480 992 -2410 6071 1
-1 -1492 14232 4480 992 -2410 6071 1
-1 -2284 15324 5576 1393 -6903 11144 1
-1 -2284 15324 5576 1393 -6903 11144 1
-1 -932 15980 4300 4013 -9984 18115 1
-1 -932 15980 4300 4013 -9984 18115 1
-1 3884 13836 1676 5504 -12647 28201 1
-1 3884 13836 1676 5504 -12647 28201 1
-1 6468 14512 4184 -1119 -1448 13358 1
-1 6468 14512 4184 -1119 -1448 13358 1
-1 5276 12668 692 856 -7721 16772 1
-1 5276 12668 692 856 -7721 16772 1
-1 6468 14764 5020 525 -8794 13079 1
-1 6468 14764 5020 525 -8794 13079 1
-1 10592 13244 3684 3958 -4140 10198 1
-1 10592 13244 3684 3958 -4140 10198 1
-1 11040 12512 1320 -191 5184 1852 1
-1 11040 12512 1320 -191 5184 1852 1
-1 8984 12924 2156 -410 569 4232 1
-1 8984 12924 2156 -410 569 4232 1
-1 11332 11280 3184 -1054 -1774 4120 1
-1 11332 11280 3184 -1054 -1774 4120 1
-1 10740 11072 1936 1712 663 4616 1
-1 10740 11072 1936 1712 663 4616 1
-1 12012 10136 2052 2078 -25 2851 1
-1 12012 10136 2052 2078 -25 2851 1
-1 13648 9356 1772 1339 1369 -1290 1
-1 13648 9356 1772 1339 1369 -1290 1
-1 10800 11720 3736 1400 -2009 2735 1
-1 10800 11720 3736 1400 -2009 2735 1
-1 13080 9680 2600 1741 3507 -1020 1
-1 13080 9680 2600 1741 3507 -1020 1
-1 12348 8080 1828 -240 2567 -420 1
-1 12348 8080 1828 -240 2567 -420 1
-1 11444 9640 904 1214 1931 -2092 1
-1 11444 9640 904 1214 1931 -2092 1
-1 11736 10808 1980 -978 1190 -2684 1
-1 11736 10808 1980 -978 1190 -2684 1
-1 11020 11416 2816 -859 1370 -3560 1
-1 11020 11416 2816 -859 1370 -3560 1
-1 10888 11764 4028 -2445 2059 -3551 1
-1 10888 11764 4028 -2445 2059 -3551 1
-1 10392 11600 3528 -573 2070 -2973 1
-1 10392 11600 3528 -573 2070 -2973 1
-1 9968 11808 4832 -1880 2101 -3239 1
-1 9968 11808 4832 -1880 2101 -3239 1
-1 9176 11604 3836 -1793 838 -2627 1
-1 9176 11604 3836 -1793 838 -2627 1
-1 9564 11948 3908 -1479 1566 -2192 1
-1 9564 11948 3908 -1479 1566 -2192 1
-1 9740 11812 5712 -542 1984 -3232 1
-1 9740 11812 5712 -542 1984 -3232 1
-1 8188 12544 4412 -1132 2898 -2847 1
-1 8188 12544 4412 -1132 2898 -2847 1
-1 8868 12712 5560 -309 2741 -3708 1
-1 8868 12712 5560 -309 2741 -3708 1
-1 7388 13592 7376 -2410 210 -2111 1
-1 7388 13592 7376 -2410 210 -2111 1
-1 10124 12292 5132 -446 1334 -2197 1
-1 10124 12292 5132 -446 1334 -2197 1
-1 6672 13988 7128 -1662 -327 -2485 1
-1 6672 13988 7128 -1662 -327 -2485 1
-1 8116 12864 5424 -1534 1469 -2080 1
-1 8116 12864 5424 -1534 1469 -2080 1
-1 6928 14120 9744 -1242 762 -1997 1
-1 6928 14120 9744 -1242 762 -1997 1
-1 6004 14280 6844 -1427 232 -2389 1
-1 6004 14280 6844 -1427 232 -2389 1
-1 8176 13192 6264 -1770 -469 -524 1
-1 8176 13192 6264 -1770 -469 -524 1
-1 7948 12804 8104 -1661 542 -1930 1
-1 7948 12804 8104 -1661 542 -1930 1
-1 6232 14088 8188 -979 522 -1107 1
-1 6232 14088 8188 -979 522 -1107 1
-1 7692 13428 8128 184 -744 -227 1
-1 7692 13428 8128 184 -744 -227 1
-1 6076 13512 7456 -563 155 -781 1
-1 6076 13512 7456 -563 155 -781 1
-1 6960 13128 7200 -96 -702 694 1
-1 6960 13128 7200 -96 -702 694 1
-1 6824 13364 8592 -486 -197 -605 1
-1 6824 13364 8592 -486 -197 -605 1
-1 6240 13376 7352 1283 315 -733 1
-1 6240 13376 7352 1283 315 -733 1
-1 6576 13048 7916 972 -1520 -699 1
-1 6576 13048 7916 972 -1520 -699 1
-1 6060 12388 6972 579 -773 -407 1
-1 6060 12388 6972 579 -773 -407 1
-1 6812 12388 8116 855 543 -1676 1
-1 6812 12388 8116 855 543 -1676 1
-1 5912 12540 6804 700 50 -2917 1
-1 5912 12540 6804 700 50 -2917 1
-1 4228 13500 7696 1699 2679 -11534 1
-1 4228 13500 7696 1699 2679 -11534 1
-1 3640 13264 9200 1022 8536 -22333 1
-1 3640 13264 9200 1022 8536 -22333 1
-1 564 14388 5328 6923 -4379 -44 1
-1 564 14388 5328 6923 -4379 -44 1
-1 2984 14308 6064 1718 2603 -6353 1
-1 2984 14308 6064 1718 2603 -6353 1
-1 1940 14588 7628 3536 -22 -4577 1
-1 1940 14588 7628 3536 -22 -4577 1
-1 -96 14760 6700 2298 1019 -2148 1
-1 -96 14760 6700 2298 1019 -2148 1
-1 -980 16952 9092 2813 606 -2244 1
-1 -980 16952 9092 2813 606 -2244 1
-1 -1876 18076 9120 2820 -5764 836 1
-1 -1876 18076 9120 2820 -5764 836 1
-1 -4080 17088 4700 1203 -5180 -3604 1
-1 -4080 17088 4700 1203 -5180 -3604 1
-1 -1032 17652 2656 3642 -10761 316 1
-1 -1032 17652 2656 3642 -10761 316 1
-1 1724 17344 6744 3356 -4787 1083 1
-1 1724 17344 6744 3356 -4787 1083 1
-1 -6632 16704 3192 2352 -313 -3274 1
-1 -6632 16704 3192 2352 -313 -3274 1
-1 -5032 15976 5696 8579 5912 73 1
-1 -5032 15976 5696 8579 5912 73 1
-1 320 12468 -4116 4044 9320 3026 1
-1 320 12468 -4116 4044 9320 3026 1
-1 5388 12884 1200 6831 9099 5418 1
-1 5388 12884 1200 6831 9099 5418 1
-1 5132 12804 -2924 5511 4620 8154 1
-1 5132 12804 -2924 5511 4620 8154 1
-1 9296 12596 -1268 903 13245 -914 1
-1 9296 12596 -1268 903 13245 -914 1
-1 1656 12780 -876 912 -221 6829 1
-1 1656 12780 -876 912 -221 6829 1
-1 7920 13904 3620 419 3844 1778 1
-1 7920 13904 3620 419 3844 1778 1
-1 4980 13664 2336 464 2024 931 1
-1 4980 13664 2336 464 2024 931 1
-1 3224 15588 2828 84 2021 1205 1
-1 3224 15588 2828 84 2021 1205 1
-1 5364 15596 464 2979 -1720 4579 1
-1 5364 15596 464 2979 -1720 4579 1
-1 6032 16436 4584 2354 -3036 3858 1
-1 6032 16436 4584 2354 -3036 3858 1
-1 3828 15272 -1104 -1276 1264 258 1
-1 3828 15272 -1104 -1276 1264 258 1
-1 6612 14668 1324 -6932 3957 -2243 1
-1 6612 14668 1324 -6932 3957 -2243 1
-1 4396 13916 496 -3847 2438 -3314 1
-1 4396 13916 496 -3847 2438 -3314 1
-1 5676 15192 4560 -795 3041 -796 1
-1 5676 15192 4560 -795 3041 -796 1
-1 4708 15652 2456 440 631 -368 1
-1 4708 15652 2456 440 631 -368 1
-1 6188 14016 912 2458 -2735 -633 1
-1 6188 14016 912 2458 -2735 -633 1
-1 6188 15044 2860 -243 1561 -3085 1
-1 6188 15044 2860 -243 1561 -3085 1
-1 5672 14592 976 -702 -1642 -2517 1
-1 5672 14592 976 -702 -1642 -2517 1
-1 2900 16232 3824 -2375 -73 -3962 1
-1 2900 16232 3824 -2375 -73 -3962 1
-1 3384 16848 2924 -362 -1128 -1844 1
-1 3384 16848 2924 -362 -1128 -1844 1
-1 868 16764 3672 -1079 -734 -3037 1
-1 868 16764 3672 -1079 -734 -3037 1
-1 3456 16272 5452 -505 -2334 470 1
-1 3456 16272 5452 -505 -2334 470 1
-1 -776 16972 3056 68 -471 -2685 1
-1 -776 16972 3056 68 -471 -2685 1
-1 5640 15304 3564 -1416 -5064 725 1
-1 5640 15304 3564 -1416 -5064 725 1
-1 4384 14324 484 -1890 2592 -5263 1
-1 4384 14324 484 -1890 2592 -5263 1
-1 1408 14812 3212 -1011 -3082 -828 1
-1 1408 14812 3212 -1011 -3082 -828 1
-1 544 15792 3452 -1684 2250 -4328 1
-1 544 15792 3452 -1684 2250 -4328 1
-1 -824 15912 4392 490 -808 -1189 1
-1 -824 15912 4392 490 -808 -1189 1
-1 1852 14748 3400 -1354 -267 -4051 1
-1 1852 14748 3400 -1354 -267 -4051 1
-1 -660 14856 3872 -71 -3232 36 1
-1 -660 14856 3872 -71 -3232 36 1
-1 -948 15188 4528 676 2081 -1857 1
-1 -948 15188 4528 676 2081 -1857 1
-1 -2240 16772 6868 1593 -2726 450 1
-1 -2240 16772 6868 1593 -2726 450 1
-1 1332 16180 5084 2691 -5026 3389 1
-1 1332 16180 5084 2691 -5026 3389 1
-1 3256 15672 2248 -87 -1033 -35 1
