-1 3960 14668 7912 818 -5273 6176 1
-1 5100 14020 6152 -1292 -2663 -172 1
-1 5100 14020 6152 -1292 -2663 -172 1
-1 3612 14876 7136 -382 -4149 -958 1
-1 3612 14876 7136 -382 -4149 -958 1
-1 1008 15388 5168 -560 -711 -2728 1
-1 1008 15388 5168 -560 -711 -2728 1
-1 416 15072 1900 505 -437 -660 1
-1 416 15072 1900 505 -437 -660 1
-1 2900 13836 1996 -1664 -2995 303 1
-1 2900 13836 1996 -1664 -2995 303 1
-1 -96 14424 5096 -872 1824 -4749 1
-1 -96 14424 5096 -872 1824 -4749 1
-1 3252 14352 5876 7816 -1831 -5274 1
-1 3252 14352 5876 7816 -1831 -5274 1
-1 -548 14932 6504 2563 3179 -5091 1
-1 -548 14932 6504 2563 3179 -5091 1
-1 -96 15900 9336 -3928 -8263 7649 1
-1 -96 15900 9336 -3928 -8263 7649 1
-1 5156 13620 8404 -608 -1868 3432 1
-1 5156 13620 8404 -608 -1868 3432 1
-1 3044 13096 6196 3305 1201 -1013 1
-1 3044 13096 6196 3305 1201 -1013 1
-1 1892 13404 8184 363 -944 1957 1
-1 1892 13404 8184 363 -944 1957 1
-1 1936 14756 6880 191 770 2663 1
-1 1936 14756 6880 191 770 2663 1
-1 3012 13180 4760 1122 -2123 3711 1
-1 3012 13180 4760 1122 -2123 3711 1
-1 4900 14404 6132 1136 713 -2169 1
-1 4900 14404 6132 1136 713 -2169 1
-1 1200 15140 7060 219 176 -2765 1
-1 1200 15140 7060 219 176 -2765 1
-1 2612 14144 7400 1136 -2286 -128 1
-1 2612 14144 7400 1136 -2286 -128 1
-1 396 14852 6660 1272 1103 -3115 1
-1 396 14852 6660 1272 1103 -3115 1
-1 1800 14308 5516 848 1127 2044 1
-1 1800 14308 5516 848 1127 2044 1
-1 3168 14020 5496 -207 -449 894 1
-1 3168 14020 5496 -207 -449 894 1
-1 1760 16808 7816 875 -943 -5256 1
-1 1760 16808 7816 875 -943 -5256 1
-1 -992 17056 5964 628 3398 -2543 1
-1 -992 17056 5964 628 3398 -2543 1
-1 1484 14408 2356 1530 4552 -2014 1
-1 1484 14408 2356 1530 4552 -2014 1
-1 1296 14560 5840 2340 3702 404 1
-1 1296 14560 5840 2340 3702 404 1
-1 2600 15744 5660 2006 3322 -623 1
-1 2600 15744 5660 2006 3322 -623 1
-1 1916 15240 4220 2173 271 230 1
-1 1916 15240 4220 2173 271 230 1
-1 856 14852 3700 2002 162 112 1
-1 856 14852 3700 2002 162 112 1
-1 4172 16148 4920 2471 -5741 1418 1
-1 4172 16148 4920 2471 -5741 1418 1
-1 1888 15416 4428 2076 -1239 -5260 1
-1 1888 15416 4428 2076 -1239 -5260 1
-1 656 15500 4780 2082 1237 -1863 1
-1 656 15500 4780 2082 1237 -1863 1
-1 1764 14880 1724 -1548 3208 -2207 1
-1 1764 14880 1724 -1548 3208 -2207 1
-1 -448 16068 3720 624 -194 -427 1
-1 -448 16068 3720 624 -194 -427 1
-1 2572 14256 3568 691 430 1302 1
-1 2572 14256 3568 691 430 1302 1
-1 1604 15744 3864 851 -815 2194 1
-1 1604 15744 3864 851 -815 2194 1
-1 1076 15348 4056 412 299 834 1
-1 1076 15348 4056 412 299 834 1
-1 192 16284 3736 -110 -1185 957 1
-1 192 16284 3736 -110 -1185 957 1
-1 2732 15552 5364 1176 -2252 1852 1
-1 2732 15552 5364 1176 -2252 1852 1
-1 1600 15256 3556 -49 -1 -390 1
-1 1600 15256 3556 -49 -1 -390 1
-1 1276 15160 2916 -81 -135 139 1
-1 1276 15160 2916 -81 -135 139 1
-1 2828 14664 3724 798 -1676 1877 1
-1 2828 14664 3724 798 -1676 1877 1
-1 4312 15080 3944 1513 691 -1477 1
-1 4312 15080 3944 1513 691 -1477 1
-1 472 16012 3452 1160 -2321 1394 1
-1 472 16012 3452 1160 -2321 1394 1
-1 340 16140 3388 -1473 341 -1401 1
-1 340 16140 3388 -1473 341 -1401 1
-1 520 16080 4528 482 -210 786 1
-1 520 16080 4528 482 -210 786 1
-1 1564 14948 4304 -291 1683 1030 1
-1 1564 14948 4304 -291 1683 1030 1
-1 1920 14924 4124 384 1081 71 1
-1 1920 14924 4124 384 1081 71 1
-1 1684 15636 4784 353 -251 -336 1
-1 1684 15636 4784 353 -251 -336 1
-1 3024 15648 4436 479 260 -828 1
-1 3024 15648 4436 479 260 -828 1
-1 1632 15096 2664 353 770 -1388 1
-1 1632 15096 2664 353 770 -1388 1
-1 2320 15868 4572 1008 119 -779 1
-1 2320 15868 4572 1008 119 -779 1
-1 1768 15592 3732 -55 -662 881 1
-1 1768 15592 3732 -55 -662 881 1
-1 1268 15656 4500 1369 1705 -659 1
-1 1268 15656 4500 1369 1705 -659 1
-1 2036 14688 3224 865 -529 451 1
-1 2036 14688 3224 865 -529 451 1
-1 1656 15612 4196 136 -774 873 1
-1 1656 15612 4196 136 -774 873 1
-1 2040 15500 4156 416 -555 320 1
-1 2040 15500 4156 416 -555 320 1
-1 1948 15800 4104 544 676 -391 1
-1 1948 15800 4104 544 676 -391 1
-1 1544 15656 3876 111 257 -202 1
-1 1544 15656 3876 111 257 -202 1
-1 1628 15448 3736 199 183 -184 1
-1 1628 15448 3736 199 183 -184 1
-1 364 16120 3772 533 -790 929 1
-1 364 16120 3772 533 -790 929 1
-1 -200 16020 4080 577 780 267 1
-1 -200 16020 4080 577 780 267 1
-1 1276 15552 3496 279 -746 967 1
-1 1276 15552 3496 279 -746 967 1
-1 1368 16944 6356 869 -333 715 1
-1 1368 16944 6356 869 -333 715 1
-1 2584 15364 4808 -31 54 -321 1
-1 2584 15364 4808 -31 54 -321 1
-1 1644 15172 3780 -7 512 -659 1
-1 1644 15172 3780 -7 512 -659 1
-1 1440 15408 4344 -49 -128 199 1
-1 1440 15408 4344 -49 -128 199 1
-1 3676 14560 3276 198 185 -57 1
-1 3676 14560 3276 198 185 -57 1
-1 520 14800 2532 12 -9 -95 1
-1 520 14800 2532 12 -9 -95 1
-1 1108 15208 3412 360 -67 -316 1
-1 1108 15208 3412 360 -67 -316 1
-1 1628 15332 3844 97 -219 52 1
-1 1628 15332 3844 97 -219 52 1
-1 1240 15312 4016 616 -458 -140 1
-1 1240 15312 4016 616 -458 -140 1
-1 1800 15412 3912 90 -679 310 1
-1 1800 15412 3912 90 -679 310 1
-1 1468 15148 4236 729 -30 -348 1
-1 1468 15148 4236 729 -30 -348 1
-1 1904 15224 4332 340 -542 221 1
-1 1904 15224 4332 340 -542 221 1
-1 2032 15140 3652 160 -1255 367 1
-1 2032 15140 3652 160 -1255 367 1
-1 1324 15400 3696 943 158 -453 1
-1 1324 15400 3696 943 158 -453 1
-1 2056 14708 3256 101 156 -337 1
-1 2056 14708 3256 101 156 -337 1
-1 1880 15232 4260 315 -655 -43 1
-1 1880 15232 4260 315 -655 -43 1
-1 1636 15368 3856 349 485 -884 1
-1 1636 15368 3856 349 485 -884 1
-1 1388 15648 4472 654 -203 -1269 1
-1 1388 15648 4472 654 -203 -1269 1
-1 1700 14888 3020 800 -900 -1483 1
-1 1700 14888 3020 800 -900 -1483 1
-1 2680 16052 5600 1599 -2080 940 1
-1 2680 16052 5600 1599 -2080 940 1
-1 812 15784 4420 428 510 -594 1
-1 812 15784 4420 428 510 -594 1
-1 1580 15236 3808 756 -221 433 1
-1 1580 15236 3808 756 -221 433 1
-1 1020 15704 4196 646 -163 395 1
-1 1020 15704 4196 646 -163 395 1
-1 1704 15040 3296 114 1104 -484 1
-1 1704 15040 3296 114 1104 -484 1
-1 1516 15836 4064 922 593 195 1
-1 1516 15836 4064 922 593 195 1
-1 1504 15464 4156 284 -435 501 1
-1 1504 15464 4156 284 -435 501 1
-1 1848 15452 3800 304 1050 -506 1
-1 1848 15452 3800 304 1050 -506 1
-1 1924 15400 3860 472 -34 110 1
-1 1924 15400 3860 472 -34 110 1
-1 1164 15588 3928 353 922 -698 1
-1 1164 15588 3928 353 922 -698 1
-1 1284 15352 3536 495 -426 255 1
-1 1284 15352 3536 495 -426 255 1
-1 1584 15468 3836 233 129 127 1
-1 1584 15468 3836 233 129 127 1
-1 1352 15120 3396 184 181 -104 1
-1 1352 15120 3396 184 181 -104 1
-1 1512 15808 4340 467 -545 268 1
-1 1512 15808 4340 467 -545 268 1
-1 900 15316 3468 107 307 -489 1
-1 900 15316 3468 107 307 -489 1
-1 -460 15480 3192 -667 1008 -419 1
-1 -460 15480 3192 -667 1008 -419 1
-1 2280 15248 3344 -3146 4019 -7487 1
-1 2280 15248 3344 -3146 4019 -7487 1
-1 -1792 16744 5380 -2012 1739 -8207 1
-1 -1792 16744 5380 -2012 1739 -8207 1
-1 -604 17272 7584 -992 -1339 -7077 1
-1 -604 17272 7584 -992 -1339 -7077 1
-1 -548 16256 6656 860 -710 -4969 1
-1 -548 16256 6656 860 -710 -4969 1
-1 -1512 14736 4512 354 2257 -8193 1
-1 -1512 14736 4512 354 2257 -8193 1
-1 -2504 15040 6528 1835 -3129 -2995 1
-1 -2504 15040 6528 1835 -3129 -2995 1
-1 -3432 15348 5576 995 -1384 -3772 1
-1 -3432 15348 5576 995 -1384 -3772 1
-1 -2076 16688 4968 1363 952 -698 1
-1 -2076 16688 4968 1363 952 -698 1
-1 -1480 16756 3824 1356 -425 -2142 1
-1 -1480 16756 3824 1356 -425 -2142 1
-1 -2360 16400 4612 -1100 303 -1442 1
-1 -2360 16400 4612 -1100 303 -1442 1
-1 -4192 15400 5628 484 -1695 1744 1
-1 -4192 15400 5628 484 -1695 1744 1
-1 -2596 15640 4540 1878 -1132 2997 1
-1 -2596 15640 4540 1878 -1132 2997 1
-1 -4356 15072 4872 1657 1063 1909 1
-1 -4356 15072 4872 1657 1063 1909 1
-1 -2768 15996 5656 1503 -384 2330 1
-1 -2768 15996 5656 1503 -384 2330 1
-1 -3636 15080 2052 -2481 -19 1759 1
-1 -3636 15080 2052 -2481 -19 1759 1
-1 -2992 15356 3508 1510 -1498 2266 1
-1 -2992 15356 3508 1510 -1498 2266 1
-1 156 16080 7748 1106 4122 -786 1
-1 156 16080 7748 1106 4122 -786 1
-1 -4512 14040 1216 49 136 -67 1
-1 -4512 14040 1216 49 136 -67 1
-1 -3180 16020 10048 4110 1419 2260 1
-1 -3180 16020 10048 4110 1419 2260 1
-1 -2776 13824 1640 1204 -767 1534 1
-1 -2776 13824 1640 1204 -767 1534 1
-1 -2292 15408 1036 1418 4928 -3901 1
-1 -2292 15408 1036 1418 4928 -3901 1
-1 -2932 15460 4476 584 4050 -1453 1
-1 -2932 15460 4476 584 4050 -1453 1
-1 -5408 14040 16 -20 1413 -1518 1
-1 -5408 14040 16 -20 1413 -1518 1
-1 -2192 13952 3132 390 -186 -391 1
-1 -2192 13952 3132 390 -186 -391 1
-1 -6472 12896 1220 2906 -2000 4903 1
-1 -6472 12896 1220 2906 -2000 4903 1
-1 -1680 13944 3300 -1277 -297 2347 1
-1 -1680 13944 3300 -1277 -297 2347 1
-1 -5308 12820 112 625 -94 2339 1
-1 -5308 12820 112 625 -94 2339 1
-1 -3772 14040 3232 -1177 503 511 1
-1 -3772 14040 3232 -1177 503 511 1
-1 -4020 14772 3472 -77 1840 -1223 1
-1 -4020 14772 3472 -77 1840 -1223 1
-1 -3132 14532 2216 -46 -2985 2346 1
-1 -3132 14532 2216 -46 -2985 2346 1
-1 -2356 13468 1600 357 309 1464 1
-1 -2356 13468 1600 357 309 1464 1
-1 320 13636 3144 343 -2352 3915 1
-1 320 13636 3144 343 -2352 3915 1
-1 -3088 14824 2900 195 -853 2883 1
-1 -3088 14824 2900 195 -853 2883 1
-1 -1104 15032 4196 2608 -4878 10987 1
-1 -1104 15032 4196 2608 -4878 10987 1
-1 -1060 16848 3800 4862 -9575 20108 1
-1 -1060 16848 3800 4862 -9575 20108 1
-1 3672 14328 -848 3485 -9673 19700 1
-1 3672 14328 -848 3485 -9673 19700 1
-1 4980 14972 2056 -538 -3827 13485 1
-1 4980 14972 2056 -538 -3827 13485 1
-1 10864 13404 3036 -3638 -6684 11589 1
-1 10864 13404 3036 -3638 -6684 11589 1
-1 3128 15956 1532 -1035 2115 8279 1
-1 3128 15956 1532 -1035 2115 8279 1
-1 8204 14948 3572 -2467 -3486 8086 1
-1 8204 14948 3572 -2467 -3486 8086 1
-1 11196 12888 2904 3280 -8008 14717 1
-1 11196 12888 2904 3280 -8008 14717 1
-1 12044 11164 2272 963 -1541 7759 1
-1 12044 11164 2272 963 -1541 7759 1
-1 9420 11828 392 360 -1430 3320 1
-1 9420 11828 392 360 -1430 3320 1
-1 12944 10020 844 502 1122 976 1
-1 12944 10020 844 502 1122 976 1
-1 10644 11856 2436 1012 610 1185 1
-1 10644 11856 2436 1012 610 1185 1
-1 11784 11704 3060 1294 -820 3597 1
-1 11784 11704 3060 1294 -820 3597 1
-1 13792 13492 2984 2144 -2806 5218 1
-1 13792 13492 2984 2144 -2806 5218 1
-1 11316 10604 2504 -99 2544 -1161 1
-1 11316 10604 2504 -99 2544 -1161 1
-1 10748 9444 1016 -554 255 243 1
-1 10748 9444 1016 -554 255 243 1
-1 11884 10516 2084 1275 447 1763 1
-1 11884 10516 2084 1275 447 1763 1
-1 12008 9624 1480 -1013 -980 3314 1
-1 12008 9624 1480 -1013 -980 3314 1
-1 10044 8720 -2520 -830 4258 -2947 1
-1 10044 8720 -2520 -830 4258 -2947 1
-1 14512 9252 1900 -1816 1115 -1137 1
-1 14512 9252 1900 -1816 1115 -1137 1
-1 11048 10124 2856 -2671 2336 -2244 1
-1 11048 10124 2856 -2671 2336 -2244 1
-1 12472 10620 2728 -779 1968 -3330 1
-1 12472 10620 2728 -779 1968 -3330 1
-1 12692 9748 1828 731 4059 -2186 1
-1 12692 9748 1828 731 4059 -2186 1
-1 9412 12472 4392 -1013 1338 -1430 1
-1 9412 12472 4392 -1013 1338 -1430 1
-1 11104 11336 4136 -72 743 -334 1
-1 11104 11336 4136 -72 743 -334 1
-1 10836 10844 1708 -1082 3878 -2279 1
-1 10836 10844 1708 -1082 3878 -2279 1
-1 9656 12460 5484 -836 1983 -3144 1
-1 9656 12460 5484 -836 1983 -3144 1
-1 9728 11348 3172 -1704 1010 -1455 1
-1 9728 11348 3172 -1704 1010 -1455 1
-1 11040 12392 5984 -1753 -1409 2263 1
-1 11040 12392 5984 -1753 -1409 2263 1
-1 11348 10320 6464 -436 1594 -162 1
-1 11348 10320 6464 -436 1594 -162 1
-1 8708 12132 17352 -575 -369 2662 1
-1 8708 12132 17352 -575 -369 2662 1
-1 9784 13804 5540 -1940 6420 -5577 1
-1 9784 13804 5540 -1940 6420 -5577 1
-1 10236 12324 6272 -772 115 -696 1
-1 10236 12324 6272 -772 115 -696 1
-1 9596 11836 5720 -1534 -60 -1730 1
-1 9596 11836 5720 -1534 -60 -1730 1
-1 9084 11548 5636 1129 4011 -3059 1
-1 9084 11548 5636 1129 4011 -3059 1
-1 10020 12244 8356 -1048 -206 818 1
-1 10020 12244 8356 -1048 -206 818 1
-1 9356 14072 9072 -514 -922 3701 1
-1 9356 14072 9072 -514 -922 3701 1
-1 11188 12252 6152 607 -739 847 1
-1 11188 12252 6152 607 -739 847 1
-1 11280 13068 7972 442 -3850 657 1
-1 11280 13068 7972 442 -3850 657 1
-1 11592 12120 7532 1918 1616 -5329 1
-1 11592 12120 7532 1918 1616 -5329 1
-1 11656 13320 7908 769 -2013 -1453 1
-1 11656 13320 7908 769 -2013 -1453 1
-1 8960 11500 3192 2150 4146 -4386 1
-1 8960 11500 3192 2150 4146 -4386 1
-1 9620 12408 5084 159 -1090 -3191 1
-1 9620 12408 5084 159 -1090 -3191 1
-1 10688 12152 5776 -890 -874 -4821 1
-1 10688 12152 5776 -890 -874 -4821 1
-1 8988 11660 5776 279 10757 -17411 1
-1 8988 11660 5776 279 10757 -17411 1
-1 5464 14616 8324 782 8129 -15118 1
-1 5464 14616 8324 782 8129 -15118 1
-1 2664 14268 7176 2083 2206 -3860 1
-1 2664 14268 7176 2083 2206 -3860 1
-1 4040 14192 7848 2033 14585 -12992 1
-1 4040 14192 7848 2033 14585 -12992 1
-1 3860 12856 4688 2941 -998 752 1
-1 3860 12856 4688 2941 -998 752 1
-1 2380 14292 5068 3668 7424 -4987 1
-1 2380 14292 5068 3668 7424 -4987 1
-1 1028 16268 9808 1489 1170 -3918 1
-1 1028 16268 9808 1489 1170 -3918 1
-1 -1416 15632 8048 3002 -546 -3268 1
-1 -1416 15632 8048 3002 -546 -3268 1
-1 -3088 18676 9016 2867 -1391 -6953 1
-1 -3088 18676 9016 2867 -1391 -6953 1
-1 -7320 20748 8244 8373 -2361 -3974 1
-1 -7320 20748 8244 8373 -2361 -3974 1
-1 -6308 18280 1812 3845 -4054 6178 1
-1 -6308 18280 1812 3845 -4054 6178 1
-1 -1356 17616 -108 4007 -5544 3120 1
-1 -1356 17616 -108 4007 -5544 3120 1
-1 2312 15956 4736 4013 1540 5501 1
-1 2312 15956 4736 4013 1540 5501 1
-1 3396 15716 6804 2942 3207 -2785 1
-1 3396 15716 6804 2942 3207 -2785 1
-1 1720 14760 2064 3704 1029 1022 1
-1 1720 14760 2064 3704 1029 1022 1
-1 11676 10944 -1940 4247 3019 -1652 1
-1 11676 10944 -1940 4247 3019 -1652 1
-1 2968 14120 1920 4976 3436 -2449 1
-1 2968 14120 1920 4976 3436 -2449 1
-1 3728 16912 2268 797 -3832 5242 1
-1 3728 16912 2268 797 -3832 5242 1
-1 -5808 19624 5320 4782 -14393 13589 1
-1 -5808 19624 5320 4782 -14393 13589 1
-1 2788 14512 -2652 3483 3383 2650 1
-1 2788 14512 -2652 3483 3383 2650 1
-1 5448 12516 -4804 -621 -321 1660 1
-1 5448 12516 -4804 -621 -321 1660 1
-1 -740 13672 -1148 -3990 8437 -1609 1
-1 -740 13672 -1148 -3990 8437 -1609 1
-1 5428 14828 3132 6234 2602 1834 1
-1 5428 14828 3132 6234 2602 1834 1
-1 8444 10812 -1076 482 -1275 -968 1
-1 8444 10812 -1076 482 -1275 -968 1
-1 3448 16092 1056 -3647 2840 -4275 1
-1 3448 16092 1056 -3647 2840 -4275 1
-1 3240 16052 -1136 -961 294 -314 1
-1 3240 16052 -1136 -961 294 -314 1
-1 4620 15060 556 806 -1633 1840 1
-1 4620 15060 556 806 -1633 1840 1
-1 5904 15644 1740 -1661 1516 38 1
-1 5904 15644 1740 -1661 1516 38 1
-1 4592 17068 1292 -1218 -3767 3180 1
-1 4592 17068 1292 -1218 -3767 3180 1
-1 6960 14360 -24 -927 2196 -1254 1
-1 6960 14360 -24 -927 2196 -1254 1
-1 4372 15620 1268 -1981 1820 371 1
-1 4372 15620 1268 -1981 1820 371 1
-1 5628 15480 1364 -3570 -1014 49 1
-1 5628 15480 1364 -3570 -1014 49 1
-1 3732 15844 1228 -785 -637 -1074 1
-1 3732 15844 1228 -785 -637 -1074 1
-1 4528 16456 4792 655 -2355 -406 1
-1 4528 16456 4792 655 -2355 -406 1
-1 2704 15092 -236 -1370 -1981 -1942 1
-1 2704 15092 -236 -1370 -1981 -1942 1
-1 4256 14488 -496 -2323 -1541 -3859 1
-1 4256 14488 -496 -2323 -1541 -3859 1
-1 436 14100 -1080 -1680 -3793 -1487 1
-1 436 14100 -1080 -1680 -3793 -1487 1
-1 4432 14148 708 66 -4070 3908 1
-1 4432 14148 708 66 -4070 3908 1
-1 1832 16508 2920 -635 184 -3366 1
-1 1832 16508 2920 -635 184 -3366 1
-1 3440 14628 -360 369 -3364 664 1
-1 3440 14628 -360 369 -3364 664 1
-1 2240 15888 1840 -725 -2328 172 1
-1 2240 15888 1840 -725 -2328 172 1
-1 2664 16048 1772 -823 363 -1755 1
-1 2664 16048 1772 -823 363 -1755 1
-1 2180 15892 3336 -1219 -2099 2405 1
-1 2180 15892 3336 -1219 -2099 2405 1
-1 1540 16256 2460 -485 1569 -1494 1
-1 1540 16256 2460 -485 1569 -1494 1
-1 2104 16152 3004 683 884 -3246 1
-1 2104 16152 3004 683 884 -3246 1
-1 2596 14880 2392 -896 -3388 3855 1
-1 2596 14880 2392 -896 -3388 3855 1
-1 852 15372 3480 -1436 -2079 -1305 1
-1 852 15372 3480 -1436 -2079 -1305 1
-1 1132 17288 2960 -302 -345 767 1
