-1 3692 15628 936 1911 -1916 2414 1
-1 3692 15628 936 1911 -1916 2414 1
-1 4868 15564 3060 2300 -1502 19 1
-1 4868 15564 3060 2300 -1502 19 1
-1 1656 14844 232 2845 2258 -291 1
-1 1656 14844 232 2845 2258 -291 1
-1 1980 15944 2360 2620 2550 -1823 1
-1 1980 15944 2360 2620 2550 -1823 1
-1 2864 14384 -584 1520 298 840 1
-1 2864 14384 -584 1520 298 840 1
-1 252 14920 -1844 -1581 1506 -3305 1
-1 252 14920 -1844 -1581 1506 -3305 1
-1 3844 12604 832 -869 336 945 1
-1 3844 12604 832 -869 336 945 1
-1 3576 14096 -4068 -960 1351 -788 1
-1 3576 14096 -4068 -960 1351 -788 1
-1 1084 16324 6928 -6246 6537 -2438 1
-1 1084 16324 6928 -6246 6537 -2438 1
-1 3404 14820 -1812 -5763 8893 -6042 1
-1 3404 14820 -1812 -5763 8893 -6042 1
-1 3540 15068 -572 -4177 10056 -7715 1
-1 3540 15068 -572 -4177 10056 -7715 1
-1 -1564 16688 6104 -4131 11879 -2997 1
-1 -1564 16688 6104 -4131 11879 -2997 1
-1 -2492 22264 -6936 -26218 29470 7590 1
-1 -2492 22264 -6936 -26218 29470 7590 1
-1 17228 13288 14192 -24271 -1760 -5833 1
-1 17228 13288 14192 -24271 -1760 -5833 1
-1 7444 8916 9692 -7342 -12178 -21901 1
-1 7444 8916 9692 -7342 -12178 -21901 1
-1 -2084 12280 14328 -11149 -8917 -12684 1
-1 -2084 12280 14328 -11149 -8917 -12684 1
-1 -1012 9636 12516 1544 5933 -2218 1
-1 -1012 9636 12516 1544 5933 -2218 1
-1 3172 11412 11928 -1527 -1679 -2755 1
-1 3172 11412 11928 -1527 -1679 -2755 1
-1 1956 11604 11340 4266 1757 -7645 1
-1 1956 11604 11340 4266 1757 -7645 1
-1 -1508 10680 9072 3658 -4934 -7675 1
-1 -1508 10680 9072 3658 -4934 -7675 1
-1 -600 9252 11092 -3914 2186 -1404 1
-1 -600 9252 11092 -3914 2186 -1404 1
-1 384 12884 15020 2109 -4373 -3734 1
-1 384 12884 15020 2109 -4373 -3734 1
-1 -1132 9308 10172 10209 -8557 -5923 1
-1 -1132 9308 10172 10209 -8557 -5923 1
-1 -1908 12272 7688 6405 67 -1503 1
-1 -1908 12272 7688 6405 67 -1503 1
-1 1664 12476 7404 3720 2059 -155 1
-1 1664 12476 7404 3720 2059 -155 1
-1 428 13484 10008 6908 -5056 -7254 1
-1 428 13484 10008 6908 -5056 -7254 1
-1 -2604 14360 5568 12335 3213 -4247 1
-1 -2604 14360 5568 12335 3213 -4247 1
-1 1812 11760 2496 1363 5791 -2920 1
-1 1812 11760 2496 1363 5791 -2920 1
-1 -876 14164 8556 -2748 -11409 -11083 1
-1 -876 14164 8556 -2748 -11409 -11083 1
-1 -7456 12800 9996 7046 -11294 -12298 1
-1 -7456 12800 9996 7046 -11294 -12298 1
-1 -7596 10548 3372 12247 2682 -317 1
-1 -7596 10548 3372 12247 2682 -317 1
-1 -3780 15056 2968 4618 11263 9587 1
-1 -3780 15056 2968 4618 11263 9587 1
-1 384 15744 4764 6979 9129 2330 1
-1 384 15744 4764 6979 9129 2330 1
-1 1852 14060 2800 14722 -15900 -22430 1
-1 1852 14060 2800 14722 -15900 -22430 1
-1 -9788 14876 -1296 8906 -2957 -24605 1
-1 -9788 14876 -1296 8906 -2957 -24605 1
-1 -11516 11384 -1204 1036 4604 -7231 1
-1 -11516 11384 -1204 1036 4604 -7231 1
-1 -10268 15612 -440 -1907 6338 241 1
-1 -10268 15612 -440 -1907 6338 241 1
-1 -7284 13156 5160 -7543 -1274 -2778 1
-1 -7284 13156 5160 -7543 -1274 -2778 1
-1 -10788 16736 3360 12109 3299 -1701 1
-1 -10788 16736 3360 12109 3299 -1701 1
-1 -5288 10920 -3872 2302 9131 341 1
-1 -5288 10920 -3872 2302 9131 341 1
-1 -7604 12936 -1112 -2652 -5617 -3844 1
-1 -7604 12936 -1112 -2652 -5617 -3844 1
-1 -10920 14040 3392 -889 -6827 -1151 1
-1 -10920 14040 3392 -889 -6827 -1151 1
-1 -8324 13936 1416 5189 10022 5461 1
-1 -8324 13936 1416 5189 10022 5461 1
-1 -4420 13068 -3452 8778 1137 693 1
-1 -4420 13068 -3452 8778 1137 693 1
-1 -5656 12668 -2764 -2881 -6424 -6650 1
-1 -5656 12668 -2764 -2881 -6424 -6650 1
-1 -10480 13136 1308 118 -8688 -7138 1
-1 -10480 13136 1308 118 -8688 -7138 1
-1 -11900 13604 700 3891 -4836 -2447 1
-1 -11900 13604 700 3891 -4836 -2447 1
-1 -11020 12672 88 -818 -2283 -658 1
-1 -11020 12672 88 -818 -2283 -658 1
-1 -10068 11316 480 3134 551 508 1
-1 -10068 11316 480 3134 551 508 1
-1 -8484 10372 -1616 -202 -258 1089 1
-1 -8484 10372 -1616 -202 -258 1089 1
-1 -7832 12376 764 -4044 -350 -843 1
-1 -7832 12376 764 -4044 -350 -843 1
-1 -10132 11732 2416 -1626 -2321 -6554 1
-1 -10132 11732 2416 -1626 -2321 -6554 1
-1 -13916 10808 3168 -849 385 -2984 1
-1 -13916 10808 3168 -849 385 -2984 1
-1 -10352 11752 1232 310 10429 5023 1
-1 -10352 11752 1232 310 10429 5023 1
-1 -6912 13272 400 -2193 3417 1377 1
-1 -6912 13272 400 -2193 3417 1377 1
-1 -11008 12816 2356 -2396 -2824 -4462 1
-1 -11008 12816 2356 -2396 -2824 -4462 1
-1 -12572 12812 1744 320 5421 54 1
-1 -12572 12812 1744 320 5421 54 1
-1 -10496 12104 2144 -990 1309 245 1
-1 -10496 12104 2144 -990 1309 245 1
-1 -11296 13284 -712 3671 8916 3304 1
-1 -11296 13284 -712 3671 8916 3304 1
-1 -11436 13036 268 -5198 134 641 1
-1 -11436 13036 268 -5198 134 641 1
-1 -11816 12572 1788 237 8838 3506 1
-1 -11816 12572 1788 237 8838 3506 1
-1 -8652 10596 -3404 625 12801 7504 1
-1 -8652 10596 -3404 625 12801 7504 1
-1 -8812 12936 -2768 -6325 3793 2915 1
-1 -8812 12936 -2768 -6325 3793 2915 1
-1 -11216 11872 -1496 -2168 6155 3568 1
-1 -11216 11872 -1496 -2168 6155 3568 1
-1 -10520 11776 -3324 -2562 11673 7874 1
-1 -10520 11776 -3324 -2562 11673 7874 1
-1 -6436 11632 -3208 -5551 13630 8620 1
-1 -6436 11632 -3208 -5551 13630 8620 1
-1 -4516 13940 -1740 -5093 7962 2141 1
-1 -4516 13940 -1740 -5093 7962 2141 1
-1 -6884 14676 232 -5415 -1587 -6186 1
-1 -6884 14676 232 -5415 -1587 -6186 1
-1 -10112 14284 1788 1181 5702 -388 1
-1 -10112 14284 1788 1181 5702 -388 1
-1 -6564 14436 -1088 3662 7129 3153 1
-1 -6564 14436 -1088 3662 7129 3153 1
-1 -3020 12976 -2600 3068 1739 -2955 1
-1 -3020 12976 -2600 3068 1739 -2955 1
-1 -8928 13448 -2748 4659 -11327 -12028 1
-1 -8928 13448 -2748 4659 -11327 -12028 1
-1 -12040 9532 -4100 3439 1478 -1323 1
-1 -12040 9532 -4100 3439 1478 -1323 1
-1 -8712 13944 -3660 -1620 5597 5728 1
-1 -8712 13944 -3660 -1620 5597 5728 1
-1 -6924 16140 -1516 -409 -1701 955 1
-1 -6924 16140 -1516 -409 -1701 955 1
-1 -9220 13880 -2512 5502 -2361 -2156 1
-1 -9220 13880 -2512 5502 -2361 -2156 1
-1 -9744 13040 -5300 2998 2711 1607 1
-1 -9744 13040 -5300 2998 2711 1607 1
-1 -6724 12764 -4876 -2063 1512 2776 1
-1 -6724 12764 -4876 -2063 1512 2776 1
-1 -7880 15216 -2260 -675 -4070 -856 1
-1 -7880 15216 -2260 -675 -4070 -856 1
-1 -9452 13612 -3028 1966 -632 -359 1
-1 -9452 13612 -3028 1966 -632 -359 1
-1 -8600 13340 -3768 -295 1277 3165 1
-1 -8600 13340 -3768 -295 1277 3165 1
-1 -5792 13260 -3928 -1074 -794 904 1
-1 -5792 13260 -3928 -1074 -794 904 1
-1 -7228 14132 -2 0 -794 904 1
-1 -7228 14132 -2 0 -794 904 1
-1 -10332 14392 -972 1325 -1954 0 1
-1 -10332 14392 -972 1325 -1954 0 1
-1 -8600 13816 -3588 3097 3141 2991 1
-1 -8600 13816 -3588 3097 3141 2991 1
-1 -5868 0 -3588 3097 3141 2991 1
-1 -5868 0 -3588 3097 3141 2991 1
-1 -5364 14340 -3052 -2483 0 2991 1
-1 -5364 14340 -3052 -2483 0 2991 1
-1 -8660 13928 -1184 -410 -5703 -3951 1
-1 -8660 13928 -1184 -410 -5703 -3951 1
-1 -10 0 -1184 -410 -5703 -3951 1
-1 -10 0 -1184 -410 -5703 -3951 1
-1 -148 14784 3720 -1943 3118 -4581 1
-1 -148 14784 3720 -1943 3118 -4581 1
-1 -1376 15204 3860 -1110 1418 -2706 1
-1 -1376 15204 3860 -1110 1418 -2706 1
-1 -392 14740 3148 -4470 5339 -12185 1
-1 -392 14740 3148 -4470 5339 -12185 1
-1 -404 14484 6868 -3702 -1168 -11989 1
-1 -404 14484 6868 -3702 -1168 -11989 1
-1 -2480 16784 12764 154 -6879 -10544 1
-1 -2480 16784 12764 154 -6879 -10544 1
-1 -6040 12944 6332 -7113 13098 -22223 1
-1 -6040 12944 6332 -7113 13098 -22223 1
-1 -6312 11208 5240 688 431 -10142 1
-1 -6312 11208 5240 688 431 -10142 1
-1 -9436 10568 5372 -439 -1136 -4701 1
-1 -9436 10568 5372 -439 -1136 -4701 1
-1 -10020 11252 9464 -4533 -161 -13506 1
-1 -10020 11252 9464 -4533 -161 -13506 1
-1 -9300 10396 7236 2833 -2751 3008 1
-1 -9300 10396 7236 2833 -2751 3008 1
-1 -10204 11648 9064 -1463 1992 -4398 1
-1 -10204 11648 9064 -1463 1992 -4398 1
-1 -9956 12216 8676 667 2241 -2302 1
-1 -9956 12216 8676 667 2241 -2302 1
-1 -9940 12084 5344 5885 -4092 5162 1
-1 -9940 12084 5344 5885 -4092 5162 1
-1 -11028 13232 7444 2651 155 -494 1
-1 -11028 13232 7444 2651 155 -494 1
-1 -10112 12256 4840 1823 4810 1219 1
-1 -10112 12256 4840 1823 4810 1219 1
-1 -10268 11100 6376 4724 -1582 2322 1
-1 -10268 11100 6376 4724 -1582 2322 1
-1 -11248 10564 7504 5907 -1004 5915 1
-1 -11248 10564 7504 5907 -1004 5915 1
-1 -10160 11888 5580 2122 2877 -552 1
-1 -10160 11888 5580 2122 2877 -552 1
-1 -8952 11296 4564 5018 -1742 6409 1
-1 -8952 11296 4564 5018 -1742 6409 1
-1 -10868 11784 3276 -352 5094 -2816 1
-1 -10868 11784 3276 -352 5094 -2816 1
-1 -8448 12228 5436 1151 -677 3864 1
-1 -8448 12228 5436 1151 -677 3864 1
-1 -7216 11508 5424 -2992 7056 -5410 1
-1 -7216 11508 5424 -2992 7056 -5410 1
-1 -10604 11440 3084 4570 -2560 2514 1
-1 -10604 11440 3084 4570 -2560 2514 1
-1 -10324 11944 2188 1690 3153 465 1
-1 -10324 11944 2188 1690 3153 465 1
-1 -8708 12404 2056 181 -1570 3009 1
-1 -8708 12404 2056 181 -1570 3009 1
-1 -7528 11720 2556 -183 34 -1594 1
-1 -7528 11720 2556 -183 34 -1594 1
-1 -6936 11280 3604 2105 1359 -92 1
-1 -6936 11280 3604 2105 1359 -92 1
-1 -10812 11060 3100 982 423 1461 1
-1 -10812 11060 3100 982 423 1461 1
-1 -8748 11664 260 591 -264 1638 1
-1 -8748 11664 260 591 -264 1638 1
-1 -7416 12456 3116 -2207 1167 986 1
-1 -7416 12456 3116 -2207 1167 986 1
-1 -8572 11020 1100 783 -3752 4647 1
-1 -8572 11020 1100 783 -3752 4647 1
-1 -7652 10672 2516 -1535 4262 -1484 1
-1 -7652 10672 2516 -1535 4262 -1484 1
-1 -8568 11056 2104 1738 -2614 3505 1
-1 -8568 11056 2104 1738 -2614 3505 1
-1 -7196 11392 1916 553 -124 1758 1
-1 -7196 11392 1916 553 -124 1758 1
-1 -7628 12204 3492 1864 -3392 2784 1
-1 -7628 12204 3492 1864 -3392 2784 1
-1 -7440 13308 2848 -512 -378 2611 1
-1 -7440 13308 2848 -512 -378 2611 1
-1 -7228 13648 2784 -24 1234 42 1
-1 -7228 13648 2784 -24 1234 42 1
-1 -7904 13752 4732 1294 -1048 3556 1
-1 -7904 13752 4732 1294 -1048 3556 1
-1 -7596 13824 3684 -1122 1268 378 1
-1 -7596 13824 3684 -1122 1268 378 1
-1 -8192 14144 3540 4896 -7634 19383 1
-1 -8192 14144 3540 4896 -7634 19383 1
-1 -6136 15664 3468 11213 -12649 31601 1
-1 -6136 15664 3468 11213 -12649 31601 1
-1 5696 15108 4364 3917 -12921 23819 1
-1 5696 15108 4364 3917 -12921 23819 1
-1 -2888 17740 300 4228 -6750 30844 1
-1 -2888 17740 300 4228 -6750 30844 1
-1 10752 14260 2708 -4269 -4474 12774 1
-1 10752 14260 2708 -4269 -4474 12774 1
-1 10512 13840 112 -2779 2985 7054 1
-1 10512 13840 112 -2779 2985 7054 1
-1 6376 14800 1452 -2543 -648 8959 1
-1 6376 14800 1452 -2543 -648 8959 1
-1 12728 13140 2664 -496 -3388 11054 1
-1 12728 13140 2664 -496 -3388 11054 1
-1 11940 11868 -404 1922 -5168 16138 1
-1 11940 11868 -404 1922 -5168 16138 1
-1 10448 11768 964 963 1078 1346 1
-1 10448 11768 964 963 1078 1346 1
-1 13336 10292 3644 -1582 643 4148 1
-1 13336 10292 3644 -1582 643 4148 1
-1 11292 9116 196 2117 934 2941 1
-1 11292 9116 196 2117 934 2941 1
-1 13084 8548 1012 -445 861 -862 1
-1 13084 8548 1012 -445 861 -862 1
-1 11408 8012 -1980 738 -51 4213 1
-1 11408 8012 -1980 738 -51 4213 1
-1 11600 9596 2520 -1653 2680 -2018 1
-1 11600 9596 2520 -1653 2680 -2018 1
-1 10072 9988 1112 -641 867 1411 1
-1 10072 9988 1112 -641 867 1411 1
-1 15736 8020 -160 -815 -1029 -1249 1
-1 15736 8020 -160 -815 -1029 -1249 1
-1 8744 11660 2072 -172 1107 -253 1
-1 8744 11660 2072 -172 1107 -253 1
-1 13080 11920 2936 1328 -847 -135 1
-1 13080 11920 2936 1328 -847 -135 1
-1 9788 10588 -488 2739 1640 -2719 1
-1 9788 10588 -488 2739 1640 -2719 1
-1 13056 11028 2212 -87 1588 -533 1
-1 13056 11028 2212 -87 1588 -533 1
-1 11044 11788 2800 1393 396 -2480 1
-1 11044 11788 2800 1393 396 -2480 1
-1 12772 12828 3184 1717 -1977 576 1
-1 12772 12828 3184 1717 -1977 576 1
-1 11296 11636 1984 -1480 1242 -1943 1
-1 11296 11636 1984 -1480 1242 -1943 1
-1 12912 10016 -404 -1616 -1515 1520 1
-1 12912 10016 -404 -1616 -1515 1520 1
-1 10520 12604 1800 -1548 2326 -872 1
-1 10520 12604 1800 -1548 2326 -872 1
-1 12920 10904 2216 -3338 2267 -1423 1
-1 12920 10904 2216 -3338 2267 -1423 1
-1 10768 12552 3140 -1606 4031 -1777 1
-1 10768 12552 3140 -1606 4031 -1777 1
-1 12052 12864 4700 -2040 1903 -1255 1
-1 12052 12864 4700 -2040 1903 -1255 1
-1 11000 11032 2848 -2010 4062 -4426 1
-1 11000 11032 2848 -2010 4062 -4426 1
-1 10420 12376 5684 -1718 460 117 1
-1 10420 12376 5684 -1718 460 117 1
-1 11164 11488 4892 -3804 513 -2155 1
-1 11164 11488 4892 -3804 513 -2155 1
-1 8808 11540 3564 -3377 2766 -3356 1
-1 8808 11540 3564 -3377 2766 -3356 1
-1 9324 12828 6300 -3349 2049 -3191 1
-1 9324 12828 6300 -3349 2049 -3191 1
-1 8936 13328 5744 -4210 3137 -2507 1
-1 8936 13328 5744 -4210 3137 -2507 1
-1 9136 14216 8128 -3522 446 -2556 1
-1 9136 14216 8128 -3522 446 -2556 1
-1 10880 13688 8484 -1957 1555 -3333 1
-1 10880 13688 8484 -1957 1555 -3333 1
-1 9440 13620 8800 458 -625 -2600 1
-1 9440 13620 8800 458 -625 -2600 1
-1 7956 13136 6800 517 484 -1164 1
-1 7956 13136 6800 517 484 -1164 1
-1 7912 12952 7504 837 -953 -756 1
-1 7912 12952 7504 837 -953 -756 1
-1 8016 11824 7816 358 918 -2504 1
-1 8016 11824 7816 358 918 -2504 1
-1 8328 11888 8416 24 -1532 -4053 1
-1 8328 11888 8416 24 -1532 -4053 1
-1 7608 12168 7560 1067 333 -3994 1
-1 7608 12168 7560 1067 333 -3994 1
-1 6036 12348 7652 -911 726 -7965 1
-1 6036 12348 7652 -911 726 -7965 1
-1 7076 11800 6640 396 -2475 -1114 1
-1 7076 11800 6640 396 -2475 -1114 1
-1 8016 13264 8348 -1626 -138 -9199 1
-1 8016 13264 8348 -1626 -138 -9199 1
-1 1832 18372 15984 -318 3547 -21343 1
-1 1832 18372 15984 -318 3547 -21343 1
-1 -3708 17244 8576 8165 -12603 -8656 1
-1 -3708 17244 8576 8165 -12603 -8656 1
-1 6028 16988 9744 6471 -16280 5986 1
-1 6028 16988 9744 6471 -16280 5986 1
-1 -5484 13056 -3788 9126 2377 -8845 1
-1 -5484 13056 -3788 9126 2377 -8845 1
-1 -3508 17820 3252 -975 -2351 -2789 1
-1 -3508 17820 3252 -975 -2351 -2789 1
-1 11112 15936 2284 2564 20442 -17798 1
-1 11112 15936 2284 2564 20442 -17798 1
-1 -2608 17544 7152 8938 3233 9641 1
-1 -2608 17544 7152 8938 3233 9641 1
-1 5028 16052 608 5840 8262 2313 1
-1 5028 16052 608 5840 8262 2313 1
-1 4892 13684 -1200 6329 14020 -7544 1
-1 4892 13684 -1200 6329 14020 -7544 1
-1 3904 14520 1768 4878 5311 2947 1
-1 3904 14520 1768 4878 5311 2947 1
-1 5596 12452 -164 3035 8307 -5507 1
-1 5596 12452 -164 3035 8307 -5507 1
-1 5684 13344 48 -225 4024 -145 1
-1 5684 13344 48 -225 4024 -145 1
-1 3800 10856 -2808 783 7839 -4228 1
-1 3800 10856 -2808 783 7839 -4228 1
-1 -128 13328 2332 -8427 11873 -17995 1
-1 -128 13328 2332 -8427 11873 -17995 1
-1 -2680 16240 4236 15503 -17277 31440 1
-1 -2680 16240 4236 15503 -17277 31440 1
-1 -576 16904 1016 -586 416 1111 1
-1 -576 16904 1016 -586 416 1111 1
-1 3256 16824 2576 6594 -7199 14591 1
-1 3256 16824 2576 6594 -7199 14591 1
-1 4784 16740 976 -4762 7119 -9069 1
-1 4784 16740 976 -4762 7119 -9069 1
-1 -268 16312 576 1952 -4004 9187 1
-1 -268 16312 576 1952 -4004 9187 1
-1 1988 16832 620 -864 4714 -5179 1
-1 1988 16832 620 -864 4714 -5179 1
-1 4016 15764 632 3521 -2098 1788 1
-1 4016 15764 632 3521 -2098 1788 1
-1 3036 15880 1256 1055 -808 -1107 1
-1 3036 15880 1256 1055 -808 -1107 1
-1 3164 15712 212 748 -604 -74 1
-1 3164 15712 212 748 -604 -74 1
-1 4444 16208 48 1474 -738 310 1
-1 4444 16208 48 1474 -738 310 1
-1 4016 16280 -128 526 -2963 271 1
-1 4016 16280 -128 526 -2963 271 1
-1 2356 17200 884 107 -1974 400 1
-1 2356 17200 884 107 -1974 400 1
-1 4204 16324 -420 79 -3762 523 1
-1 4204 16324 -420 79 -3762 523 1
-1 2176 15800 -1116 -2188 -2776 -2558 1
-1 2176 15800 -1116 -2188 -2776 -2558 1
-1 2696 16344 -144 -3273 -1054 -4301 1
-1 2696 16344 -144 -3273 -1054 -4301 1
-1 968 16920 1624 -920 -2919 -1245 1
-1 968 16920 1624 -920 -2919 -1245 1
-1 -892 16380 736 -2722 -2497 -1052 1
-1 -892 16380 736 -2722 -2497 -1052 1
-1 52 15736 420 -175 -1515 -2450 1
-1 52 15736 420 -175 -1515 -2450 1
-1 1052 15752 -248 -779 -2010 -625 1
-1 1052 15752 -248 -779 -2010 -625 1
-1 -624 16376 1908 3 -1539 -1098 1
-1 -624 16376 1908 3 -1539 -1098 1
-1 -32 16492 2048 2140 -3548 1741 1
-1 -32 16492 2048 2140 -3548 1741 1
-1 1728 16328 964 1316 -993 -511 1
-1 1728 16328 964 1316 -993 -511 1
-1 -1520 16304 1276 390 -1030 -2046 1
-1 -1520 16304 1276 390 -1030 -2046 1
-1 -1372 17132 1344 -505 -3373 1102 1
-1 -1372 17132 1344 -505 -3373 1102 1
-1 -592 15692 -404 -85 -1533 318 1
-1 -592 15692 -404 -85 -1533 318 1
-1 1624 16416 1640 684 -974 847 1
-1 1624 16416 1640 684 -974 847 1
-1 -2288 15516 -500 382 2005 -1136 1
-1 -2288 15516 -500 382 2005 -1136 1
-1 300 16984 3864 3029 969 128 1
-1 300 16984 3864 3029 969 128 1
-1 -3328 15752 312 3472 -2577 4323 1
-1 -3328 15752 312 3472 -2577 4323 1
-1 2648 16276 152 2462 723 1549 1
-1 2648 16276 152 2462 723 1549 1
-1 1448 17484 188 1914 2894 -1628 1
-1 1448 17484 188 1914 2894 -1628 1
-1 1108 16540 -208 809 -122 1458 1
-1 1108 16540 -208 809 -122 1458 1
-1 1676 16784 316 469 701 116 1
-1 1676 16784 316 469 701 116 1
