4,98
1 3.8733e-10 3.8733e-10 1.7725e-08 
2 4.19868e-10 4.19868e-10 1.21847e-08 
3 4.5478e-10 4.5478e-10 6.30706e-09 
4 4.85781e-10 4.85781e-10 7.23916e-10 
5 5.03867e-10 5.03867e-10 -3.74825e-09 
6 4.94414e-10 4.94414e-10 -5.83706e-09 
7 4.44697e-10 4.44697e-10 -4.48117e-09 
8 3.68979e-10 3.68979e-10 -9.90977e-10 
9 3.0225e-10 3.0225e-10 1.59088e-09 
10 2.5601e-10 2.5601e-10 2.32887e-09 
11 2.21465e-10 2.21465e-10 2.03667e-09 
12 1.90941e-10 1.90941e-10 1.41171e-09 
13 1.616e-10 1.616e-10 7.30891e-10 
14 1.32938e-10 1.32938e-10 7.70828e-11 
15 1.05196e-10 1.05196e-10 -5.20021e-10 
16 7.88702e-11 7.88702e-11 -1.03906e-09 
17 5.4612e-11 5.4612e-11 -1.45762e-09 
18 3.31981e-11 3.31981e-11 -1.75257e-09 
19 1.54575e-11 1.54575e-11 -1.90391e-09 
20 2.1256e-12 2.12561e-12 -1.90097e-09 
21 -6.36869e-12 -6.36868e-12 -1.74949e-09 
22 -1.01162e-11 -1.01162e-11 -1.47612e-09 
23 -9.82158e-12 -9.82156e-12 -1.12653e-09 
24 -6.68529e-12 -6.68527e-12 -7.55827e-10 
25 -2.09874e-12 -2.0987e-12 -4.14862e-10 
26 2.69985e-12 2.69989e-12 -1.39161e-10 
27 6.84986e-12 6.8499e-12 5.50832e-11 
28 9.91471e-12 9.91477e-12 1.68176e-10 
29 1.17977e-11 1.17978e-11 2.10757e-10 
30 1.26111e-11 1.26112e-11 1.9775e-10 
31 1.256e-11 1.25601e-11 1.44152e-10 
32 1.18641e-11 1.18643e-11 6.28668e-11 
33 1.07175e-11 1.07176e-11 -3.59937e-11 
34 9.27333e-12 9.2735e-12 -1.44951e-10 
35 7.64465e-12 7.64485e-12 -2.58653e-10 
36 5.91101e-12 5.91125e-12 -3.73282e-10 
37 4.12737e-12 4.12766e-12 -4.86037e-10 
38 2.33221e-12 2.33254e-12 -5.94721e-10 
39 5.54084e-13 5.54473e-13 -6.97441e-10 
40 -1.18347e-12 -1.18302e-12 -7.92415e-10 
41 -2.85863e-12 -2.85811e-12 -8.77857e-10 
42 -4.44919e-12 -4.44859e-12 -9.51941e-10 
43 -5.93146e-12 -5.93077e-12 -1.01282e-09 
44 -7.28009e-12 -7.27931e-12 -1.0587e-09 
45 -8.46871e-12 -8.46784e-12 -1.08798e-09 
46 -9.47136e-12 -9.4704e-12 -1.09945e-09 
47 -1.02646e-11 -1.02635e-11 -1.09247e-09 
48 -1.083e-11 -1.08289e-11 -1.06719e-09 
49 -1.11571e-11 -1.11559e-11 -1.02469e-09 
50 -1.12454e-11 -1.12441e-11 -9.67066e-10 
51 -1.11057e-11 -1.11044e-11 -8.9732e-10 
52 -1.07601e-11 -1.07587e-11 -8.19195e-10 
53 -1.02401e-11 -1.02387e-11 -7.36832e-10 
54 -9.58384e-12 -9.58255e-12 -6.54398e-10 
55 -8.83233e-12 -8.83111e-12 -5.75727e-10 
56 -8.02568e-12 -8.02455e-12 -5.04028e-10 
57 -7.20015e-12 -7.19914e-12 -4.41723e-10 
58 -6.38601e-12 -6.38514e-12 -3.90392e-10 
59 -5.60661e-12 -5.60591e-12 -3.50828e-10 
60 -4.8784e-12 -4.87788e-12 -3.23162e-10 
61 -4.21151e-12 -4.21118e-12 -3.07014e-10 
62 -3.61088e-12 -3.61075e-12 -3.01649e-10 
63 -3.0774e-12 -3.07748e-12 -3.06118e-10 
64 -2.60905e-12 -2.60934e-12 -3.19371e-10 
65 -2.20188e-12 -2.2024e-12 -3.40337e-10 
66 -1.85081e-12 -1.85155e-12 -3.67983e-10 
67 -1.55021e-12 -1.55117e-12 -4.01349e-10 
68 -1.29433e-12 -1.29552e-12 -4.39559e-10 
69 -1.07762e-12 -1.07904e-12 -4.81826e-10 
70 -8.94848e-13 -8.96488e-13 -5.27431e-10 
71 -7.41246e-13 -7.43102e-13 -5.75683e-10 
72 -6.1252e-13 -6.14577e-13 -6.2585e-10 
73 -5.04856e-13 -5.07086e-13 -6.7704e-10 
74 -4.14893e-13 -4.17242e-13 -7.28001e-10 
75 -3.39686e-13 -3.42061e-13 -7.76836e-10 
76 -2.76672e-13 -2.78918e-13 -8.20628e-10 
77 -2.23648e-13 -2.25531e-13 -8.55073e-10 
78 -1.7878e-13 -1.7998e-13 -8.74371e-10 
79 -1.40631e-13 -1.4077e-13 -8.71861e-10 
80 -1.08216e-13 -1.06937e-13 -8.41971e-10 
81 -8.09851e-14 -7.81021e-14 -7.83459e-10 
82 -5.86973e-14 -5.43516e-14 -7.02419e-10 
83 -4.116e-14 -3.59019e-14 -6.12312e-10 
84 -2.79764e-14 -2.26979e-14 -5.29735e-10 
85 -1.84713e-14 -1.42213e-14 -4.68454e-10 
86 -1.18117e-14 -9.59848e-15 -4.35766e-10 
87 -7.18972e-15 -7.8545e-15 -4.32634e-10 
88 -3.944e-15 -8.11994e-15 -4.56018e-10 
89 -1.59216e-15 -9.7192e-15 -5.01293e-10 
90 1.92235e-16 -1.21694e-14 -5.63831e-10 
91 1.62018e-15 -1.51402e-14 -6.3971e-10 
92 2.82464e-15 -1.8408e-14 -7.25901e-10 
93 3.88851e-15 -2.18172e-14 -8.20211e-10 
94 4.8634e-15 -2.52512e-14 -9.21143e-10 
95 5.78161e-15 -2.86115e-14 -1.02776e-09 
96 6.66346e-15 -3.18008e-14 -1.1396e-09 
97 7.52172e-15 -3.4709e-14 -1.25654e-09 
98 0.0106124 -0.0451321 -1.49929e+17 
