4,98
1 -3.15714e-10 -3.15714e-10 -2.8033e-08 
2 -4.18721e-10 -4.18721e-10 -1.1049e-08 
3 -5.3394e-10 -5.3394e-10 4.13715e-09 
4 -6.06085e-10 -6.06085e-10 9.76255e-09 
5 -5.62667e-10 -5.62667e-10 1.04653e-09 
6 -4.80836e-10 -4.80836e-10 -4.61291e-09 
7 -4.22981e-10 -4.22981e-10 -3.76014e-09 
8 -3.71673e-10 -3.71673e-10 -1.71159e-09 
9 -3.20312e-10 -3.20312e-10 1.83404e-10 
10 -2.69019e-10 -2.69019e-10 1.65864e-09 
11 -2.195e-10 -2.195e-10 2.5127e-09 
12 -1.74657e-10 -1.74657e-10 2.58958e-09 
13 -1.37837e-10 -1.37837e-10 1.92976e-09 
14 -1.10779e-10 -1.10779e-10 8.71195e-10 
15 -9.20417e-11 -9.20417e-11 -1.0495e-10 
16 -7.81192e-11 -7.81192e-11 -6.79304e-10 
17 -6.58774e-11 -6.58774e-11 -8.09498e-10 
18 -5.36788e-11 -5.36788e-11 -6.1638e-10 
19 -4.10615e-11 -4.10615e-11 -2.47107e-10 
20 -2.81164e-11 -2.81164e-11 1.84292e-10 
21 -1.51259e-11 -1.51259e-11 6.00956e-10 
22 -2.45796e-12 -2.45796e-12 9.50441e-10 
23 9.42194e-12 9.42194e-12 1.19447e-09 
24 1.99301e-11 1.99301e-11 1.30668e-09 
25 2.8406e-11 2.8406e-11 1.2777e-09 
26 3.42512e-11 3.42512e-11 1.12307e-09 
27 3.71341e-11 3.71341e-11 8.86216e-10 
28 3.71515e-11 3.71515e-11 6.30048e-10 
29 3.48278e-11 3.48278e-11 4.18205e-10 
30 3.09382e-11 3.09382e-11 2.95714e-10 
31 2.62677e-11 2.62677e-11 2.79159e-10 
32 2.14394e-11 2.14394e-11 3.58356e-10 
33 1.68577e-11 1.68577e-11 5.04531e-10 
34 1.27385e-11 1.27385e-11 6.79299e-10 
35 9.17193e-12 9.17193e-12 8.42052e-10 
36 6.18087e-12 6.18087e-12 9.56314e-10 
37 3.75968e-12 3.75968e-12 9.96343e-10 
38 1.89043e-12 1.89043e-12 9.53899e-10 
39 5.41587e-13 5.41587e-13 8.42503e-10 
40 -3.40401e-13 -3.40401e-13 6.95184e-10 
41 -8.3458e-13 -8.34581e-13 5.54269e-10 
42 -1.03725e-12 -1.03725e-12 4.57212e-10 
43 -1.04553e-12 -1.04553e-12 4.25585e-10 
44 -9.42111e-13 -9.42112e-13 4.61644e-10 
45 -7.87609e-13 -7.8761e-13 5.51516e-10 
46 -6.20945e-13 -6.20947e-13 6.71268e-10 
47 -4.641e-13 -4.64105e-13 7.92887e-10 
48 -3.27793e-13 -3.278e-13 8.89256e-10 
49 -2.16093e-13 -2.16104e-13 9.38518e-10 
50 -1.29429e-13 -1.29447e-13 9.28183e-10 
51 -6.62e-14 -6.62265e-14 8.58389e-10 
52 -2.35041e-14 -2.3544e-14 7.42687e-10 
53 2.45682e-15 2.39815e-15 6.0491e-10 
54 1.5936e-14 1.58519e-14 4.72529e-10 
55 2.10831e-14 2.09653e-14 3.69199e-10 
56 2.14264e-14 2.12649e-14 3.09688e-10 
57 1.95792e-14 1.93617e-14 2.98682e-10 
58 1.72172e-14 1.69289e-14 3.32617e-10 
59 1.52441e-14 1.48672e-14 4.02704e-10 
60 1.4022e-14 1.35355e-14 4.9764e-10 
61 1.35823e-14 1.29622e-14 6.05397e-10 
62 1.37795e-14 1.29999e-14 7.14133e-10 
63 1.43893e-14 1.34244e-14 8.12605e-10 
64 1.51645e-14 1.39923e-14 8.90492e-10 
65 1.58677e-14 1.44752e-14 9.38988e-10 
66 1.62935e-14 1.46834e-14 9.51841e-10 
67 1.62907e-14 1.44876e-14 9.26704e-10 
68 1.57814e-14 1.3836e-14 8.66305e-10 
69 1.47734e-14 1.2762e-14 7.78679e-10 
70 1.33541e-14 1.13728e-14 6.75925e-10 
71 1.16654e-14 9.81974e-15 5.71696e-10 
72 9.86631e-15 8.26015e-15 4.78325e-10 
73 8.09857e-15 6.8243e-15 4.04747e-10 
74 6.46489e-15 5.59831e-15 3.55749e-10 
75 5.0241e-15 4.62302e-15 3.32434e-10 
76 3.79737e-15 3.90317e-15 3.33298e-10 
77 2.77954e-15 3.42007e-15 3.55386e-10 
78 1.95025e-15 3.14285e-15 3.95204e-10 
79 1.28261e-15 3.0359e-15 4.49295e-10 
80 7.49306e-16 3.06135e-15 5.14487e-10 
81 3.2698e-16 3.1742e-15 5.87833e-10 
82 9.4507e-19 3.30502e-15 6.66098e-10 
83 -2.2771e-16 3.32298e-15 7.44481e-10 
84 -3.32304e-16 2.98164e-15 8.1414e-10 
85 -2.56181e-16 1.8955e-15 8.58932e-10 
86 5.90546e-17 -3.02408e-16 8.55184e-10 
87 5.78939e-16 -3.44219e-15 7.83732e-10 
88 1.07093e-15 -6.25772e-15 6.56204e-10 
89 1.1864e-15 -6.86691e-15 5.24079e-10 
90 7.26186e-16 -4.2332e-15 4.42408e-10 
91 -2.5735e-16 1.30364e-15 4.3276e-10 
92 -1.5935e-15 8.77685e-15 4.86896e-10 
93 -3.12396e-15 1.73064e-14 5.87208e-10 
94 -4.73912e-15 2.62883e-14 7.18543e-10 
95 -6.36541e-15 3.53184e-14 8.70874e-10 
96 -7.94342e-15 4.40699e-14 1.03854e-09 
97 -9.40732e-15 5.21789e-14 1.21902e-09 
98 -0.0106141 0.0451395 1.49954e+17 
