4,92
1 4.74822e-10 -0.920698 -7.07382e-07 
2 4.73357e-10 -0.823607 -5.46677e-07 
3 4.71892e-10 -0.726515 -3.85971e-07 
4 4.70426e-10 -0.629421 -2.25265e-07 
5 4.68958e-10 -0.532325 -6.45612e-08 
6 4.67487e-10 -0.435227 9.61187e-08 
7 4.65999e-10 -0.338096 2.56277e-07 
8 4.64174e-10 -0.240585 4.07704e-07 
9 4.56754e-10 -0.141025 4.65106e-07 
10 4.04696e-10 -0.0471547 5.33059e-08 
11 2.79546e-10 -0.00517714 -5.74262e-07 
12 1.81903e-10 0.00479176 -4.47525e-07 
13 1.17127e-10 0.0182554 3.20012e-08 
14 6.14349e-11 0.03586 5.08135e-07 
15 9.83614e-12 0.0519076 6.09e-07 
16 -1.64922e-11 0.051849 -1.20741e-08 
17 -1.69839e-11 0.042249 -3.51811e-07 
18 -1.75096e-11 0.0361534 -2.75978e-07 
19 -1.93869e-11 0.0314256 -1.23303e-07 
20 -2.14319e-11 0.0268475 3.36931e-08 
21 -2.34274e-11 0.0221858 1.77831e-07 
22 -2.51376e-11 0.0172761 2.67423e-07 
23 -2.55049e-11 0.0120677 1.98826e-07 
24 -2.26116e-11 0.00749145 -4.87616e-08 
25 -1.74827e-11 0.00466515 -1.88776e-07 
26 -1.27953e-11 0.00281646 -1.05782e-07 
27 -8.89405e-12 0.00112805 7.38075e-08 
28 -5.4176e-12 -0.000511977 2.38881e-07 
29 -2.43154e-12 -0.00182348 2.91882e-07 
30 -5.87804e-13 -0.00231012 1.71159e-07 
31 -1.30125e-13 -0.00201491 -6.53214e-09 
32 -1.8166e-13 -0.0016264 -9.02428e-08 
33 -1.72059e-13 -0.00140325 -9.53523e-08 
34 -8.17454e-14 -0.00126619 -7.34441e-08 
35 3.30591e-14 -0.00115066 -4.59666e-08 
36 1.50016e-13 -0.00103773 -1.83031e-08 
37 2.62797e-13 -0.000924345 8.25034e-09 
38 3.68121e-13 -0.000810831 3.29817e-08 
39 4.62345e-13 -0.000698374 5.50695e-08 
40 5.40791e-13 -0.00058883 7.3465e-08 
41 5.97767e-13 -0.000484908 8.69118e-08 
42 6.27192e-13 -0.00039027 9.41032e-08 
43 6.2412e-13 -0.000309236 9.40374e-08 
44 5.87118e-13 -0.000245874 8.65526e-08 
45 5.20532e-13 -0.000202505 7.28088e-08 
46 4.3482e-13 -0.00017836 5.53062e-08 
47 3.43759e-13 -0.000169443 3.72026e-08 
48 2.59815e-13 -0.000169963 2.12554e-08 
49 1.90633e-13 -0.000174383 9.06577e-09 
50 1.38433e-13 -0.000178821 9.93898e-10 
51 1.01595e-13 -0.000181302 -3.44256e-09 
52 7.67857e-14 -0.000181283 -5.07712e-09 
53 6.04949e-14 -0.000179004 -4.7496e-09 
54 4.98007e-14 -0.00017499 -3.14444e-09 
55 4.25681e-14 -0.000169779 -7.54712e-10 
56 3.73697e-14 -0.000163803 2.09329e-09 
57 3.33137e-14 -0.000157369 5.19725e-09 
58 2.98726e-14 -0.000150674 8.43831e-09 
59 2.67497e-14 -0.000143839 1.17498e-08 
60 2.37851e-14 -0.00013693 1.50958e-08 
61 2.08963e-14 -0.000129985 1.8457e-08 
62 1.80422e-14 -0.000123022 2.18223e-08 
63 1.52032e-14 -0.000116052 2.51831e-08 
64 1.23698e-14 -0.000109079 2.85283e-08 
65 9.53807e-15 -0.000102109 3.18385e-08 
66 6.70685e-15 -9.51523e-05 3.50784e-08 
67 3.87878e-15 -8.82326e-05 3.81844e-08 
68 1.06315e-15 -8.13995e-05 4.1047e-08 
69 -1.71739e-15 -7.47534e-05 4.34903e-08 
70 -4.41627e-15 -6.84772e-05 4.52546e-08 
71 -6.94966e-15 -6.28717e-05 4.60006e-08 
72 -9.18733e-15 -5.8368e-05 4.53658e-08 
73 -1.09619e-14 -5.54727e-05 4.30989e-08 
74 -1.21109e-14 -5.46121e-05 3.92512e-08 
75 -1.25473e-14 -5.59137e-05 3.43093e-08 
76 -1.23153e-14 -5.9071e-05 2.91207e-08 
77 -1.15846e-14 -6.34245e-05 2.46016e-08 
78 -1.05815e-14 -6.82166e-05 2.14217e-08 
79 -9.51028e-15 -7.2833e-05 1.98681e-08 
80 -8.51153e-15 -7.6903e-05 1.99058e-08 
81 -7.66025e-15 -8.02713e-05 2.1322e-08 
82 -6.98476e-15 -8.29206e-05 2.3849e-08 
83 -6.48756e-15 -8.48994e-05 2.72364e-08 
84 -6.1608e-15 -8.62745e-05 3.12784e-08 
85 -5.99584e-15 -8.71035e-05 3.58187e-08 
86 -5.9886e-15 -8.74224e-05 4.0744e-08 
87 -6.14288e-15 -8.72383e-05 4.59763e-08 
88 -6.47285e-15 -8.65242e-05 5.14645e-08 
89 -7.00598e-15 -8.52463e-05 -6.45578e-09 
90 -7.58967e-15 -0.000519485 -0.000818683 
91 -2.73776e-15 -9.74056e-05 3.13768e-07 
92 -0.431424 -0.120291 1.49833e+17 
