4,92
1 -5.08138e-10 -0.00538123 6.43248e-07 
2 -4.95557e-10 -0.0984407 5.11444e-07 
3 -4.82972e-10 -0.191506 3.79639e-07 
4 -4.70383e-10 -0.284577 2.47836e-07 
5 -4.57786e-10 -0.377653 1.16041e-07 
6 -4.45177e-10 -0.470738 -1.57303e-08 
7 -4.32536e-10 -0.563838 -1.47424e-07 
8 -4.19803e-10 -0.65698 -2.7879e-07 
9 -4.06684e-10 -0.750281 -4.06732e-07 
10 -3.89748e-10 -0.844325 -4.6935e-07 
11 -3.31841e-10 -0.928196 4.09451e-08 
12 -2.03469e-10 -0.946709 7.99336e-07 
13 -1.2057e-10 -0.945501 3.63105e-07 
14 -6.66792e-11 -0.955404 -4.18867e-07 
15 -1.8765e-11 -0.969121 -8.48622e-07 
16 1.17833e-11 -0.968486 -1.14316e-07 
17 1.63115e-11 -0.956726 3.51284e-07 
18 1.77297e-11 -0.950036 2.95063e-07 
19 1.88021e-11 -0.945116 1.80448e-07 
20 1.96578e-11 -0.940539 6.37362e-08 
21 2.03929e-11 -0.935988 -4.97789e-08 
22 2.09567e-11 -0.931354 -1.53561e-07 
23 2.11325e-11 -0.926576 -2.31444e-07 
24 2.04036e-11 -0.921736 -2.48821e-07 
25 1.80131e-11 -0.917406 -1.64502e-07 
26 1.40068e-11 -0.914649 -6.36326e-09 
27 9.93833e-12 -0.913655 1.08328e-07 
28 6.90726e-12 -0.913437 1.23401e-07 
29 4.74636e-12 -0.913278 7.09987e-08 
30 3.03424e-12 -0.913022 -8.32588e-09 
31 1.55241e-12 -0.912714 -8.91959e-08 
32 2.70892e-13 -0.912437 -1.53703e-07 
33 -7.12651e-13 -0.912276 -1.84854e-07 
34 -1.24348e-12 -0.912304 -1.69796e-07 
35 -1.2642e-12 -0.912516 -1.13886e-07 
36 -9.55816e-13 -0.912805 -4.62843e-08 
37 -6.07988e-13 -0.913048 3.70966e-09 
38 -3.75788e-13 -0.913201 2.86701e-08 
39 -2.59507e-13 -0.913287 3.61558e-08 
40 -2.10307e-13 -0.913338 3.49747e-08 
41 -1.90312e-13 -0.913375 3.03553e-08 
42 -1.80707e-13 -0.913407 2.4591e-08 
43 -1.74221e-13 -0.913438 1.8503e-08 
44 -1.6853e-13 -0.913469 1.23417e-08 
45 -1.62999e-13 -0.9135 6.17605e-09 
46 -1.57474e-13 -0.91353 2.71307e-11 
47 -1.51914e-13 -0.913561 -6.09259e-09 
48 -1.46301e-13 -0.913592 -1.21686e-08 
49 -1.40614e-13 -0.913622 -1.81807e-08 
50 -1.34829e-13 -0.913653 -2.41002e-08 
51 -1.28914e-13 -0.913684 -2.98864e-08 
52 -1.22831e-13 -0.913715 -3.54829e-08 
53 -1.16531e-13 -0.913745 -4.08125e-08 
54 -1.09962e-13 -0.913776 -4.57715e-08 
55 -1.03062e-13 -0.913805 -5.02252e-08 
56 -9.57741e-14 -0.913834 -5.40051e-08 
57 -8.8051e-14 -0.913862 -5.69114e-08 
58 -7.98736e-14 -0.913887 -5.8726e-08 
59 -7.12713e-14 -0.913909 -5.92389e-08 
60 -6.23426e-14 -0.913928 -5.82908e-08 
61 -5.32696e-14 -0.913941 -5.58266e-08 
62 -4.43127e-14 -0.91395 -5.19446e-08 
63 -3.57808e-14 -0.913953 -4.69177e-08 
64 -2.79791e-14 -0.913951 -4.11697e-08 
65 -2.11497e-14 -0.913945 -3.52031e-08 
66 -1.54298e-14 -0.913936 -2.95057e-08 
67 -1.08403e-14 -0.913925 -2.44688e-08 
68 -7.30358e-15 -0.913913 -2.03437e-08 
69 -4.67973e-15 -0.913901 -1.72405e-08 
70 -2.80299e-15 -0.913891 -1.51561e-08 
71 -1.51005e-15 -0.913881 -1.40127e-08 
72 -6.56678e-16 -0.913873 -1.36937e-08 
73 -1.24475e-16 -0.913866 -1.40705e-08 
74 1.78859e-16 -0.91386 -1.5019e-08 
75 3.22595e-16 -0.913856 -1.64285e-08 
76 3.57249e-16 -0.913852 -1.82046e-08 
77 3.18849e-16 -0.913848 -2.02699e-08 
78 2.32613e-16 -0.913846 -2.25616e-08 
79 1.15919e-16 -0.913844 -2.503e-08 
80 -1.94451e-17 -0.913842 -2.76362e-08 
81 -1.65609e-16 -0.913841 -3.03495e-08 
82 -3.17415e-16 -0.913839 -3.31462e-08 
83 -4.71556e-16 -0.913839 -3.60079e-08 
84 -6.25982e-16 -0.913838 -3.89202e-08 
85 -7.79476e-16 -0.913837 -4.18721e-08 
86 -9.31372e-16 -0.913837 -4.4855e-08 
87 -1.08136e-15 -0.913836 -4.78623e-08 
88 -1.22934e-15 -0.913836 -5.08887e-08 
89 -1.37537e-15 -0.913836 2.32431e-08 
90 -1.47495e-15 -0.913342 0.00092721 
91 -4.88256e-16 -0.913836 -3.13466e-07 
92 0.431293 -0.793686 -1.49788e+17 
