3,3,92
9.99827e-06 1.46931e-12 -3.3063e-09 
1.46931e-12 0.000959253 -1.16098e-07 
-3.3063e-09 -1.16098e-07 9.22013e+09 
9.99829e-06 1.46931e-12 -3.3063e-09 
1.46931e-12 0.000959255 -1.16098e-07 
-3.3063e-09 -1.16098e-07 9.22016e+09 
9.99815e-06 1.46929e-12 -3.30626e-09 
1.46929e-12 0.000959241 -1.16096e-07 
-3.30626e-09 -1.16096e-07 9.22003e+09 
9.99781e-06 1.46924e-12 -3.30614e-09 
1.46924e-12 0.000959209 -1.16092e-07 
-3.30614e-09 -1.16092e-07 9.21971e+09 
9.99714e-06 1.46914e-12 -3.30592e-09 
1.46914e-12 0.000959145 -1.16085e-07 
-3.30592e-09 -1.16085e-07 9.2191e+09 
9.99584e-06 1.46895e-12 -3.30549e-09 
1.46895e-12 0.00095902 -1.16069e-07 
-3.30549e-09 -1.16069e-07 9.2179e+09 
9.99303e-06 1.46854e-12 -3.30456e-09 
1.46854e-12 0.00095875 -1.16037e-07 
-3.30456e-09 -1.16037e-07 9.2153e+09 
9.98563e-06 1.46745e-12 -3.30212e-09 
1.46745e-12 0.00095804 -1.15951e-07 
-3.30212e-09 -1.15951e-07 9.20848e+09 
9.95296e-06 1.46265e-12 -3.29131e-09 
1.46265e-12 0.000954904 -1.15571e-07 
-3.29131e-09 -1.15571e-07 9.17835e+09 
9.55373e-06 1.40354e-12 -3.15929e-09 
1.40354e-12 0.000916326 -1.10906e-07 
-3.15929e-09 -1.10906e-07 8.81019e+09 
6.24579e-06 8.43481e-13 -2.0654e-09 
8.43481e-13 0.000552577 -6.76444e-08 
-2.0654e-09 -6.76444e-08 5.7597e+09 
5.59541e-06 1.01385e-13 -1.85033e-09 
1.01385e-13 8.466e-05 -1.77122e-08 
-1.85033e-09 -1.77122e-08 5.15994e+09 
7.79805e-06 -5.69469e-15 -2.57872e-09 
-5.69464e-15 2.5783e-05 -1.50426e-08 
-2.57872e-09 -1.50426e-08 7.19116e+09 
7.75114e-06 -1.3226e-14 -2.5632e-09 
-1.32259e-14 2.07631e-05 -1.43286e-08 
-2.5632e-09 -1.43286e-08 7.1479e+09 
5.442e-06 -8.48702e-15 -1.79959e-09 
-8.48699e-15 1.34151e-05 -8.33435e-09 
-1.79959e-09 -8.33435e-09 5.01844e+09 
6.19567e-06 -3.37909e-15 -2.04876e-09 
-3.37908e-15 8.4457e-06 1.60995e-09 
-2.04876e-09 1.60995e-09 5.71328e+09 
9.26666e-06 -4.70196e-15 -3.06425e-09 
-4.70196e-15 1.14207e-05 3.91667e-09 
-3.06425e-09 3.91667e-09 8.54515e+09 
9.62847e-06 -4.91581e-15 -3.18389e-09 
-4.91581e-15 1.18422e-05 4.07773e-09 
-3.18389e-09 4.07773e-09 8.87879e+09 
9.63293e-06 -4.91965e-15 -3.18536e-09 
-4.91965e-15 1.18466e-05 4.07964e-09 
-3.18536e-09 4.07964e-09 8.8829e+09 
9.56635e-06 -4.88523e-15 -3.16335e-09 
-4.88523e-15 1.17644e-05 4.05096e-09 
-3.16335e-09 4.05096e-09 8.82151e+09 
9.40462e-06 -4.80134e-15 -3.10987e-09 
-4.80134e-15 1.15649e-05 3.9812e-09 
-3.10987e-09 3.9812e-09 8.67237e+09 
9.04198e-06 -4.61264e-15 -2.98995e-09 
-4.61264e-15 1.11175e-05 3.82405e-09 
-2.98995e-09 3.82405e-09 8.33796e+09 
8.23892e-06 -4.19047e-15 -2.7244e-09 
-4.19047e-15 1.01254e-05 3.47077e-09 
-2.7244e-09 3.47077e-09 7.59742e+09 
6.665e-06 -3.33492e-15 -2.20394e-09 
-3.33492e-15 8.173e-06 2.74269e-09 
-2.20394e-09 2.74269e-09 6.14603e+09 
4.62213e-06 -2.085e-15 -1.52838e-09 
-2.085e-15 5.60039e-06 1.61857e-09 
-1.52838e-09 1.61856e-09 4.26213e+09 
3.86003e-06 -1.18246e-15 -1.2763e-09 
-1.18246e-15 4.52233e-06 6.35182e-10 
-1.2763e-09 6.35182e-10 3.55916e+09 
4.89842e-06 -1.07155e-15 -1.61958e-09 
-1.07155e-15 5.62911e-06 2.38771e-10 
-1.61958e-09 2.38771e-10 4.51645e+09 
6.07232e-06 -1.23978e-15 -2.00769e-09 
-1.23978e-15 6.95969e-06 1.70765e-10 
-2.00769e-09 1.70765e-10 5.59877e+09 
6.6012e-06 -1.33364e-15 -2.18256e-09 
-1.33364e-15 7.56186e-06 1.67718e-10 
-2.18256e-09 1.67718e-10 6.08641e+09 
6.58852e-06 -1.31541e-15 -2.17836e-09 
-1.31541e-15 7.536e-06 1.60676e-10 
-2.17836e-09 1.60676e-10 6.0747e+09 
6.21051e-06 -1.20407e-15 -2.05336e-09 
-1.20407e-15 7.07581e-06 1.39633e-10 
-2.05336e-09 1.39633e-10 5.72614e+09 
5.61493e-06 -1.01144e-15 -1.85643e-09 
-1.01144e-15 6.33723e-06 1.01197e-10 
-1.85643e-09 1.01197e-10 5.17694e+09 
5.08256e-06 -7.63543e-16 -1.68036e-09 
-7.63543e-16 5.61811e-06 4.23088e-11 
-1.68036e-09 4.23088e-11 4.68597e+09 
5.13349e-06 -5.3265e-16 -1.69713e-09 
-5.3265e-16 5.48879e-06 -3.46238e-11 
-1.69713e-09 -3.46238e-11 4.73271e+09 
6.14797e-06 -4.10198e-16 -2.03244e-09 
-4.10198e-16 6.39631e-06 -1.15311e-10 
-2.03244e-09 -1.15311e-10 5.66779e+09 
7.69443e-06 -4.05214e-16 -2.54365e-09 
-4.05214e-16 7.92108e-06 -1.79393e-10 
-2.54365e-09 -1.79393e-10 7.09337e+09 
8.94203e-06 -4.42905e-16 -2.95607e-09 
-4.42905e-16 9.18362e-06 -2.17564e-10 
-2.95607e-09 -2.17564e-10 8.24348e+09 
9.60677e-06 -4.71051e-16 -3.17582e-09 
-4.71051e-16 9.86261e-06 -2.35287e-10 
-3.17582e-09 -2.35287e-10 8.85629e+09 
9.87432e-06 -4.83572e-16 -3.26427e-09 
-4.83572e-16 1.01368e-05 -2.42034e-10 
-3.26427e-09 -2.42034e-10 9.10295e+09 
9.96215e-06 -4.87816e-16 -3.29331e-09 
-4.87816e-16 1.02269e-05 -2.44206e-10 
-3.29331e-09 -2.44206e-10 9.18392e+09 
9.98558e-06 -4.88958e-16 -3.30105e-09 
-4.88958e-16 1.0251e-05 -2.44781e-10 
-3.30105e-09 -2.44781e-10 9.20551e+09 
9.9889e-06 -4.89121e-16 -3.30215e-09 
-4.89121e-16 1.02544e-05 -2.44863e-10 
-3.30215e-09 -2.44863e-10 9.20857e+09 
9.98582e-06 -4.8897e-16 -3.30113e-09 
-4.8897e-16 1.02512e-05 -2.44787e-10 
-3.30113e-09 -2.44787e-10 9.20573e+09 
9.97955e-06 -4.88662e-16 -3.29906e-09 
-4.88662e-16 1.02448e-05 -2.44633e-10 
-3.29906e-09 -2.44633e-10 9.19995e+09 
9.97007e-06 -4.88197e-16 -3.29592e-09 
-4.88197e-16 1.02351e-05 -2.44401e-10 
-3.29592e-09 -2.44401e-10 9.19121e+09 
9.95628e-06 -4.87521e-16 -3.29136e-09 
-4.87521e-16 1.02209e-05 -2.44063e-10 
-3.29136e-09 -2.44063e-10 9.17849e+09 
9.9364e-06 -4.86545e-16 -3.28479e-09 
-4.86545e-16 1.02005e-05 -2.43575e-10 
-3.28479e-09 -2.43575e-10 9.16017e+09 
9.90791e-06 -4.85145e-16 -3.27538e-09 
-4.85145e-16 1.01713e-05 -2.42877e-10 
-3.27538e-09 -2.42877e-10 9.13391e+09 
9.86733e-06 -4.83146e-16 -3.26196e-09 
-4.83146e-16 1.01296e-05 -2.41882e-10 
-3.26196e-09 -2.41882e-10 9.0965e+09 
9.80992e-06 -4.80312e-16 -3.24298e-09 
-4.80312e-16 1.00706e-05 -2.40473e-10 
-3.24298e-09 -2.40473e-10 9.04358e+09 
9.72937e-06 -4.7632e-16 -3.21635e-09 
-4.7632e-16 9.98792e-06 -2.38497e-10 
-3.21635e-09 -2.38497e-10 8.96931e+09 
9.61743e-06 -4.70745e-16 -3.17935e-09 
-4.70745e-16 9.87295e-06 -2.35749e-10 
-3.17935e-09 -2.35749e-10 8.86612e+09 
9.46377e-06 -4.63035e-16 -3.12855e-09 
-4.63035e-16 9.71511e-06 -2.31975e-10 
-3.12855e-09 -2.31975e-10 8.72447e+09 
9.25608e-06 -4.52504e-16 -3.0599e-09 
-4.52504e-16 9.5017e-06 -2.26869e-10 
-3.0599e-09 -2.26869e-10 8.53301e+09 
8.98084e-06 -4.38339e-16 -2.96891e-09 
-4.38339e-16 9.21877e-06 -2.20095e-10 
-2.96891e-09 -2.20095e-10 8.27928e+09 
8.62528e-06 -4.1965e-16 -2.85138e-09 
-4.1965e-16 8.85307e-06 -2.11328e-10 
-2.85138e-09 -2.11328e-10 7.95152e+09 
8.18105e-06 -3.95584e-16 -2.70453e-09 
-3.95584e-16 8.39578e-06 -2.00345e-10 
-2.70453e-09 -2.00345e-10 7.54202e+09 
7.64975e-06 -3.65523e-16 -2.52891e-09 
-3.65523e-16 7.84816e-06 -1.87159e-10 
-2.52891e-09 -1.87159e-10 7.05228e+09 
7.04979e-06 -3.29363e-16 -2.33061e-09 
-3.29363e-16 7.22857e-06 -1.7218e-10 
-2.33061e-09 -1.7218e-10 6.49928e+09 
6.42213e-06 -2.87809e-16 -2.12317e-09 
-2.87809e-16 6.57836e-06 -1.5636e-10 
-2.12317e-09 -1.5636e-10 5.92081e+09 
5.83084e-06 -2.42564e-16 -1.92779e-09 
-2.42564e-16 5.96251e-06 -1.41213e-10 
-1.92779e-09 -1.41213e-10 5.37594e+09 
5.35406e-06 -1.9624e-16 -1.77029e-09 
-1.9624e-16 5.46058e-06 -1.28604e-10 
-1.77029e-09 -1.28604e-10 4.93672e+09 
5.06492e-06 -1.5191e-16 -1.67485e-09 
-1.5191e-16 5.14738e-06 -1.20308e-10 
-1.67485e-09 -1.20308e-10 4.67059e+09 
5.00877e-06 -1.12389e-16 -1.65647e-09 
-1.12389e-16 5.06977e-06 -1.17457e-10 
-1.65647e-09 -1.17457e-10 4.61934e+09 
5.18791e-06 -7.95656e-17 -1.7159e-09 
-7.95656e-17 5.23111e-06 -1.20182e-10 
-1.7159e-09 -1.20182e-10 4.78507e+09 
5.5625e-06 -5.4084e-17 -1.83996e-09 
-5.4084e-17 5.59187e-06 -1.27608e-10 
-1.83996e-09 -1.27608e-10 5.13102e+09 
6.06629e-06 -3.54776e-17 -2.00672e-09 
-3.54776e-17 6.08555e-06 -1.38224e-10 
-2.00672e-09 -1.38224e-10 5.59605e+09 
6.62784e-06 -2.25944e-17 -2.19256e-09 
-2.25944e-17 6.64012e-06 -1.50371e-10 
-2.19256e-09 -1.50371e-10 6.1143e+09 
7.18727e-06 -1.40587e-17 -2.37768e-09 
-1.40587e-17 7.19491e-06 -1.62645e-10 
-2.37768e-09 -1.62645e-10 6.63053e+09 
7.70387e-06 -8.59851e-18 -2.54861e-09 
-8.59851e-18 7.70855e-06 -1.74076e-10 
-2.54861e-09 -1.74076e-10 7.1072e+09 
8.15601e-06 -5.1984e-18 -2.69821e-09 
-5.1984e-18 8.15884e-06 -1.84136e-10 
-2.69821e-09 -1.84136e-10 7.52438e+09 
8.53676e-06 -3.12246e-18 -2.82418e-09 
-3.12246e-18 8.53847e-06 -1.92639e-10 
-2.82418e-09 -1.92639e-10 7.87568e+09 
8.84862e-06 -1.8723e-18 -2.92736e-09 
-1.8723e-18 8.84965e-06 -1.99622e-10 
-2.92736e-09 -1.99622e-10 8.16341e+09 
9.09905e-06 -1.12615e-18 -3.01021e-09 
-1.12615e-18 9.09967e-06 -2.05239e-10 
-3.01021e-09 -2.05239e-10 8.39445e+09 
9.29736e-06 -6.83092e-19 -3.07582e-09 
-6.83092e-19 9.29775e-06 -2.09694e-10 
-3.07582e-09 -2.09694e-10 8.57742e+09 
9.45292e-06 -4.20595e-19 -3.12728e-09 
-4.20595e-19 9.45316e-06 -2.13191e-10 
-3.12728e-09 -2.13191e-10 8.72093e+09 
9.57418e-06 -2.65069e-19 -3.1674e-09 
-2.65069e-19 9.57433e-06 -2.15919e-10 
-3.1674e-09 -2.15919e-10 8.8328e+09 
9.66833e-06 -1.72761e-19 -3.19855e-09 
-1.72761e-19 9.66844e-06 -2.18039e-10 
-3.19855e-09 -2.18039e-10 8.91967e+09 
9.74131e-06 -1.17812e-19 -3.22269e-09 
-1.17812e-19 9.74138e-06 -2.19683e-10 
-3.22269e-09 -2.19683e-10 8.98699e+09 
9.79782e-06 -8.49728e-20 -3.24139e-09 
-8.49728e-20 9.79788e-06 -2.20956e-10 
-3.24139e-09 -2.20956e-10 9.03913e+09 
9.84161e-06 -6.5257e-20 -3.25587e-09 
-6.5257e-20 9.84166e-06 -2.21942e-10 
-3.25587e-09 -2.21942e-10 9.07953e+09 
9.87557e-06 -5.33601e-20 -3.26711e-09 
-5.33601e-20 9.87561e-06 -2.22708e-10 
-3.26711e-09 -2.22708e-10 9.11086e+09 
9.90196e-06 -4.61425e-20 -3.27584e-09 
-4.61425e-20 9.902e-06 -2.23303e-10 
-3.27584e-09 -2.23303e-10 9.1352e+09 
9.92251e-06 -4.17395e-20 -3.28264e-09 
-4.17395e-20 9.92254e-06 -2.23766e-10 
-3.28264e-09 -2.23766e-10 9.15416e+09 
9.93854e-06 -3.90384e-20 -3.28794e-09 
-3.90384e-20 9.93858e-06 -2.24127e-10 
-3.28794e-09 -2.24127e-10 9.16896e+09 
9.9511e-06 -3.73719e-20 -3.2921e-09 
-3.73719e-20 9.95113e-06 -2.2441e-10 
-3.2921e-09 -2.2441e-10 9.18054e+09 
9.96095e-06 -3.63382e-20 -3.29536e-09 
-3.63382e-20 9.96098e-06 -2.24632e-10 
-3.29536e-09 -2.24632e-10 9.18962e+09 
9.9687e-06 -3.56936e-20 -3.29792e-09 
-3.56936e-20 9.96874e-06 -2.24807e-10 
-3.29792e-09 -2.24807e-10 9.19678e+09 
9.9748e-06 -3.52895e-20 -3.29994e-09 
-3.52895e-20 9.97484e-06 -2.24945e-10 
-3.29994e-09 -2.24945e-10 9.20241e+09 
9.42153e-06 -3.30467e-20 -3.1169e-09 
-3.30467e-20 9.42156e-06 -2.08112e-10 
-3.1169e-09 -2.08112e-10 8.69198e+09 
5.77991e-06 -3.18702e-21 -1.91147e-09 
-3.18702e-21 5.78135e-06 2.42657e-09 
-1.91147e-09 2.42657e-09 5.33043e+09 
0.395804 -0.0454292 3.24202e+16 
-0.0454292 0.0112212 1.57775e+16 
3.24202e+16 1.57775e+16 6.73091e+34 
