4  12
0.0989173  0.0438818  0.0312586  0.0806833  0.0478342  0.0619199  0.159309  0.149033  0.138437  0.124504  0.0457778  0.018445  
5.00082  4.88166e-10  -0.528092  4.88166e-10  
11.4986  1.88996e-10  -0.02737  1.88996e-10  
14.9446  2.96564e-11  0.0381289  2.96564e-11  
20.0684  -2.43184e-11  0.0270978  -2.43184e-11  
25.8786  -1.28859e-11  0.00388235  -1.28859e-11  
31.4784  -1.13396e-12  -0.00161504  -1.13396e-12  
41.1488  5.1022e-13  -0.000565803  5.1022e-13  
54.9747  -1.59085e-14  -7.89888e-05  -1.59085e-14  
67.8705  -1.36701e-16  -0.000106752  -1.3891e-16  
79.6856  1.97017e-15  -0.000105153  1.58913e-16  
87.1827  1.14598e-14  -0.000105184  -7.88075e-17  
90.5958  2.32953e-08  -0.00898441  -2.514e-17  
6.66969  8.62029e-11  0.668422  8.62029e-11  
8.62029e-11  1e-05  7.69256e-12  2.13752e-20  
0.668422  7.69256e-12  0.0673246  7.69256e-12  
8.62029e-11  2.13752e-20  7.69256e-12  1e-05  
1.24838  -7.8768e-11  0.0426511  -7.8768e-11  
-7.8768e-11  1e-05  -2.72049e-12  4.9959e-21  
0.0426511  -2.72049e-12  0.00150055  -2.72049e-12  
-7.8768e-11  4.9959e-21  -2.72049e-12  1e-05  
0.665238  -1.8483e-11  0.00335346  -1.8483e-11  
-1.8483e-11  1e-05  -9.6452e-14  5.19253e-22  
0.00335346  -9.6452e-14  2.87903e-05  -9.6452e-14  
-1.8483e-11  5.19253e-22  -9.6452e-14  1e-05  
5.01351  -5.62516e-12  -0.0240762  -5.62516e-12  
-5.62516e-12  1e-05  2.40525e-14  4.55356e-23  
-0.0240762  2.40525e-14  0.000126509  2.40525e-14  
-5.62516e-12  4.55356e-23  2.40525e-14  1e-05  
2.54418  8.58542e-12  -0.0059094  8.58542e-12  
8.58542e-12  1e-05  -2.04e-14  2.92494e-23  
-0.0059094  -2.04e-14  2.45965e-05  -2.04e-14  
8.58542e-12  2.92494e-23  -2.04e-14  1e-05  
5.74917  5.6895e-12  -0.000769486  5.6895e-12  
5.6895e-12  1e-05  -1.50258e-15  6.99437e-24  
-0.000769486  -1.50258e-15  1.0522e-05  -1.50258e-15  
5.6895e-12  6.99437e-24  -1.50258e-15  1e-05  
29.3286  -7.16737e-13  0.00285229  -7.16737e-13  
-7.16737e-13  1e-05  -2.07198e-16  9.05587e-25  
0.00285229  -2.07198e-16  1.03991e-05  -2.07198e-16  
-7.16737e-13  9.05587e-25  -2.07198e-16  1e-05  
30.8606  -1.44767e-13  -9.02498e-05  -1.44767e-13  
-1.44767e-13  1e-05  -4.02907e-18  1.00308e-26  
-9.02498e-05  -4.02907e-18  1.00034e-05  -4.02907e-18  
-1.44767e-13  1.00308e-26  -4.02907e-18  1e-05  
27.0439  1.93041e-14  -4.52157e-07  1.9253e-14  
1.93041e-14  1e-05  -5.48623e-20  5.24055e-29  
-4.52157e-07  -5.48623e-20  1e-05  -2.19443e-20  
1.9253e-14  5.24055e-29  -2.19443e-20  1e-05  
18.6739  1.8701e-14  5.58303e-07  -1.79227e-15  
1.8701e-14  1e-05  -2.69947e-17  -3.99436e-32  
5.58303e-07  -2.69947e-17  1e-05  -1.29908e-22  
-1.79227e-15  -3.99436e-32  -1.29908e-22  1e-05  
2.90338  4.40973e-14  -6.14279e-08  5.14851e-17  
4.40973e-14  1e-05  -1.71968e-16  6.74596e-31  
-6.14279e-08  -1.71968e-16  1.00001e-05  -1.05815e-24  
5.14851e-17  6.74596e-31  -1.05815e-24  1e-05  
0.240838  9.41663e-09  -0.00358923  2.81051e-18  
9.41663e-09  1e-05  -1.40343e-10  1.09894e-25  
-0.00358923  -1.40343e-10  6.34929e-05  -4.18871e-20  
2.81051e-18  1.09894e-25  -4.18871e-20  1e-05  
