4,91
1 4.36457e-10 -0.929045 4.36457e-10 
2 4.49381e-10 -0.828827 4.49381e-10 
3 4.62306e-10 -0.72861 4.62306e-10 
4 4.7523e-10 -0.628392 4.7523e-10 
5 4.88155e-10 -0.528174 4.88155e-10 
6 5.0108e-10 -0.427955 5.0108e-10 
7 5.13987e-10 -0.327677 5.13987e-10 
8 5.25202e-10 -0.226332 5.25202e-10 
9 4.97695e-10 -0.124122 4.97695e-10 
10 3.55977e-10 -0.064705 3.55977e-10 
11 2.43738e-10 -0.0364259 2.43738e-10 
12 1.68234e-10 -0.00519038 1.68234e-10 
13 9.9939e-11 0.0291583 9.9939e-11 
14 5.17852e-11 0.0388387 5.17852e-11 
15 2.48542e-11 0.039886 2.48542e-11 
16 -5.50215e-12 0.0445257 -5.50215e-12 
17 -2.15132e-11 0.0425417 -2.15132e-11 
18 -2.20397e-11 0.0370534 -2.20397e-11 
19 -2.31156e-11 0.0322207 -2.31156e-11 
20 -2.42394e-11 0.0274051 -2.42394e-11 
21 -2.53733e-11 0.0225391 -2.53733e-11 
22 -2.63904e-11 0.0174808 -2.63904e-11 
23 -2.60406e-11 0.0122349 -2.60406e-11 
24 -2.21362e-11 0.00807104 -2.21362e-11 
25 -1.69604e-11 0.00541418 -1.69604e-11 
26 -1.25016e-11 0.00308617 -1.25016e-11 
27 -8.46006e-12 0.000739843 -8.46006e-12 
28 -4.91727e-12 -0.001169 -4.91727e-12 
29 -2.88004e-12 -0.00176168 -2.88004e-12 
30 -1.99071e-12 -0.00162551 -1.99071e-12 
31 -1.18036e-12 -0.00158795 -1.18036e-12 
32 -3.17358e-13 -0.00163957 -3.17358e-13 
33 4.76785e-13 -0.00167592 4.76785e-13 
34 1.05415e-12 -0.00163795 1.05415e-12 
35 1.27137e-12 -0.00149574 1.27137e-12 
36 1.14365e-12 -0.00128034 1.14365e-12 
37 8.91813e-13 -0.0010692 8.91813e-13 
38 6.99606e-13 -0.000903921 6.99606e-13 
39 5.939e-13 -0.000775828 5.939e-13 
40 5.37362e-13 -0.000665382 5.37362e-13 
41 4.99106e-13 -0.000560891 4.99106e-13 
42 4.64599e-13 -0.000457998 4.64599e-13 
43 4.28313e-13 -0.000356218 4.28313e-13 
44 3.88082e-13 -0.000257214 3.88082e-13 
45 3.42968e-13 -0.000164413 3.42968e-13 
46 2.93037e-13 -8.28816e-05 2.93037e-13 
47 2.39759e-13 -1.84915e-05 2.39759e-13 
48 1.86181e-13 2.40431e-05 1.86181e-13 
49 1.36243e-13 4.35371e-05 1.36243e-13 
50 9.33611e-14 4.33299e-05 9.33612e-14 
51 5.92046e-14 2.98653e-05 5.92048e-14 
52 3.35173e-14 9.97025e-06 3.35176e-14 
53 1.48271e-14 -1.11901e-05 1.48275e-14 
54 1.32648e-15 -3.06722e-05 1.32711e-15 
55 -8.55551e-15 -4.73079e-05 -8.55457e-15 
56 -1.59336e-14 -6.09896e-05 -1.59322e-14 
57 -2.14583e-14 -7.20877e-05 -2.14563e-14 
58 -2.53958e-14 -8.10873e-05 -2.53931e-14 
59 -2.77478e-14 -8.83992e-05 -2.77442e-14 
60 -2.84121e-14 -9.42893e-05 -2.84074e-14 
61 -2.73735e-14 -9.8896e-05 -2.73671e-14 
62 -2.48567e-14 -0.000102306 -2.48474e-14 
63 -2.13391e-14 -0.000104639 -2.13242e-14 
64 -1.74058e-14 -0.000106086 -1.73797e-14 
65 -1.35596e-14 -0.00010688 -1.35117e-14 
66 -1.0115e-14 -0.000107244 -1.00264e-14 
67 -7.20345e-15 -0.000107352 -7.04333e-15 
68 -4.83864e-15 -0.000107322 -4.55901e-15 
69 -2.9842e-15 -0.00010722 -2.51628e-15 
70 -1.59883e-15 -0.000107077 -8.55192e-16 
71 -6.51906e-16 -0.000106904 4.56864e-16 
72 -1.09134e-16 -0.000106698 1.41665e-15 
73 1.03399e-16 -0.000106462 2.0038e-15 
74 1.24654e-16 -0.000106209 2.22371e-15 
75 1.3223e-16 -0.000105963 2.14187e-15 
76 2.72617e-16 -0.000105746 1.87133e-15 
77 6.12768e-16 -0.00010557 1.52482e-15 
78 1.14792e-15 -0.000105434 1.17878e-15 
79 1.83743e-15 -0.000105329 8.69273e-16 
80 2.62672e-15 -0.000105249 6.05251e-16 
81 3.40118e-15 -0.000105186 3.82341e-16 
82 3.70468e-15 -0.000105133 1.9069e-16 
83 2.11064e-15 -0.000105089 2.06626e-17 
84 -2.70191e-15 -0.000105063 -1.18019e-16 
85 -6.14478e-15 -0.000105071 -1.856e-16 
86 -1.74954e-15 -0.000105101 -1.85211e-16 
87 8.81353e-15 -0.000105132 -1.63995e-16 
88 -6.50653e-14 -0.000105122 -1.48202e-16 
89 -4.07689e-10 5.0238e-05 -1.47474e-16 
90 1.07073e-12 -0.000105592 -7.97195e-17 
91 3.50182e-08 -0.0134527 -4.73715e-17 
