4,91
1 -4.36457e-10 0.0151043 -4.36457e-10 
2 -4.49381e-10 -0.0851135 -4.49381e-10 
3 -4.62306e-10 -0.185331 -4.62306e-10 
4 -4.7523e-10 -0.285549 -4.7523e-10 
5 -4.88155e-10 -0.385767 -4.88155e-10 
6 -5.0108e-10 -0.485986 -5.0108e-10 
7 -5.13987e-10 -0.586264 -5.13987e-10 
8 -5.25202e-10 -0.687608 -5.25202e-10 
9 -4.97701e-10 -0.789817 -4.97701e-10 
10 -3.55996e-10 -0.849229 -3.55996e-10 
11 -2.43781e-10 -0.877497 -2.43781e-10 
12 -1.68377e-10 -0.908696 -1.68377e-10 
13 -1.00557e-10 -0.942942 -1.00557e-10 
14 -5.25277e-11 -0.952626 -5.25277e-11 
15 -2.5368e-11 -0.953735 -2.5368e-11 
16 4.84747e-12 -0.958472 4.84747e-12 
17 2.04748e-11 -0.956536 2.04748e-11 
18 2.15876e-11 -0.951049 2.15876e-11 
19 2.33529e-11 -0.946195 2.33529e-11 
20 2.51831e-11 -0.941351 2.51831e-11 
21 2.70635e-11 -0.93641 2.70635e-11 
22 2.83903e-11 -0.931197 2.83903e-11 
23 2.61862e-11 -0.926329 2.61862e-11 
24 2.10374e-11 -0.922758 2.10374e-11 
25 1.62311e-11 -0.919612 1.62311e-11 
26 1.18348e-11 -0.916461 1.18348e-11 
27 8.04997e-12 -0.914107 8.04997e-12 
28 5.69887e-12 -0.913349 5.69887e-12 
29 3.86727e-12 -0.912896 3.86727e-12 
30 2.02957e-12 -0.912329 2.02957e-12 
31 3.97711e-13 -0.911864 3.97711e-13 
32 -5.39444e-13 -0.911766 -5.39444e-13 
33 -6.7134e-13 -0.912033 -6.7134e-13 
34 -6.02996e-13 -0.912336 -6.02996e-13 
35 -6.44104e-13 -0.912557 -6.44104e-13 
36 -7.53356e-13 -0.912738 -7.53356e-13 
37 -8.73143e-13 -0.912912 -8.73143e-13 
38 -9.75128e-13 -0.913087 -9.75128e-13 
39 -1.03604e-12 -0.913262 -1.03604e-12 
40 -1.03082e-12 -0.913424 -1.03082e-12 
41 -9.46356e-13 -0.913558 -9.46356e-13 
42 -7.99758e-13 -0.913654 -7.99758e-13 
43 -6.31354e-13 -0.913716 -6.31354e-13 
44 -4.75037e-13 -0.913758 -4.75037e-13 
45 -3.43061e-13 -0.913793 -3.43061e-13 
46 -2.3294e-13 -0.913826 -2.3294e-13 
47 -1.38464e-13 -0.91386 -1.38464e-13 
48 -5.58593e-14 -0.913893 -5.58593e-14 
49 1.41383e-14 -0.913921 1.41383e-14 
50 6.70387e-14 -0.913939 6.70387e-14 
51 9.83203e-14 -0.913945 9.83203e-14 
52 1.08142e-13 -0.913938 1.08142e-13 
53 1.02308e-13 -0.913923 1.02308e-13 
54 8.85553e-14 -0.913906 8.85553e-14 
55 7.27469e-14 -0.913888 7.27469e-14 
56 5.78822e-14 -0.913872 5.78822e-14 
57 4.49625e-14 -0.913859 4.49625e-14 
58 3.40915e-14 -0.913848 3.40914e-14 
59 2.51472e-14 -0.91384 2.51469e-14 
60 1.79786e-14 -0.913835 1.79782e-14 
61 1.23461e-14 -0.913832 1.23454e-14 
62 7.90091e-15 -0.913831 7.89983e-15 
63 4.29726e-15 -0.913831 4.29564e-15 
64 1.31639e-15 -0.913831 1.31404e-15 
65 -1.08348e-15 -0.913831 -1.08688e-15 
66 -2.80248e-15 -0.913831 -2.80768e-15 
67 -3.72417e-15 -0.913832 -3.73316e-15 
68 -3.88007e-15 -0.913832 -3.89801e-15 
69 -3.49918e-15 -0.913833 -3.53768e-15 
70 -2.87501e-15 -0.913833 -2.95756e-15 
71 -2.20707e-15 -0.913834 -2.37696e-15 
72 -1.55702e-15 -0.913834 -1.8877e-15 
73 -8.93836e-16 -0.913835 -1.49659e-15 
74 -1.63329e-16 -0.913835 -1.17677e-15 
75 6.32587e-16 -0.913835 -9.00137e-16 
76 1.36175e-15 -0.913835 -6.53777e-16 
77 1.77714e-15 -0.913836 -4.42535e-16 
78 1.67966e-15 -0.913836 -2.76364e-16 
79 1.06369e-15 -0.913836 -1.5527e-16 
80 7.19445e-17 -0.913836 -6.84962e-17 
81 -1.13294e-15 -0.913836 -2.98164e-18 
82 -2.41013e-15 -0.913836 5.10925e-17 
83 -3.41053e-15 -0.913836 9.9702e-17 
84 -2.57073e-15 -0.913836 1.44731e-16 
85 2.48797e-15 -0.913836 1.73911e-16 
86 5.33165e-15 -0.913836 1.63683e-16 
87 -2.1902e-15 -0.913836 1.33041e-16 
88 7.11703e-14 -0.913836 1.08206e-16 
89 3.90369e-10 -0.913984 9.49836e-17 
90 -1.0469e-12 -0.913835 5.40613e-17 
91 -3.58792e-08 -0.90016 3.15528e-17 
