3,3,91
1e-05 -9.46506e-13 2.02611e-20 
-9.46507e-13 0.000336796 -9.46507e-13 
2.02611e-20 -9.46506e-13 1e-05 
1e-05 -9.46506e-13 2.02611e-20 
-9.46507e-13 0.000336796 -9.46507e-13 
2.02611e-20 -9.46506e-13 1e-05 
1e-05 -9.46506e-13 2.02611e-20 
-9.46507e-13 0.000336796 -9.46507e-13 
2.02611e-20 -9.46506e-13 1e-05 
1e-05 -9.46506e-13 2.02611e-20 
-9.46507e-13 0.000336796 -9.46507e-13 
2.02611e-20 -9.46506e-13 1e-05 
1e-05 -9.46506e-13 2.02611e-20 
-9.46507e-13 0.000336796 -9.46507e-13 
2.02611e-20 -9.46506e-13 1e-05 
9.99988e-06 -9.46494e-13 2.02609e-20 
-9.46495e-13 0.000336792 -9.46495e-13 
2.02609e-20 -9.46494e-13 9.99988e-06 
9.99165e-06 -9.45716e-13 2.02442e-20 
-9.45716e-13 0.000336515 -9.45716e-13 
2.02442e-20 -9.45716e-13 9.99165e-06 
9.70971e-06 -9.18831e-13 1.96686e-20 
-9.18832e-13 0.000326955 -9.18832e-13 
1.96686e-20 -9.18831e-13 9.70971e-06 
6.58841e-06 -5.79943e-13 1.23857e-20 
-5.79944e-13 0.000207929 -5.79944e-13 
1.23857e-20 -5.79943e-13 6.58841e-06 
6.0654e-06 -8.42154e-14 1.48095e-21 
-8.42156e-14 4.75508e-05 -8.42156e-14 
1.48095e-21 -8.42154e-14 6.0654e-06 
8.73407e-06 -2.98321e-14 1.15164e-22 
-2.98323e-14 3.92184e-05 -2.98323e-14 
1.15164e-22 -2.98321e-14 8.73407e-06 
9.42315e-06 -2.83099e-14 3.87413e-23 
-2.83101e-14 4.10725e-05 -2.83101e-14 
3.87413e-23 -2.83099e-14 9.42315e-06 
7.38135e-06 -2.15532e-14 2.46221e-23 
-2.15534e-14 3.164e-05 -2.15534e-14 
2.46221e-23 -2.15532e-14 7.38135e-06 
6.97326e-06 -2.77144e-15 4.68319e-24 
-2.77145e-15 8.86131e-06 -2.77145e-15 
4.68319e-24 -2.77144e-15 6.97326e-06 
8.60579e-06 -2.82198e-15 5.08e-24 
-2.82198e-15 1.02255e-05 -2.82198e-15 
5.08e-24 -2.82198e-15 8.60579e-06 
5.83885e-06 -1.88715e-15 6.23578e-24 
-1.88715e-15 6.85361e-06 -1.88715e-15 
6.23578e-24 -1.88715e-15 5.83885e-06 
8.16497e-06 -2.42095e-15 3.16777e-23 
-2.42095e-15 8.90076e-06 -2.42095e-15 
3.16777e-23 -2.42095e-15 8.16497e-06 
9.96794e-06 -2.9515e-15 3.90984e-23 
-2.9515e-15 1.08535e-05 -2.9515e-15 
3.90984e-23 -2.9515e-15 9.96794e-06 
9.9939e-06 -2.95918e-15 3.92002e-23 
-2.95918e-15 1.08818e-05 -2.95918e-15 
3.92002e-23 -2.95918e-15 9.9939e-06 
9.97323e-06 -2.95306e-15 3.91191e-23 
-2.95306e-15 1.08593e-05 -2.95306e-15 
3.91191e-23 -2.95306e-15 9.97323e-06 
9.81578e-06 -2.90627e-15 3.84988e-23 
-2.90627e-15 1.06879e-05 -2.90627e-15 
3.84988e-23 -2.90627e-15 9.81578e-06 
8.84316e-06 -2.60975e-15 3.45511e-23 
-2.60975e-15 9.62876e-06 -2.60975e-15 
3.45511e-23 -2.60975e-15 8.84316e-06 
5.89925e-06 -1.55627e-15 2.01747e-23 
-1.55627e-15 6.42199e-06 -1.55627e-15 
2.01747e-23 -1.55627e-15 5.89925e-06 
5.32812e-06 -5.2338e-16 4.49125e-24 
-5.23381e-16 5.7939e-06 -5.23381e-16 
4.49125e-24 -5.2338e-16 5.32812e-06 
7.51148e-06 -3.72819e-16 6.49412e-25 
-3.7282e-16 8.16532e-06 -3.7282e-16 
6.49412e-25 -3.72819e-16 7.51148e-06 
8.02856e-06 -3.71549e-16 2.66983e-25 
-3.7155e-16 8.72588e-06 -3.7155e-16 
2.66983e-25 -3.71549e-16 8.02856e-06 
6.68333e-06 -3.13113e-16 2.16215e-25 
-3.13114e-16 7.25359e-06 -3.13114e-16 
2.16215e-25 -3.13113e-16 6.68333e-06 
4.47628e-06 -2.47209e-16 2.94113e-25 
-2.47209e-16 4.7933e-06 -2.47209e-16 
2.94113e-25 -2.47209e-16 4.47628e-06 
5.28034e-06 -3.72783e-16 6.70568e-25 
-3.72783e-16 5.51644e-06 -3.72783e-16 
6.70568e-25 -3.72783e-16 5.28034e-06 
6.97056e-06 -5.04908e-16 9.40071e-25 
-5.04908e-16 7.25791e-06 -5.04908e-16 
9.40071e-25 -5.04908e-16 6.97056e-06 
7.13303e-06 -5.11931e-16 9.597e-25 
-5.11931e-16 7.42374e-06 -5.11931e-16 
9.597e-25 -5.11931e-16 7.13303e-06 
6.5723e-06 -4.58225e-16 8.73669e-25 
-4.58225e-16 6.83351e-06 -4.58225e-16 
8.73669e-25 -4.58225e-16 6.5723e-06 
5.718e-06 -3.65818e-16 7.34212e-25 
-3.65818e-16 5.92907e-06 -3.65818e-16 
7.34212e-25 -3.65818e-16 5.718e-06 
5.03593e-06 -2.49466e-16 5.89306e-25 
-2.49466e-16 5.18601e-06 -2.49466e-16 
5.89306e-25 -2.49466e-16 5.03593e-06 
5.35928e-06 -1.52757e-16 5.38275e-25 
-1.52757e-16 5.46347e-06 -1.52757e-16 
5.38275e-25 -1.52757e-16 5.35928e-06 
6.88726e-06 -1.16114e-16 6.28514e-25 
-1.16114e-16 6.98166e-06 -1.16114e-16 
6.28514e-25 -1.16114e-16 6.88726e-06 
8.48194e-06 -1.20123e-16 7.5599e-25 
-1.20123e-16 8.58693e-06 -1.20123e-16 
7.5599e-25 -1.20123e-16 8.48194e-06 
9.32661e-06 -1.28594e-16 8.28479e-25 
-1.28594e-16 9.44033e-06 -1.28594e-16 
8.28479e-25 -1.28594e-16 9.32661e-06 
9.56335e-06 -1.31485e-16 8.49105e-25 
-1.31485e-16 9.67976e-06 -1.31485e-16 
8.49105e-25 -1.31485e-16 9.56335e-06 
9.50024e-06 -1.30546e-16 8.43183e-25 
-1.30546e-16 9.61584e-06 -1.30546e-16 
8.43183e-25 -1.30546e-16 9.50024e-06 
9.2793e-06 -1.27401e-16 8.22858e-25 
-1.27401e-16 9.39211e-06 -1.27401e-16 
8.22858e-25 -1.27401e-16 9.2793e-06 
8.92513e-06 -1.22283e-16 7.89767e-25 
-1.22283e-16 9.03341e-06 -1.22283e-16 
7.89767e-25 -1.22283e-16 8.92513e-06 
8.41914e-06 -1.14762e-16 7.41103e-25 
-1.14762e-16 8.52075e-06 -1.14762e-16 
7.41103e-25 -1.14762e-16 8.41914e-06 
7.74434e-06 -1.04247e-16 6.73007e-25 
-1.04247e-16 7.83664e-06 -1.04247e-16 
6.73007e-25 -1.04247e-16 7.74434e-06 
6.92363e-06 -9.04029e-17 5.83216e-25 
-9.04029e-17 7.00365e-06 -9.04029e-17 
5.83216e-25 -9.04029e-17 6.92363e-06 
6.05863e-06 -7.36244e-17 4.7413e-25 
-7.36244e-17 6.12377e-06 -7.36244e-17 
4.7413e-25 -7.36244e-17 6.05863e-06 
5.3426e-06 -5.54072e-17 3.55244e-25 
-5.54072e-17 5.39156e-06 -5.54072e-17 
3.55244e-25 -5.54072e-17 5.3426e-06 
5.00093e-06 -3.81514e-17 2.41956e-25 
-3.81514e-17 5.03454e-06 -3.81514e-17 
2.41956e-25 -3.81514e-17 5.00093e-06 
5.16159e-06 -2.41685e-17 1.49278e-25 
-2.41685e-17 5.18271e-06 -2.41685e-17 
1.49278e-25 -2.41685e-17 5.16159e-06 
5.75948e-06 -1.45505e-17 8.45534e-26 
-1.45505e-17 5.77198e-06 -1.45505e-17 
8.45534e-26 -1.45505e-17 5.75948e-06 
6.57758e-06 -8.90721e-18 4.56397e-26 
-8.90721e-18 6.58499e-06 -8.90721e-18 
4.56397e-26 -8.90721e-18 6.57758e-06 
7.37917e-06 -6.04268e-18 2.51132e-26 
-6.04268e-18 7.38397e-06 -6.04268e-18 
2.51132e-26 -6.04268e-18 7.37917e-06 
8.00375e-06 -4.75751e-18 1.53754e-26 
-4.75751e-18 8.00735e-06 -4.75751e-18 
1.53754e-26 -4.75751e-18 8.00375e-06 
8.3778e-06 -4.21991e-18 1.10831e-26 
-4.21991e-18 8.38088e-06 -4.21989e-18 
1.10831e-26 -4.21989e-18 8.3778e-06 
8.47989e-06 -3.96249e-18 9.20035e-27 
-3.96249e-18 8.48274e-06 -3.96243e-18 
9.20035e-27 -3.96243e-18 8.47989e-06 
8.30778e-06 -3.75285e-18 8.21562e-27 
-3.75285e-18 8.31046e-06 -3.7527e-18 
8.21562e-27 -3.7527e-18 8.30778e-06 
7.86858e-06 -3.48184e-18 7.43375e-27 
-3.48184e-18 7.87106e-06 -3.48147e-18 
7.43375e-27 -3.48147e-18 7.86858e-06 
7.19527e-06 -3.10273e-18 6.55696e-27 
-3.10273e-18 7.19748e-06 -3.1019e-18 
6.55696e-27 -3.1019e-18 7.19527e-06 
6.38096e-06 -2.61072e-18 5.49305e-27 
-2.61072e-18 6.38282e-06 -2.60897e-18 
5.49305e-27 -2.60897e-18 6.38096e-06 
5.60288e-06 -2.04152e-18 4.28419e-27 
-2.04152e-18 5.60433e-06 -2.03812e-18 
4.28419e-27 -2.03812e-18 5.60288e-06 
5.0904e-06 -1.46553e-18 3.06545e-27 
-1.46553e-18 5.09144e-06 -1.45953e-18 
3.06545e-27 -1.45953e-18 5.0904e-06 
5.02042e-06 -9.61959e-19 1.99877e-27 
-9.61959e-19 5.0211e-06 -9.52426e-19 
1.99877e-27 -9.52426e-19 5.02042e-06 
5.41026e-06 -5.82715e-19 1.19244e-27 
-5.82715e-19 5.41066e-06 -5.69036e-19 
1.19244e-27 -5.69036e-19 5.41026e-06 
6.11227e-06 -3.34585e-19 6.61457e-28 
-3.34585e-19 6.1125e-06 -3.16663e-19 
6.61457e-28 -3.16663e-19 6.11227e-06 
6.91201e-06 -1.91096e-19 3.50992e-28 
-1.91096e-19 6.91213e-06 -1.69219e-19 
3.50992e-28 -1.69219e-19 6.91201e-06 
7.62937e-06 -1.16636e-19 1.85873e-28 
-1.16636e-19 7.62944e-06 -9.08937e-20 
1.85873e-28 -9.08937e-20 7.62937e-06 
8.15303e-06 -8.34179e-20 1.03964e-28 
-8.34179e-20 8.15307e-06 -5.20933e-20 
1.03964e-28 -5.20933e-20 8.15303e-06 
8.41988e-06 -7.89118e-20 6.50157e-29 
-7.89118e-20 8.41991e-06 -3.36475e-20 
6.50157e-29 -3.36475e-20 8.41988e-06 
8.38234e-06 -1.13398e-19 4.64333e-29 
-1.13398e-19 8.38236e-06 -2.47882e-20 
4.64333e-29 -2.47882e-20 8.38234e-06 
7.99749e-06 -2.40864e-19 3.65459e-29 
-2.40864e-19 7.99751e-06 -1.99402e-20 
3.65459e-29 -1.99402e-20 7.99749e-06 
7.26205e-06 -6.03196e-19 2.96362e-29 
-6.03196e-19 7.26207e-06 -1.63609e-20 
2.96362e-29 -1.63609e-20 7.26205e-06 
6.2964e-06 -1.47877e-18 2.32182e-29 
-1.47877e-18 6.29641e-06 -1.28653e-20 
2.32182e-29 -1.28653e-20 6.2964e-06 
5.40707e-06 -3.2421e-18 1.67864e-29 
-3.2421e-18 5.40707e-06 -9.25647e-21 
1.67864e-29 -9.25647e-21 5.40707e-06 
4.98073e-06 -6.12183e-18 1.09905e-29 
-6.12183e-18 4.98073e-06 -5.93484e-21 
1.09905e-29 -5.93484e-21 4.98073e-06 
5.20924e-06 -9.89535e-18 6.64477e-30 
-9.89535e-18 5.20924e-06 -3.38283e-21 
6.64477e-30 -3.38283e-21 5.20924e-06 
5.94635e-06 -1.39213e-17 3.96813e-30 
-1.39213e-17 5.94635e-06 -1.75215e-21 
3.96813e-30 -1.75215e-21 5.94635e-06 
6.87307e-06 -1.75452e-17 2.58936e-30 
-1.75452e-17 6.87307e-06 -8.59819e-22 
2.58936e-30 -8.59819e-22 6.87307e-06 
7.73394e-06 -2.04221e-17 1.98203e-30 
-2.04221e-17 7.73395e-06 -4.23737e-22 
1.98203e-30 -4.23737e-22 7.73394e-06 
8.41751e-06 -2.25216e-17 1.75365e-30 
-2.25216e-17 8.41752e-06 -2.25621e-22 
1.75365e-30 -2.25621e-22 8.41751e-06 
8.91314e-06 -2.39722e-17 1.68623e-30 
-2.39722e-17 8.91315e-06 -1.39276e-22 
1.68623e-30 -1.39276e-22 8.91314e-06 
9.23678e-06 -2.48955e-17 1.67533e-30 
-2.48955e-17 9.23679e-06 -1.02224e-22 
1.67533e-30 -1.02224e-22 9.23678e-06 
9.30399e-06 -2.51136e-17 1.65687e-30 
-2.51136e-17 9.304e-06 -8.51792e-23 
1.65687e-30 -8.51792e-23 9.30399e-06 
8.61637e-06 -2.37232e-17 1.51633e-30 
-2.37232e-17 8.61638e-06 -7.15109e-23 
1.51633e-30 -7.15109e-23 8.61637e-06 
6.53737e-06 -2.40044e-17 1.06903e-30 
-2.40044e-17 6.53737e-06 -4.85642e-23 
1.06903e-30 -4.85642e-23 6.53737e-06 
4.9765e-06 -4.46934e-17 4.72559e-31 
-4.46934e-17 4.97652e-06 -2.19753e-23 
4.72559e-31 -2.19753e-23 4.9765e-06 
5.63051e-06 -8.20987e-17 1.28874e-31 
-8.20987e-17 5.63054e-06 -7.82254e-24 
1.28874e-31 -7.82254e-24 5.63051e-06 
6.73106e-06 -1.09685e-16 5.69482e-33 
-1.09685e-16 6.7311e-06 -3.19247e-24 
5.69482e-33 -3.19247e-24 6.73106e-06 
7.31854e-06 -1.22196e-16 -3.15643e-32 
-1.22196e-16 7.31859e-06 -1.91038e-24 
-3.15643e-32 -1.91038e-24 7.31854e-06 
7.20236e-06 -1.20997e-16 -3.21739e-32 
-1.20997e-16 7.20241e-06 -1.81137e-24 
-3.21739e-32 -1.81137e-24 7.20236e-06 
5.31181e-06 -2.69557e-15 2.10553e-30 
-2.69557e-15 5.31284e-06 -1.10126e-24 
2.10553e-30 -1.10126e-24 5.31181e-06 
8.08392e-06 -4.67596e-15 3.66896e-30 
-4.67596e-15 8.08572e-06 -1.4689e-24 
3.66896e-30 -1.4689e-24 8.08392e-06 
