3,3,91
1e-05 -9.46504e-13 2.02611e-20 
-9.46505e-13 0.000336796 -9.46505e-13 
2.02611e-20 -9.46504e-13 1e-05 
1e-05 -9.46504e-13 2.02611e-20 
-9.46505e-13 0.000336796 -9.46505e-13 
2.02611e-20 -9.46504e-13 1e-05 
1e-05 -9.46504e-13 2.02611e-20 
-9.46505e-13 0.000336796 -9.46505e-13 
2.02611e-20 -9.46504e-13 1e-05 
1e-05 -9.46504e-13 2.02611e-20 
-9.46505e-13 0.000336796 -9.46505e-13 
2.02611e-20 -9.46504e-13 1e-05 
1e-05 -9.46504e-13 2.02611e-20 
-9.46505e-13 0.000336796 -9.46505e-13 
2.02611e-20 -9.46504e-13 1e-05 
9.99988e-06 -9.46493e-13 2.02609e-20 
-9.46494e-13 0.000336792 -9.46494e-13 
2.02609e-20 -9.46493e-13 9.99988e-06 
9.99165e-06 -9.45714e-13 2.02442e-20 
-9.45715e-13 0.000336515 -9.45715e-13 
2.02442e-20 -9.45714e-13 9.99165e-06 
9.70973e-06 -9.18831e-13 1.96686e-20 
-9.18831e-13 0.000326956 -9.18831e-13 
1.96686e-20 -9.18831e-13 9.70973e-06 
6.58855e-06 -5.79956e-13 1.2386e-20 
-5.79956e-13 0.000207933 -5.79956e-13 
1.2386e-20 -5.79956e-13 6.58855e-06 
6.06598e-06 -8.42245e-14 1.48111e-21 
-8.42245e-14 4.75556e-05 -8.42245e-14 
1.48111e-21 -8.42245e-14 6.06598e-06 
8.73692e-06 -2.98422e-14 1.15202e-22 
-2.9842e-14 3.92311e-05 -2.9842e-14 
1.15202e-22 -2.98422e-14 8.73692e-06 
9.4375e-06 -2.83535e-14 3.88009e-23 
-2.83533e-14 4.1135e-05 -2.83533e-14 
3.88009e-23 -2.83535e-14 9.4375e-06 
7.45836e-06 -2.1783e-14 2.48801e-23 
-2.17829e-14 3.19758e-05 -2.17829e-14 
2.48801e-23 -2.1783e-14 7.45836e-06 
7.09632e-06 -2.81115e-15 4.72139e-24 
-2.81114e-15 9.01378e-06 -2.81114e-15 
4.72139e-24 -2.81115e-15 7.09632e-06 
8.73897e-06 -2.85364e-15 5.07979e-24 
-2.85363e-15 1.03764e-05 -2.85363e-15 
5.07979e-24 -2.85364e-15 8.73897e-06 
5.89044e-06 -1.95508e-15 5.73638e-24 
-1.95507e-15 6.91164e-06 -1.95507e-15 
5.73638e-24 -1.95508e-15 5.89044e-06 
8.20236e-06 -3.00394e-15 2.79883e-23 
-3.00394e-15 8.92124e-06 -3.00394e-15 
2.79883e-23 -3.00394e-15 8.20236e-06 
9.97136e-06 -3.6567e-15 3.43728e-23 
-3.6567e-15 1.0833e-05 -3.6567e-15 
3.43728e-23 -3.6567e-15 9.97136e-06 
9.99481e-06 -3.6653e-15 3.44537e-23 
-3.6653e-15 1.08585e-05 -3.6653e-15 
3.44537e-23 -3.6653e-15 9.99481e-06 
9.9383e-06 -3.64454e-15 3.42585e-23 
-3.64454e-15 1.07971e-05 -3.64454e-15 
3.42585e-23 -3.64454e-15 9.9383e-06 
9.42864e-06 -3.45465e-15 3.24725e-23 
-3.45465e-15 1.02433e-05 -3.45465e-15 
3.24725e-23 -3.45465e-15 9.42864e-06 
6.92411e-06 -2.41347e-15 2.26419e-23 
-2.41347e-15 7.51635e-06 -2.41347e-15 
2.26419e-23 -2.41347e-15 6.92411e-06 
5.10704e-06 -6.71981e-16 5.89069e-24 
-6.7198e-16 5.49008e-06 -6.7198e-16 
5.89069e-24 -6.71981e-16 5.10704e-06 
7.52263e-06 -1.62832e-16 6.09465e-25 
-1.62831e-16 8.04668e-06 -1.62831e-16 
6.09465e-25 -1.62832e-16 7.52263e-06 
8.28612e-06 -1.22222e-16 1.05797e-25 
-1.22221e-16 8.85995e-06 -1.22221e-16 
1.05797e-25 -1.22222e-16 8.28612e-06 
6.45188e-06 -1.07338e-16 7.61499e-26 
-1.07337e-16 6.88997e-06 -1.07337e-16 
7.61499e-26 -1.07338e-16 6.45188e-06 
4.61724e-06 -1.93001e-16 2.37187e-25 
-1.93e-16 4.86578e-06 -1.93e-16 
2.37187e-25 -1.93001e-16 4.61724e-06 
6.85173e-06 -3.91932e-16 5.20911e-25 
-3.91932e-16 7.16087e-06 -3.91932e-16 
5.20911e-25 -3.91932e-16 6.85173e-06 
7.54369e-06 -4.34038e-16 5.84312e-25 
-4.34038e-16 7.87874e-06 -4.34038e-16 
5.84312e-25 -4.34038e-16 7.54369e-06 
6.61012e-06 -3.72344e-16 5.24731e-25 
-3.72344e-16 6.89357e-06 -3.72344e-16 
5.24731e-25 -3.72344e-16 6.61012e-06 
5.22596e-06 -2.6502e-16 4.60814e-25 
-2.6502e-16 5.41323e-06 -2.6502e-16 
4.60814e-25 -2.6502e-16 5.22596e-06 
5.42226e-06 -2.06631e-16 5.85105e-25 
-2.06631e-16 5.53083e-06 -2.06631e-16 
5.85105e-25 -2.06631e-16 5.42226e-06 
7.67932e-06 -2.53494e-16 8.89839e-25 
-2.53494e-16 7.784e-06 -2.53494e-16 
8.89839e-25 -2.53494e-16 7.67932e-06 
9.09789e-06 -2.9595e-16 1.0607e-24 
-2.9595e-16 9.21649e-06 -2.9595e-16 
1.0607e-24 -2.9595e-16 9.09789e-06 
9.29274e-06 -3.01889e-16 1.08298e-24 
-3.01889e-16 9.41356e-06 -3.01889e-16 
1.08298e-24 -3.01889e-16 9.29274e-06 
8.96825e-06 -2.90758e-16 1.04298e-24 
-2.90758e-16 9.08465e-06 -2.90758e-16 
1.04298e-24 -2.90758e-16 8.96825e-06 
8.33729e-06 -2.68589e-16 9.63177e-25 
-2.68589e-16 8.44494e-06 -2.68589e-16 
9.63177e-25 -2.68589e-16 8.33729e-06 
7.39737e-06 -2.33398e-16 8.36161e-25 
-2.33398e-16 7.49125e-06 -2.33398e-16 
8.36161e-25 -2.33398e-16 7.39737e-06 
6.23669e-06 -1.83703e-16 6.55904e-25 
-1.83703e-16 6.31152e-06 -1.83703e-16 
6.55904e-25 -1.83703e-16 6.23669e-06 
5.24813e-06 -1.25117e-16 4.4135e-25 
-1.25117e-16 5.30137e-06 -1.25117e-16 
4.4135e-25 -1.25117e-16 5.24813e-06 
5.04284e-06 -7.23519e-17 2.44439e-25 
-7.23519e-17 5.07818e-06 -7.23519e-17 
2.44439e-25 -7.23519e-17 5.04284e-06 
5.83839e-06 -3.88188e-17 1.14326e-25 
-3.88188e-17 5.86446e-06 -3.88188e-17 
1.14326e-25 -3.88188e-17 5.83839e-06 
7.11239e-06 -2.4541e-17 5.39051e-26 
-2.4541e-17 7.13662e-06 -2.4541e-17 
5.39051e-26 -2.4541e-17 7.11239e-06 
8.18557e-06 -2.07178e-17 3.37996e-26 
-2.07178e-17 8.21098e-06 -2.07178e-17 
3.37996e-26 -2.07178e-17 8.18557e-06 
8.7546e-06 -2.01701e-17 2.87086e-26 
-2.01701e-17 8.78111e-06 -2.01701e-17 
2.87086e-26 -2.01701e-17 8.7546e-06 
8.80492e-06 -1.98022e-17 2.71299e-26 
-1.98022e-17 8.83139e-06 -1.98022e-17 
2.71299e-26 -1.98022e-17 8.80492e-06 
8.38293e-06 -1.86594e-17 2.53459e-26 
-1.86594e-17 8.40797e-06 -1.86594e-17 
2.53459e-26 -1.86594e-17 8.38293e-06 
7.53791e-06 -1.64541e-17 2.23188e-26 
-1.64541e-17 7.56e-06 -1.64541e-17 
2.23188e-26 -1.64541e-17 7.53791e-06 
6.42117e-06 -1.31938e-17 1.79141e-26 
-1.31938e-17 6.43889e-06 -1.31938e-17 
1.79141e-26 -1.31938e-17 6.42117e-06 
5.40529e-06 -9.31028e-18 1.26962e-26 
-9.31028e-18 5.41779e-06 -9.31028e-18 
1.26962e-26 -9.31028e-18 5.40529e-06 
4.97107e-06 -5.64375e-18 7.80452e-27 
-5.64375e-18 4.97864e-06 -5.64375e-18 
7.80452e-27 -5.64375e-18 4.97107e-06 
5.30931e-06 -2.94009e-18 4.23965e-27 
-2.94008e-18 5.31325e-06 -2.94008e-18 
4.23965e-27 -2.94009e-18 5.30931e-06 
6.12117e-06 -1.36112e-18 2.19694e-27 
-1.36112e-18 6.12298e-06 -1.36112e-18 
2.19694e-27 -1.36112e-18 6.12117e-06 
6.90248e-06 -5.99401e-19 1.23598e-27 
-5.99401e-19 6.90326e-06 -5.99401e-19 
1.23598e-27 -5.99401e-19 6.90248e-06 
7.27893e-06 -2.77908e-19 8.31822e-28 
-2.77908e-19 7.27928e-06 -2.77908e-19 
8.31822e-28 -2.77908e-19 7.27893e-06 
7.09025e-06 -1.49845e-19 6.44216e-28 
-1.49845e-19 7.09043e-06 -1.49845e-19 
6.44216e-28 -1.49845e-19 7.09025e-06 
6.38537e-06 -9.45048e-20 5.10101e-28 
-9.45048e-20 6.38547e-06 -9.45046e-20 
5.10101e-28 -9.45047e-20 6.38537e-06 
5.47116e-06 -6.33393e-20 3.74449e-28 
-6.33393e-20 5.47123e-06 -6.33387e-20 
3.74449e-28 -6.33387e-20 5.47116e-06 
4.8631e-06 -4.16797e-20 2.41728e-28 
-4.16797e-20 4.86315e-06 -4.16767e-20 
2.41728e-28 -4.16767e-20 4.8631e-06 
4.92724e-06 -2.76035e-20 1.37228e-28 
-2.76035e-20 4.92727e-06 -2.75921e-20 
1.37228e-28 -2.75921e-20 4.92724e-06 
5.52251e-06 -2.05024e-20 7.35573e-29 
-2.05024e-20 5.52253e-06 -2.0464e-20 
7.35573e-29 -2.0464e-20 5.52251e-06 
6.15802e-06 -1.78197e-20 4.26308e-29 
-1.78197e-20 6.15803e-06 -1.77039e-20 
4.26308e-29 -1.77039e-20 6.15802e-06 
6.41942e-06 -1.66849e-20 2.93339e-29 
-1.66849e-20 6.41943e-06 -1.63652e-20 
2.93339e-29 -1.63652e-20 6.41942e-06 
6.17172e-06 -1.54338e-20 2.26699e-29 
-1.54338e-20 6.17173e-06 -1.46162e-20 
2.26699e-29 -1.46162e-20 6.17172e-06 
5.56597e-06 -1.37597e-20 1.74102e-29 
-1.37597e-20 5.56598e-06 -1.18371e-20 
1.74102e-29 -1.18371e-20 5.56597e-06 
5.0076e-06 -1.23796e-20 1.21621e-29 
-1.23796e-20 5.00761e-06 -8.32353e-21 
1.21621e-29 -8.32353e-21 5.0076e-06 
4.98713e-06 -1.23966e-20 7.48397e-30 
-1.23966e-20 4.98713e-06 -4.93824e-21 
7.48397e-30 -4.93824e-21 4.98713e-06 
5.69852e-06 -1.42559e-20 4.26972e-30 
-1.42559e-20 5.69852e-06 -2.48889e-21 
4.26972e-30 -2.48889e-21 5.69852e-06 
6.84047e-06 -1.72805e-20 2.65513e-30 
-1.72805e-20 6.84047e-06 -1.16025e-21 
2.65513e-30 -1.16025e-21 6.84047e-06 
7.92113e-06 -2.0772e-20 2.08268e-30 
-2.0772e-20 7.92113e-06 -6.08766e-22 
2.08268e-30 -6.08766e-22 7.92113e-06 
8.62768e-06 -2.65749e-20 1.94929e-30 
-2.65749e-20 8.62768e-06 -4.26606e-22 
1.94929e-30 -4.26606e-22 8.62768e-06 
8.85832e-06 -4.60224e-20 1.91171e-30 
-4.60224e-20 8.85832e-06 -3.71919e-22 
1.91171e-30 -3.71919e-22 8.85832e-06 
8.58184e-06 -1.24404e-19 1.8263e-30 
-1.24404e-19 8.58184e-06 -3.42909e-22 
1.8263e-30 -3.42909e-22 8.58184e-06 
7.77976e-06 -4.12351e-19 1.6367e-30 
-4.12351e-19 7.77977e-06 -3.0315e-22 
1.6367e-30 -3.0315e-22 7.77976e-06 
6.57123e-06 -1.29768e-18 1.33692e-30 
-1.29768e-18 6.57123e-06 -2.42296e-22 
1.33692e-30 -2.42296e-22 6.57123e-06 
5.42128e-06 -3.42999e-18 9.91971e-31 
-3.42999e-18 5.42128e-06 -1.67305e-22 
9.91971e-31 -1.67305e-22 5.42128e-06 
4.99978e-06 -7.23227e-18 7.23697e-31 
-7.23227e-18 4.99979e-06 -9.82859e-23 
7.23697e-31 -9.82859e-23 4.99978e-06 
5.54239e-06 -1.21591e-17 6.07684e-31 
-1.21591e-17 5.5424e-06 -5.19548e-23 
6.07684e-31 -5.19548e-23 5.54239e-06 
6.62614e-06 -1.69581e-17 6.12772e-31 
-1.69581e-17 6.62615e-06 -2.87934e-23 
6.12772e-31 -2.87934e-23 6.62614e-06 
7.70974e-06 -2.07288e-17 6.66132e-31 
-2.07288e-17 7.70975e-06 -1.97772e-23 
6.66132e-31 -1.97772e-23 7.70974e-06 
8.53628e-06 -2.33068e-17 7.20834e-31 
-2.33068e-17 8.53629e-06 -1.70016e-23 
7.20834e-31 -1.70016e-23 8.53628e-06 
9.08228e-06 -2.49196e-17 7.61212e-31 
-2.49196e-17 9.08229e-06 -1.64109e-23 
7.61212e-31 -1.64108e-23 9.08228e-06 
9.33612e-06 -2.56613e-17 7.80504e-31 
-2.56613e-17 9.33613e-06 -1.6296e-23 
7.80503e-31 -1.6296e-23 9.33612e-06 
8.80595e-06 -2.44783e-17 7.33605e-31 
-2.44783e-17 8.80596e-06 -1.5148e-23 
7.33605e-31 -1.5148e-23 8.80595e-06 
6.42788e-06 -2.37905e-17 4.91322e-31 
-2.37905e-17 6.42789e-06 -1.01988e-23 
4.91322e-31 -1.01988e-23 6.42788e-06 
4.97956e-06 -4.82511e-17 1.58902e-31 
-4.82511e-17 4.97958e-06 -3.817e-24 
1.58902e-31 -3.817e-24 4.97956e-06 
6.14423e-06 -8.57135e-17 1.47855e-33 
-8.57135e-17 6.14427e-06 -1.13576e-24 
1.47854e-33 -1.13576e-24 6.14423e-06 
7.1691e-06 -1.06212e-16 -4.43725e-32 
-1.06212e-16 7.16914e-06 -4.79108e-25 
-4.43725e-32 -4.79108e-25 7.1691e-06 
7.25434e-06 -1.08832e-16 -5.02794e-32 
-1.08832e-16 7.25438e-06 -3.77738e-25 
-5.02795e-32 -3.77738e-25 7.25434e-06 
5.41396e-06 -2.80515e-15 2.15758e-30 
-2.80515e-15 5.41504e-06 -8.82035e-25 
2.15758e-30 -8.82035e-25 5.41396e-06 
8.45804e-06 -4.95497e-15 3.82994e-30 
-4.95497e-15 8.45994e-06 -1.4678e-24 
3.82994e-30 -1.4678e-24 8.45804e-06 
