-1 0 0 1 2051 1 1928641016 1
-1 0 0 1 2051 1 1928641016 1
-1 3984 14432 4896 503 2917 -1039 1
-1 3984 14432 4896 503 2917 -1039 1
-1 3020 14720 6752 1012 2090 -705 1
-1 3020 14720 6752 1012 2090 -705 1
-1 3848 15724 5184 4285 318 814 1
-1 3848 15724 5184 4285 318 814 1
-1 5324 14068 4804 820 -3244 4547 1
-1 5324 14068 4804 820 -3244 4547 1
-1 5900 15932 5044 534 89 -1514 1
-1 5900 15932 5044 534 89 -1514 1
-1 4448 16468 7340 2652 -440 -2148 1
-1 4448 16468 7340 2652 -440 -2148 1
-1 4916 15372 5220 3161 -393 -1776 1
-1 4916 15372 5220 3161 -393 -1776 1
-1 5168 13892 3484 579 1469 -919 1
-1 5168 13892 3484 579 1469 -919 1
-1 4056 14352 4608 1653 -76 426 1
-1 4056 14352 4608 1653 -76 426 1
-1 4256 15040 4008 3814 1114 -1470 1
-1 4256 15040 4008 3814 1114 -1470 1
-1 2384 14740 1696 -277 -435 197 1
-1 2384 14740 1696 -277 -435 197 1
-1 4812 15692 4624 4933 2281 -1742 1
-1 4812 15692 4624 4933 2281 -1742 1
-1 3396 15236 3036 3671 861 -805 1
-1 3396 15236 3036 3671 861 -805 1
-1 2524 14812 1592 800 5803 -2299 1
-1 2524 14812 1592 800 5803 -2299 1
-1 5240 15612 4792 1939 3684 -2224 1
-1 5240 15612 4792 1939 3684 -2224 1
-1 3232 14528 -24 -1025 -2789 3236 1
-1 3232 14528 -24 -1025 -2789 3236 1
-1 4216 16004 4884 -3339 1468 838 1
-1 4216 16004 4884 -3339 1468 838 1
-1 3684 16336 4868 -220 2077 -2431 1
-1 3684 16336 4868 -220 2077 -2431 1
-1 3572 18604 2456 2120 -13971 -2119 1
-1 3572 18604 2456 2120 -13971 -2119 1
-1 -1340 17692 7592 855 16700 -18737 1
-1 -1340 17692 7592 855 16700 -18737 1
-1 -3772 14172 3556 2969 3823 3288 1
-1 -3772 14172 3556 2969 3823 3288 1
-1 1004 16784 4960 -3632 1422 6858 1
-1 1004 16784 4960 -3632 1422 6858 1
-1 1048 18428 6812 3239 -480 1815 1
-1 1048 18428 6812 3239 -480 1815 1
-1 -200 13160 1404 4198 4335 2693 1
-1 -200 13160 1404 4198 4335 2693 1
-1 1956 14352 5384 -8804 -1243 4506 1
-1 1956 14352 5384 -8804 -1243 4506 1
-1 3116 13816 6576 5822 1143 1706 1
-1 3116 13816 6576 5822 1143 1706 1
-1 2936 12812 1120 4824 554 2445 1
-1 2936 12812 1120 4824 554 2445 1
-1 5408 14624 428 -1374 897 3962 1
-1 5408 14624 428 -1374 897 3962 1
-1 5648 16428 3904 -3396 -2828 -2603 1
-1 5648 16428 3904 -3396 -2828 -2603 1
-1 2020 17772 4804 3196 625 -2179 1
-1 2020 17772 4804 3196 625 -2179 1
-1 1940 17192 2872 666 -489 1833 1
-1 1940 17192 2872 666 -489 1833 1
-1 3528 16036 1092 2761 4580 3392 1
-1 3528 16036 1092 2761 4580 3392 1
-1 4016 16548 1984 -3380 -2112 261 1
-1 4016 16548 1984 -3380 -2112 261 1
-1 2448 14932 3460 -2233 -2553 -839 1
-1 2448 14932 3460 -2233 -2553 -839 1
-1 2600 14412 3852 -543 948 1181 1
-1 2600 14412 3852 -543 948 1181 1
-1 5444 15468 2584 -1253 2508 950 1
-1 5444 15468 2584 -1253 2508 950 1
-1 4296 16016 6020 -4299 -3457 -3870 1
-1 4296 16016 6020 -4299 -3457 -3870 1
-1 1456 13892 7892 1579 -3803 -1883 1
-1 1456 13892 7892 1579 -3803 -1883 1
-1 1156 15244 6032 6048 1456 844 1
-1 1156 15244 6032 6048 1456 844 1
-1 1948 15564 1724 5419 233 1236 1
-1 1948 15564 1724 5419 233 1236 1
-1 1744 15212 1784 -567 -2382 -646 1
-1 1744 15212 1784 -567 -2382 -646 1
-1 1080 15160 2932 -771 -1478 -1048 1
-1 1080 15160 2932 -771 -1478 -1048 1
-1 760 15176 2912 1305 769 -47 1
-1 760 15176 2912 1305 769 -47 1
-1 2548 15176 2160 -272 2399 2355 1
-1 2548 15176 2160 -272 2399 2355 1
-1 5712 13396 4704 -3333 -905 -459 1
-1 5712 13396 4704 -3333 -905 -459 1
-1 3816 16092 6980 4839 -5140 -5842 1
-1 3816 16092 6980 4839 -5140 -5842 1
-1 1656 12948 2508 8264 -3996 -2136 1
-1 1656 12948 2508 8264 -3996 -2136 1
-1 3200 15608 400 3331 -8212 -1319 1
-1 3200 15608 400 3331 -8212 -1319 1
-1 2108 16848 -64 112 -7494 -4847 1
-1 2108 16848 -64 112 -7494 -4847 1
-1 232 15256 -3108 -2409 -3785 -1901 1
-1 232 15256 -3108 -2409 -3785 -1901 1
-1 2520 17244 1260 -16418 387 -1028 1
-1 2520 17244 1260 -16418 387 -1028 1
-1 2036 17048 10420 -9248 -1288 -4446 1
-1 2036 17048 10420 -9248 -1288 -4446 1
-1 516 19436 2788 13766 9285 741 1
-1 516 19436 2788 13766 9285 741 1
-1 2864 15284 324 -5833 2344 4728 1
-1 2864 15284 324 -5833 2344 4728 1
-1 5648 11196 3132 -868 8246 3064 1
-1 5648 11196 3132 -868 8246 3064 1
-1 2392 18480 14940 -16189 -13919 -11439 1
-1 2392 18480 14940 -16189 -13919 -11439 1
-1 -3748 17416 10228 16876 3791 -4131 1
-1 -3748 17416 10228 16876 3791 -4131 1
-1 -732 15480 2492 3428 6145 7714 1
-1 -732 15480 2492 3428 6145 7714 1
-1 3436 21684 5764 -3785 -464 1255 1
-1 3436 21684 5764 -3785 -464 1255 1
-1 -4872 15860 4816 13904 4358 4227 1
-1 -4872 15860 4816 13904 4358 4227 1
-1 2512 10092 -1520 3639 9146 12991 1
-1 2512 10092 -1520 3639 9146 12991 1
-1 6892 14812 2684 -91 -3867 2525 1
-1 6892 14812 2684 -91 -3867 2525 1
-1 788 8292 4176 -8986 8728 -7265 1
-1 788 8292 4176 -8986 8728 -7265 1
-1 3752 15004 -1548 -2483 1719 -6934 1
-1 3752 15004 -1548 -2483 1719 -6934 1
-1 2064 12192 11000 -13773 -3222 8635 1
-1 2064 12192 11000 -13773 -3222 8635 1
-1 5272 9256 548 2140 5689 3533 1
-1 5272 9256 548 2140 5689 3533 1
-1 3408 13996 7732 4404 8017 -3836 1
-1 3408 13996 7732 4404 8017 -3836 1
-1 8176 14204 1944 -2229 4193 2260 1
-1 8176 14204 1944 -2229 4193 2260 1
-1 6536 15484 7932 9536 -4581 4221 1
-1 6536 15484 7932 9536 -4581 4221 1
-1 1984 14300 -848 2164 -2601 -7022 1
-1 1984 14300 -848 2164 -2601 -7022 1
-1 1720 15336 1848 -1507 2153 -2846 1
-1 1720 15336 1848 -1507 2153 -2846 1
-1 2288 16408 5276 -166 2297 -2110 1
-1 2288 16408 5276 -166 2297 -2110 1
-1 1852 15336 3496 1078 -2941 1826 1
-1 1852 15336 3496 1078 -2941 1826 1
-1 3276 15472 3892 754 -1153 -511 1
-1 3276 15472 3892 754 -1153 -511 1
-1 2444 15860 3528 1900 246 1024 1
-1 2444 15860 3528 1900 246 1024 1
-1 2752 15308 1704 922 -1513 1342 1
-1 2752 15308 1704 922 -1513 1342 1
-1 2536 14992 2056 -19 1745 -876 1
-1 2536 14992 2056 -19 1745 -876 1
-1 2632 15580 3108 -6 1246 -886 1
-1 2632 15580 3108 -6 1246 -886 1
-1 4284 16228 2340 -489 492 -1509 1
-1 4284 16228 2340 -489 492 -1509 1
-1 2484 16388 2260 626 1024 22 1
-1 2484 16388 2260 626 1024 22 1
-1 1700 17572 3636 1011 10 457 1
-1 1700 17572 3636 1011 10 457 1
-1 2492 16648 2752 -267 777 -513 1
-1 2492 16648 2752 -267 777 -513 1
-1 3040 15672 1600 550 787 -853 1
-1 3040 15672 1600 550 787 -853 1
-1 3576 16760 2048 2080 -1112 1346 1
-1 3576 16760 2048 2080 -1112 1346 1
-1 2372 16256 3164 1634 458 -917 1
-1 2372 16256 3164 1634 458 -917 1
-1 4000 14084 360 -285 1032 -933 1
-1 4000 14084 360 -285 1032 -933 1
-1 3160 14820 716 485 -281 -464 1
-1 3160 14820 716 485 -281 -464 1
-1 2088 16012 1996 1234 -822 -51 1
-1 2088 16012 1996 1234 -822 -51 1
-1 2420 16528 1396 505 1484 -1356 1
-1 2420 16528 1396 505 1484 -1356 1
-1 2440 16328 2784 528 -54 -492 1
-1 2440 16328 2784 528 -54 -492 1
-1 2520 16120 1164 334 -698 -738 1
-1 2520 16120 1164 334 -698 -738 1
-1 2020 16652 2496 1051 30 203 1
-1 2020 16652 2496 1051 30 203 1
-1 2008 16596 3264 1428 -576 544 1
-1 2008 16596 3264 1428 -576 544 1
-1 3240 11372 -4092 -570 -144 838 1
-1 3240 11372 -4092 -570 -144 838 1
-1 2304 15156 2172 436 -693 327 1
-1 2304 15156 2172 436 -693 327 1
-1 3592 15280 2600 1389 -825 882 1
-1 3592 15280 2600 1389 -825 882 1
-1 -968 19732 6852 1860 1677 -454 1
-1 -968 19732 6852 1860 1677 -454 1
-1 1088 18076 4600 1124 521 -1987 1
-1 1088 18076 4600 1124 521 -1987 1
-1 436 15828 4164 779 -557 -250 1
-1 436 15828 4164 779 -557 -250 1
-1 1632 16492 2516 265 22 -261 1
-1 1632 16492 2516 265 22 -261 1
-1 -352 18308 2924 1445 -99 -152 1
-1 -352 18308 2924 1445 -99 -152 1
-1 3788 14124 -1236 -611 -362 -1258 1
-1 3788 14124 -1236 -611 -362 -1258 1
-1 4176 12740 -3136 -1508 2298 -2138 1
-1 4176 12740 -3136 -1508 2298 -2138 1
-1 836 17128 3084 691 -1244 102 1
-1 836 17128 3084 691 -1244 102 1
-1 -912 20372 5688 638 741 -40 1
-1 -912 20372 5688 638 741 -40 1
-1 -972 19096 6184 1795 -869 1314 1
-1 -972 19096 6184 1795 -869 1314 1
-1 3968 14580 812 -844 -54 -972 1
-1 3968 14580 812 -844 -54 -972 1
-1 -700 20108 5196 2640 -1365 1238 1
-1 -700 20108 5196 2640 -1365 1238 1
-1 3956 14380 424 -715 -977 414 1
-1 3956 14380 424 -715 -977 414 1
-1 3140 13664 -1652 14 -255 474 1
-1 3140 13664 -1652 14 -255 474 1
-1 1828 15340 1420 -469 -852 133 1
-1 1828 15340 1420 -469 -852 133 1
-1 780 15808 728 -761 982 -1221 1
-1 780 15808 728 -761 982 -1221 1
-1 2432 17444 2620 990 -1990 1452 1
-1 2432 17444 2620 990 -1990 1452 1
-1 3980 16228 3172 -760 1337 1819 1
-1 3980 16228 3172 -760 1337 1819 1
-1 3792 16340 1696 323 1388 -690 1
-1 3792 16340 1696 323 1388 -690 1
-1 3248 15864 -344 70 714 -526 1
-1 3248 15864 -344 70 714 -526 1
-1 3668 15364 376 170 558 -608 1
-1 3668 15364 376 170 558 -608 1
-1 5556 12820 -3560 -177 -70 145 1
-1 5556 12820 -3560 -177 -70 145 1
-1 4700 15424 -1972 964 3127 -944 1
-1 4700 15424 -1972 964 3127 -944 1
-1 2884 17612 1032 246 3272 -1582 1
-1 2884 17612 1032 246 3272 -1582 1
-1 4616 18384 3024 2590 -205 3066 1
-1 4616 18384 3024 2590 -205 3066 1
-1 3668 23272 5628 3163 -1749 7696 1
-1 3668 23272 5628 3163 -1749 7696 1
-1 6364 21528 2272 4693 -801 9915 1
-1 6364 21528 2272 4693 -801 9915 1
-1 6828 19624 -1152 3964 -3102 18316 1
-1 6828 19624 -1152 3964 -3102 18316 1
-1 4080 16920 -4996 2530 -3806 23384 1
-1 4080 16920 -4996 2530 -3806 23384 1
-1 11088 11064 -4908 -2623 498 20886 1
-1 11088 11064 -4908 -2623 498 20886 1
-1 10208 9704 -1488 442 -4360 21910 1
-1 10208 9704 -1488 442 -4360 21910 1
-1 10748 8532 -344 -819 -4490 20171 1
-1 10748 8532 -344 -819 -4490 20171 1
-1 11416 7200 -1224 -914 158 12698 1
-1 11416 7200 -1224 -914 158 12698 1
-1 12964 6252 -2148 261 -856 9903 1
-1 12964 6252 -2148 261 -856 9903 1
-1 13036 6376 -1140 298 -834 9171 1
-1 13036 6376 -1140 298 -834 9171 1
-1 14296 4288 -2040 113 773 10231 1
-1 14296 4288 -2040 113 773 10231 1
-1 11576 2596 -4324 -1004 303 9807 1
-1 11576 2596 -4324 -1004 303 9807 1
-1 19796 2288 1060 1640 2195 4632 1
-1 19796 2288 1060 1640 2195 4632 1
-1 13448 3388 -1708 -2544 -148 7836 1
-1 13448 3388 -1708 -2544 -148 7836 1
-1 17100 1020 -3368 871 -1084 4343 1
-1 17100 1020 -3368 871 -1084 4343 1
-1 18472 -852 -1248 -1365 -2683 4059 1
-1 18472 -852 -1248 -1365 -2683 4059 1
-1 18052 120 -1548 -524 1597 -389 1
-1 18052 120 -1548 -524 1597 -389 1
-1 17364 -1028 -3468 1011 -3146 2749 1
-1 17364 -1028 -3468 1011 -3146 2749 1
-1 15368 3300 1292 1947 966 -884 1
-1 15368 3300 1292 1947 966 -884 1
-1 17896 308 -2440 787 -1018 -1157 1
-1 17896 308 -2440 787 -1018 -1157 1
-1 17476 3744 -304 233 -487 -766 1
-1 17476 3744 -304 233 -487 -766 1
-1 18576 -776 -4320 507 1124 -3251 1
-1 18576 -776 -4320 507 1124 -3251 1
-1 17748 1388 -2840 708 -2580 2003 1
-1 17748 1388 -2840 708 -2580 2003 1
-1 18704 -68 -3072 167 -175 -1222 1
-1 18704 -68 -3072 167 -175 -1222 1
-1 21108 -1944 -7672 -1398 664 -2788 1
-1 21108 -1944 -7672 -1398 664 -2788 1
-1 19424 -1640 -6340 77 107 -4334 1
-1 19424 -1640 -6340 77 107 -4334 1
-1 15512 1196 -2572 -1313 -777 -4850 1
-1 15512 1196 -2572 -1313 -777 -4850 1
-1 17892 800 -5620 -1878 2764 -6856 1
-1 17892 800 -5620 -1878 2764 -6856 1
-1 17432 4168 -3696 -1131 1538 -7807 1
-1 17432 4168 -3696 -1131 1538 -7807 1
-1 16228 4216 88 -48 1420 -7618 1
-1 16228 4216 88 -48 1420 -7618 1
-1 14568 8640 -364 1127 550 -7346 1
-1 14568 8640 -364 1127 550 -7346 1
-1 16460 5864 -1996 -1432 52 -7164 1
-1 16460 5864 -1996 -1432 52 -7164 1
-1 15128 7524 -2172 -188 -973 -6275 1
-1 15128 7524 -2172 -188 -973 -6275 1
-1 14944 7700 0 -2875 919 -7614 1
-1 14944 7700 0 -2875 919 -7614 1
-1 14184 7196 -3036 -2023 2214 -7733 1
-1 14184 7196 -3036 -2023 2214 -7733 1
-1 15976 4688 -1768 1224 -2628 -2583 1
-1 15976 4688 -1768 1224 -2628 -2583 1
-1 13728 7508 -4140 -1378 1307 -5120 1
-1 13728 7508 -4140 -1378 1307 -5120 1
-1 11792 12016 2344 -369 1251 -7153 1
-1 11792 12016 2344 -369 1251 -7153 1
-1 11788 13100 2960 394 949 -8528 1
-1 11788 13100 2960 394 949 -8528 1
-1 11024 12608 -376 -721 3264 -10294 1
-1 11024 12608 -376 -721 3264 -10294 1
-1 8484 13464 -2032 -2520 2045 -11890 1
-1 8484 13464 -2032 -2520 2045 -11890 1
-1 7652 14080 -1120 -1177 2348 -10737 1
-1 7652 14080 -1120 -1177 2348 -10737 1
-1 2912 16668 2696 -2029 5760 -12884 1
-1 2912 16668 2696 -2029 5760 -12884 1
-1 6596 15980 1972 1115 -340 -4756 1
-1 6596 15980 1972 1115 -340 -4756 1
-1 2468 17564 7256 1056 4486 -8287 1
-1 2468 17564 7256 1056 4486 -8287 1
-1 3548 15504 976 -2002 5765 -14443 1
-1 3548 15504 976 -2002 5765 -14443 1
-1 3284 15708 2228 380 1115 -6597 1
-1 3284 15708 2228 380 1115 -6597 1
-1 380 16292 3272 -302 5238 -8433 1
-1 380 16292 3272 -302 5238 -8433 1
-1 540 15976 2028 -384 -2027 -3538 1
-1 540 15976 2028 -384 -2027 -3538 1
-1 -188 15848 1556 -1620 6428 -10587 1
-1 -188 15848 1556 -1620 6428 -10587 1
-1 348 15544 1856 -316 3195 -10250 1
-1 348 15544 1856 -316 3195 -10250 1
-1 -4992 16796 388 -782 2809 -4833 1
-1 -4992 16796 388 -782 2809 -4833 1
-1 -2452 16068 2884 1671 -4383 -1798 1
-1 -2452 16068 2884 1671 -4383 -1798 1
-1 -884 15096 2428 1309 -1833 -1171 1
-1 -884 15096 2428 1309 -1833 -1171 1
-1 -4508 14680 536 -2531 1064 -6794 1
-1 -4508 14680 536 -2531 1064 -6794 1
-1 -4344 15140 3592 1706 2063 -1905 1
-1 -4344 15140 3592 1706 2063 -1905 1
-1 -5940 14976 3940 -1448 4339 -7506 1
-1 -5940 14976 3940 -1448 4339 -7506 1
-1 -4820 14292 2840 397 -2513 698 1
-1 -4820 14292 2840 397 -2513 698 1
-1 -6208 16264 6156 652 1869 -3140 1
-1 -6208 16264 6156 652 1869 -3140 1
-1 -7392 16684 5800 2326 -127 -2355 1
-1 -7392 16684 5800 2326 -127 -2355 1
-1 -2708 15464 3652 2049 -1673 1566 1
-1 -2708 15464 3652 2049 -1673 1566 1
-1 -8668 11220 -2528 -1991 1867 -4353 1
-1 -8668 11220 -2528 -1991 1867 -4353 1
-1 -5848 10580 -2120 -2365 334 -4249 1
-1 -5848 10580 -2120 -2365 334 -4249 1
-1 -7728 11736 1128 -2693 731 -3012 1
-1 -7728 11736 1128 -2693 731 -3012 1
-1 -4572 16664 3144 214 -2621 1794 1
-1 -4572 16664 3144 214 -2621 1794 1
-1 -4232 15792 1244 11508 -4142 16184 1
-1 -4232 15792 1244 11508 -4142 16184 1
-1 -3868 19460 1704 9920 3286 25147 1
-1 -3868 19460 1704 9920 3286 25147 1
-1 2972 11560 -8636 3534 -566 32767 1
-1 2972 11560 -8636 3534 -566 32767 1
-1 6312 13332 2500 6180 5237 32767 1
-1 6312 13332 2500 6180 5237 32767 1
-1 10988 10296 -4612 -4392 4166 32767 1
-1 10988 10296 -4612 -4392 4166 32767 1
-1 17912 3140 -8672 -8468 5547 19862 1
-1 17912 3140 -8672 -8468 5547 19862 1
-1 16732 9580 2996 -8600 1100 17295 1
-1 16732 9580 2996 -8600 1100 17295 1
-1 15172 3872 -2336 -10585 -5968 18944 1
-1 15172 3872 -2336 -10585 -5968 18944 1
-1 18812 4876 1196 -374 -1711 8728 1
-1 18812 4876 1196 -374 -1711 8728 1
-1 14504 5940 1736 -329 -772 9010 1
-1 14504 5940 1736 -329 -772 9010 1
-1 20476 -1904 -2440 444 -1462 4475 1
-1 20476 -1904 -2440 444 -1462 4475 1
-1 17248 1748 -260 2714 -3916 -257 1
-1 17248 1748 -260 2714 -3916 -257 1
-1 16380 -396 -3444 1394 -8132 8503 1
-1 16380 -396 -3444 1394 -8132 8503 1
-1 18448 -524 -2112 312 1523 -5201 1
-1 18448 -524 -2112 312 1523 -5201 1
-1 19064 -464 676 2347 411 -3237 1
-1 19064 -464 676 2347 411 -3237 1
-1 18192 256 -5864 -2179 -334 -3440 1
-1 18192 256 -5864 -2179 -334 -3440 1
-1 20216 -4320 -6796 -3430 5632 -7127 1
-1 20216 -4320 -6796 -3430 5632 -7127 1
-1 17368 2444 -5656 -1444 1886 -8585 1
-1 17368 2444 -5656 -1444 1886 -8585 1
-1 16528 7960 -924 -1427 -1753 -6278 1
-1 16528 7960 -924 -1427 -1753 -6278 1
-1 16308 4344 -264 -828 -1969 -5931 1
-1 16308 4344 -264 -828 -1969 -5931 1
-1 18600 156 -7640 -2705 -479 -5184 1
-1 18600 156 -7640 -2705 -479 -5184 1
-1 16932 844 -11212 -1618 4086 -8979 1
-1 16932 844 -11212 -1618 4086 -8979 1
-1 12592 9820 4216 992 2155 -7508 1
-1 12592 9820 4216 992 2155 -7508 1
-1 17100 8160 -3200 -398 4665 -12333 1
-1 17100 8160 -3200 -398 4665 -12333 1
-1 16764 4564 -7844 -2986 5269 -15665 1
-1 16764 4564 -7844 -2986 5269 -15665 1
-1 11208 16352 3368 -39 -4443 -4388 1
-1 11208 16352 3368 -39 -4443 -4388 1
-1 13512 6536 -3616 -4660 2287 -14349 1
-1 13512 6536 -3616 -4660 2287 -14349 1
-1 13356 8712 -2644 394 1898 -8330 1
-1 13356 8712 -2644 394 1898 -8330 1
-1 11556 13184 -1808 1569 2636 -12108 1
-1 11556 13184 -1808 1569 2636 -12108 1
-1 9800 15144 1296 -1325 2476 -8871 1
-1 9800 15144 1296 -1325 2476 -8871 1
-1 8284 13848 3324 -1806 2714 -12762 1
-1 8284 13848 3324 -1806 2714 -12762 1
-1 6172 17572 3004 -495 785 -8183 1
-1 6172 17572 3004 -495 785 -8183 1
-1 6144 15876 3416 702 1464 -9996 1
-1 6144 15876 3416 702 1464 -9996 1
-1 6420 18496 3588 2770 1020 -7419 1
-1 6420 18496 3588 2770 1020 -7419 1
-1 7120 14688 1276 1695 2273 -9297 1
-1 7120 14688 1276 1695 2273 -9297 1
-1 2152 14824 2076 -427 1947 -7796 1
-1 2152 14824 2076 -427 1947 -7796 1
-1 5760 11196 -2396 -500 -871 -5711 1
-1 5760 11196 -2396 -500 -871 -5711 1
-1 2572 16732 -972 693 2588 -6078 1
-1 2572 16732 -972 693 2588 -6078 1
-1 1740 20260 10200 3974 1397 -4379 1
-1 1740 20260 10200 3974 1397 -4379 1
-1 288 15884 -2316 244 1653 -3888 1
-1 288 15884 -2316 244 1653 -3888 1
-1 1336 12168 -4052 -6597 8113 -15980 1
-1 1336 12168 -4052 -6597 8113 -15980 1
-1 448 14672 2008 -3446 3023 -9311 1
-1 448 14672 2008 -3446 3023 -9311 1
-1 -3172 15724 2212 -2468 2335 -9456 1
-1 -3172 15724 2212 -2468 2335 -9456 1
-1 -3336 16424 2660 -1361 2046 -9533 1
-1 -3336 16424 2660 -1361 2046 -9533 1
-1 -4336 15832 3456 -3371 2449 -9905 1
-1 -4336 15832 3456 -3371 2449 -9905 1
-1 -6800 14832 2752 1398 -1111 -2543 1
-1 -6800 14832 2752 1398 -1111 -2543 1
-1 -6760 15140 5156 529 6236 -9161 1
-1 -6760 15140 5156 529 6236 -9161 1
-1 -7268 13988 2972 183 1842 -3517 1
-1 -7268 13988 2972 183 1842 -3517 1
-1 -8408 13632 2948 305 1415 -4954 1
-1 -8408 13632 2948 305 1415 -4954 1
-1 -7780 13444 3256 803 2594 -3710 1
-1 -7780 13444 3256 803 2594 -3710 1
-1 -8616 13192 1956 -2677 1657 -5616 1
-1 -8616 13192 1956 -2677 1657 -5616 1
-1 -9756 10776 -1348 1512 -1737 1291 1
-1 -9756 10776 -1348 1512 -1737 1291 1
-1 -9776 12072 408 -1656 570 -661 1
-1 -9776 12072 408 -1656 570 -661 1
-1 -10300 12056 900 674 -23 -281 1
-1 -10300 12056 900 674 -23 -281 1
-1 -9488 13376 3488 2214 -2485 4735 1
-1 -9488 13376 3488 2214 -2485 4735 1
-1 -6892 14472 400 2322 -5860 7650 1
-1 -6892 14472 400 2322 -5860 7650 1
-1 -6016 14616 2668 11182 -6441 18501 1
-1 -6016 14616 2668 11182 -6441 18501 1
-1 -7108 15748 1528 3425 2564 9094 1
-1 -7108 15748 1528 3425 2564 9094 1
-1 -3480 12168 -4016 5742 -1501 13814 1
-1 -3480 12168 -4016 5742 -1501 13814 1
-1 -6280 18880 1652 4265 -3351 14838 1
-1 -6280 18880 1652 4265 -3351 14838 1
-1 -388 15436 -324 4097 -196 11659 1
-1 -388 15436 -324 4097 -196 11659 1
-1 -344 16484 -1148 2021 -4225 13158 1
-1 -344 16484 -1148 2021 -4225 13158 1
-1 2528 15928 -1120 1182 -5003 9604 1
-1 2528 15928 -1120 1182 -5003 9604 1
-1 1456 18372 -792 79 -86 4947 1
-1 1456 18372 -792 79 -86 4947 1
-1 2476 18304 -1052 1265 -1236 4324 1
-1 2476 18304 -1052 1265 -1236 4324 1
-1 -976 22732 -1500 2060 -1994 5034 1
-1 -976 22732 -1500 2060 -1994 5034 1
-1 3212 16356 -1036 -2869 1222 -2111 1
-1 3212 16356 -1036 -2869 1222 -2111 1
-1 -800 18004 852 919 533 845 1
-1 -800 18004 852 919 533 845 1
-1 3172 16444 -560 -323 194 -2393 1
-1 3172 16444 -560 -323 194 -2393 1
-1 3108 16308 -1012 225 -803 -333 1
-1 3108 16308 -1012 225 -803 -333 1
-1 12124 9712 -2760 -408 -534 15 1
-1 12124 9712 -2760 -408 -534 15 1
-1 2336 16408 -1108 -939 -1144 -555 1
-1 2336 16408 -1108 -939 -1144 -555 1
-1 3152 16276 -620 1474 1628 -850 1
-1 3152 16276 -620 1474 1628 -850 1
