-1 5348 14912 2240 6020 -7643 5115 1
-1 5348 14912 2240 6020 -7643 5115 1
-1 5456 14840 2888 6130 -3507 2527 1
-1 5456 14840 2888 6130 -3507 2527 1
-1 5764 14528 -1164 5680 -6430 787 1
-1 5764 14528 -1164 5680 -6430 787 1
-1 4176 16072 2460 4233 -2746 -161 1
-1 4176 16072 2460 4233 -2746 -161 1
-1 5212 13292 -3500 899 3456 -3846 1
-1 5212 13292 -3500 899 3456 -3846 1
-1 7020 14196 -168 4893 -1778 -2029 1
-1 7020 14196 -168 4893 -1778 -2029 1
-1 2672 15540 -840 5774 151 -2134 1
-1 2672 15540 -840 5774 151 -2134 1
-1 848 15932 -1928 2401 -1078 901 1
-1 848 15932 -1928 2401 -1078 901 1
-1 3844 16096 -2348 1465 2416 872 1
-1 3844 16096 -2348 1465 2416 872 1
-1 4044 16656 248 -3379 -1023 2073 1
-1 4044 16656 248 -3379 -1023 2073 1
-1 5512 15984 -104 -3321 1091 -2790 1
-1 5512 15984 -104 -3321 1091 -2790 1
-1 6768 15332 1092 -4893 -1194 -354 1
-1 6768 15332 1092 -4893 -1194 -354 1
-1 5344 16548 1792 -554 2038 -2943 1
-1 5344 16548 1792 -554 2038 -2943 1
-1 4708 13516 -1776 -5250 8351 -5411 1
-1 4708 13516 -1776 -5250 8351 -5411 1
-1 3944 14844 1316 -4156 -1218 2040 1
-1 3944 14844 1316 -4156 -1218 2040 1
-1 3708 16376 6432 -392 2445 -2343 1
-1 3708 16376 6432 -392 2445 -2343 1
-1 1864 15368 2104 -544 148 -1174 1
-1 1864 15368 2104 -544 148 -1174 1
-1 464 15772 3056 2309 -8 -794 1
-1 464 15772 3056 2309 -8 -794 1
-1 1576 16396 4324 1282 204 2024 1
-1 1576 16396 4324 1282 204 2024 1
-1 4440 14728 228 2995 3093 92 1
-1 4440 14728 228 2995 3093 92 1
-1 3336 15612 2060 1568 864 564 1
-1 3336 15612 2060 1568 864 564 1
-1 4000 14788 2984 481 -1217 1567 1
-1 4000 14788 2984 481 -1217 1567 1
-1 2308 15776 2624 -534 6828 -4638 1
-1 2308 15776 2624 -534 6828 -4638 1
-1 2608 15308 2584 802 1395 588 1
-1 2608 15308 2584 802 1395 588 1
-1 2240 15860 2280 656 2031 -1336 1
-1 2240 15860 2280 656 2031 -1336 1
-1 2560 15896 2692 815 1053 -399 1
-1 2560 15896 2692 815 1053 -399 1
-1 1968 16996 4868 -277 467 1445 1
-1 1968 16996 4868 -277 467 1445 1
-1 1224 16052 1780 1470 856 977 1
-1 1224 16052 1780 1470 856 977 1
-1 3112 15256 2208 869 2787 -101 1
-1 3112 15256 2208 869 2787 -101 1
-1 3036 15048 2012 -340 43 284 1
-1 3036 15048 2012 -340 43 284 1
-1 2468 16056 2424 1206 3082 -1297 1
-1 2468 16056 2424 1206 3082 -1297 1
-1 -48 17104 4300 -3564 307 -863 1
-1 -48 17104 4300 -3564 307 -863 1
-1 3064 13960 1156 2248 -3918 3620 1
-1 3064 13960 1156 2248 -3918 3620 1
-1 2916 15756 1996 -1497 -461 1111 1
-1 2916 15756 1996 -1497 -461 1111 1
-1 924 16808 3580 1941 634 -447 1
-1 924 16808 3580 1941 634 -447 1
-1 2860 16116 3820 -1683 -2839 2601 1
-1 2860 16116 3820 -1683 -2839 2601 1
-1 3316 15632 1944 -1169 -3725 -1054 1
-1 3316 15632 1944 -1169 -3725 -1054 1
-1 4236 16408 2856 1688 -4774 -1211 1
-1 4236 16408 2856 1688 -4774 -1211 1
-1 2860 15756 2360 1365 3825 -7571 1
-1 2860 15756 2360 1365 3825 -7571 1
-1 1824 16320 2888 1493 -2273 2510 1
-1 1824 16320 2888 1493 -2273 2510 1
-1 3532 15312 1792 79 2862 -2002 1
-1 3532 15312 1792 79 2862 -2002 1
-1 960 16212 2076 1285 -1327 -70 1
-1 960 16212 2076 1285 -1327 -70 1
-1 2512 16912 2348 -89 -3304 141 1
-1 2512 16912 2348 -89 -3304 141 1
-1 2340 16004 1568 2051 3449 -2390 1
-1 2340 16004 1568 2051 3449 -2390 1
-1 2164 15696 1808 -96 -2295 1636 1
-1 2164 15696 1808 -96 -2295 1636 1
-1 1668 16140 2244 685 -195 1049 1
-1 1668 16140 2244 685 -195 1049 1
-1 2912 16196 3280 404 2550 -1791 1
-1 2912 16196 3280 404 2550 -1791 1
-1 1904 15100 660 -838 2584 -1994 1
-1 1904 15100 660 -838 2584 -1994 1
-1 1076 16352 2236 310 -2066 1335 1
-1 1076 16352 2236 310 -2066 1335 1
-1 2636 15852 1320 -693 32 47 1
-1 2636 15852 1320 -693 32 47 1
-1 2220 16000 2416 112 -1340 771 1
-1 2220 16000 2416 112 -1340 771 1
-1 2256 15812 1780 387 271 -468 1
-1 2256 15812 1780 387 271 -468 1
-1 1720 15940 1992 142 258 -404 1
-1 1720 15940 1992 142 258 -404 1
-1 2588 15928 2088 -67 -1005 498 1
-1 2588 15928 2088 -67 -1005 498 1
-1 1836 15908 1812 31 1159 -891 1
-1 1836 15908 1812 31 1159 -891 1
-1 2424 15972 1704 108 -1171 -980 1
-1 2424 15972 1704 108 -1171 -980 1
-1 1984 15824 2224 173 -34 -151 1
-1 1984 15824 2224 173 -34 -151 1
-1 4792 16840 3612 307 1611 -914 1
-1 4792 16840 3612 307 1611 -914 1
-1 1524 15808 2244 746 -128 220 1
-1 1524 15808 2244 746 -128 220 1
-1 2100 16004 1952 809 -241 644 1
-1 2100 16004 1952 809 -241 644 1
-1 2044 16084 2284 292 -197 212 1
-1 2044 16084 2284 292 -197 212 1
-1 2192 16144 2320 467 -775 684 1
-1 2192 16144 2320 467 -775 684 1
-1 1944 15636 1688 592 -660 344 1
-1 1944 15636 1688 592 -660 344 1
-1 2384 15856 2256 941 105 289 1
-1 2384 15856 2256 941 105 289 1
-1 2152 16048 1972 489 -76 173 1
-1 2152 16048 1972 489 -76 173 1
-1 2480 16548 2920 80 -386 -430 1
-1 2480 16548 2920 80 -386 -430 1
-1 1936 15940 2304 -433 285 -995 1
-1 1936 15940 2304 -433 285 -995 1
-1 2328 14060 1540 547 -293 314 1
-1 2328 14060 1540 547 -293 314 1
-1 1748 16596 3108 2223 -933 1281 1
-1 1748 16596 3108 2223 -933 1281 1
-1 1248 17428 3408 1826 -825 200 1
-1 1248 17428 3408 1826 -825 200 1
-1 804 17300 5252 3737 -973 1236 1
-1 804 17300 5252 3737 -973 1236 1
-1 3276 17828 1592 2712 -362 1612 1
-1 3276 17828 1592 2712 -362 1612 1
-1 2184 18112 3608 565 1320 -1289 1
-1 2184 18112 3608 565 1320 -1289 1
-1 2288 14952 -804 265 1364 -715 1
-1 2288 14952 -804 265 1364 -715 1
-1 2084 16724 1088 2437 -123 296 1
-1 2084 16724 1088 2437 -123 296 1
-1 3332 16124 184 1438 -272 -422 1
-1 3332 16124 184 1438 -272 -422 1
-1 2280 17072 2452 1686 782 212 1
-1 2280 17072 2452 1686 782 212 1
-1 3300 15340 -2164 917 1085 -523 1
-1 3300 15340 -2164 917 1085 -523 1
-1 1252 16544 1384 1098 3541 -706 1
-1 1252 16544 1384 1098 3541 -706 1
-1 2620 16440 396 677 1397 -1707 1
-1 2620 16440 396 677 1397 -1707 1
-1 2212 15200 452 148 -1669 1194 1
-1 2212 15200 452 148 -1669 1194 1
-1 1912 15596 -216 765 -1014 524 1
-1 1912 15596 -216 765 -1014 524 1
-1 2092 14960 -2112 -2000 2923 -2574 1
-1 2092 14960 -2112 -2000 2923 -2574 1
-1 1276 15188 588 582 -2422 2301 1
-1 1276 15188 588 582 -2422 2301 1
-1 5144 13324 -2828 -967 -538 -770 1
-1 5144 13324 -2828 -967 -538 -770 1
-1 -1164 18512 7492 2140 1795 -1373 1
-1 -1164 18512 7492 2140 1795 -1373 1
-1 1460 17416 2304 640 -464 -197 1
-1 1460 17416 2304 640 -464 -197 1
-1 3460 14500 -1152 -169 -659 299 1
-1 3460 14500 -1152 -169 -659 299 1
-1 1844 17228 892 416 445 -897 1
-1 1844 17228 892 416 445 -897 1
-1 2972 13768 -1896 -1262 30 -923 1
-1 2972 13768 -1896 -1262 30 -923 1
-1 3924 11920 -3648 -818 500 -1731 1
-1 3924 11920 -3648 -818 500 -1731 1
-1 1968 15580 -280 513 -751 8 1
-1 1968 15580 -280 513 -751 8 1
-1 1880 17900 2076 75 284 222 1
-1 1880 17900 2076 75 284 222 1
-1 2200 15660 -144 1081 -198 885 1
-1 2200 15660 -144 1081 -198 885 1
-1 3316 13824 -2832 -1514 1084 -1773 1
-1 3316 13824 -2832 -1514 1084 -1773 1
-1 676 15800 2144 961 -839 946 1
-1 676 15800 2144 961 -839 946 1
-1 2812 17156 660 1056 353 -688 1
-1 2812 17156 660 1056 353 -688 1
-1 2624 15876 548 710 -704 547 1
-1 2624 15876 548 710 -704 547 1
-1 2664 14744 -1824 -822 296 219 1
-1 2664 14744 -1824 -822 296 219 1
-1 124 20000 5160 3074 -594 1544 1
-1 124 20000 5160 3074 -594 1544 1
-1 3236 16600 -804 753 289 -149 1
-1 3236 16600 -804 753 289 -149 1
-1 128 15404 -2072 -432 1456 -130 1
-1 128 15404 -2072 -432 1456 -130 1
-1 3396 17540 744 596 569 -169 1
-1 3396 17540 744 596 569 -169 1
-1 1156 18076 3880 2777 75 -567 1
-1 1156 18076 3880 2777 75 -567 1
-1 1736 19644 6764 900 -41 -542 1
-1 1736 19644 6764 900 -41 -542 1
-1 1840 12864 -1820 11 -68 -872 1
-1 1840 12864 -1820 11 -68 -872 1
-1 2124 16868 -344 -949 465 -1089 1
-1 2124 16868 -344 -949 465 -1089 1
-1 388 14444 440 -1287 492 -2381 1
-1 388 14444 440 -1287 492 -2381 1
-1 932 10204 -7352 -6340 3242 -2954 1
-1 932 10204 -7352 -6340 3242 -2954 1
-1 1712 15672 584 -1178 270 -2217 1
-1 1712 15672 584 -1178 270 -2217 1
-1 1552 15116 1872 8 -566 68 1
-1 1552 15116 1872 8 -566 68 1
-1 1364 11700 -3608 -4113 1453 -729 1
-1 1364 11700 -3608 -4113 1453 -729 1
-1 -160 21108 5748 4335 -1246 -1362 1
-1 -160 21108 5748 4335 -1246 -1362 1
-1 516 19908 5396 4566 -1924 2326 1
-1 516 19908 5396 4566 -1924 2326 1
-1 -68 19728 3980 298 -338 461 1
-1 -68 19728 3980 298 -338 461 1
-1 1132 15724 1220 -1284 302 35 1
-1 1132 15724 1220 -1284 302 35 1
-1 388 16084 1256 -11 77 -195 1
-1 388 16084 1256 -11 77 -195 1
-1 1944 14208 136 -2094 135 65 1
-1 1944 14208 136 -2094 135 65 1
-1 1116 17756 4384 -647 -986 1147 1
-1 1116 17756 4384 -647 -986 1147 1
-1 1252 16420 2728 1013 16 2319 1
-1 1252 16420 2728 1013 16 2319 1
-1 4004 19480 5308 -361 -1630 1740 1
-1 4004 19480 5308 -361 -1630 1740 1
-1 1956 23840 6036 2937 -2108 6035 1
-1 1956 23840 6036 2937 -2108 6035 1
-1 1624 23420 3336 6129 -5804 18038 1
-1 1624 23420 3336 6129 -5804 18038 1
-1 6808 18496 248 4738 -7160 26924 1
-1 6808 18496 248 4738 -7160 26924 1
-1 7096 15040 -2408 2893 -5568 30748 1
-1 7096 15040 -2408 2893 -5568 30748 1
-1 11304 11736 -792 6260 -6399 26770 1
-1 11304 11736 -792 6260 -6399 26770 1
-1 8620 7252 -6348 1585 701 20704 1
-1 8620 7252 -6348 1585 701 20704 1
-1 15032 5416 76 2040 -5450 17846 1
-1 15032 5416 76 2040 -5450 17846 1
-1 11284 4812 -3888 961 65 9082 1
-1 11284 4812 -3888 961 65 9082 1
-1 14300 4712 -892 384 -2112 8465 1
-1 14300 4712 -892 384 -2112 8465 1
-1 13880 3312 -4480 503 1934 6318 1
-1 13880 3312 -4480 503 1934 6318 1
-1 15380 2420 -2376 1618 -2442 6721 1
-1 15380 2420 -2376 1618 -2442 6721 1
-1 16340 2628 -2012 615 1724 5429 1
-1 16340 2628 -2012 615 1724 5429 1
-1 15784 2536 -2288 5436 -19 4074 1
-1 15784 2536 -2288 5436 -19 4074 1
-1 15456 1592 -3140 2068 -1507 2916 1
-1 15456 1592 -3140 2068 -1507 2916 1
-1 16324 3800 6436 3491 -6774 5901 1
-1 16324 3800 6436 3491 -6774 5901 1
-1 16616 1684 -2468 1131 -1825 25 1
-1 16616 1684 -2468 1131 -1825 25 1
-1 17376 1612 -3868 -520 68 -1590 1
-1 17376 1612 -3868 -520 68 -1590 1
-1 16440 2404 -2416 1202 -971 654 1
-1 16440 2404 -2416 1202 -971 654 1
-1 16796 2448 -2132 1962 -1162 -162 1
-1 16796 2448 -2132 1962 -1162 -162 1
-1 16904 576 -4180 -802 486 -2633 1
-1 16904 576 -4180 -802 486 -2633 1
-1 17380 1092 -3196 -1013 1593 -5336 1
-1 17380 1092 -3196 -1013 1593 -5336 1
-1 15620 2448 -2228 702 1139 -6050 1
-1 15620 2448 -2228 702 1139 -6050 1
-1 15968 5204 -2232 534 -63 -3702 1
-1 15968 5204 -2232 534 -63 -3702 1
-1 16220 4612 -2488 932 415 -3310 1
-1 16220 4612 -2488 932 415 -3310 1
-1 16104 3956 -1604 409 472 -4825 1
-1 16104 3956 -1604 409 472 -4825 1
-1 15316 5436 124 848 1209 -5333 1
-1 15316 5436 124 848 1209 -5333 1
-1 16872 5340 -2592 3280 -2147 -5664 1
-1 16872 5340 -2592 3280 -2147 -5664 1
-1 15388 6884 -3380 616 -639 -7956 1
-1 15388 6884 -3380 616 -639 -7956 1
-1 13344 7640 -5552 -1216 492 -7381 1
-1 13344 7640 -5552 -1216 492 -7381 1
-1 16516 8372 -1632 -1088 4264 -11634 1
-1 16516 8372 -1632 -1088 4264 -11634 1
-1 13804 10244 -1440 583 546 -9249 1
-1 13804 10244 -1440 583 546 -9249 1
-1 12496 11560 688 1588 151 -6154 1
-1 12496 11560 688 1588 151 -6154 1
-1 13724 9904 -3836 216 1459 -6802 1
-1 13724 9904 -3836 216 1459 -6802 1
-1 12252 14040 1384 -436 1821 -10941 1
-1 12252 14040 1384 -436 1821 -10941 1
-1 11928 12236 -1864 -970 1187 -11204 1
-1 11928 12236 -1864 -970 1187 -11204 1
-1 10252 13304 -1256 -1113 -91 -9262 1
-1 10252 13304 -1256 -1113 -91 -9262 1
-1 9308 13676 -732 -4116 1426 -11115 1
-1 9308 13676 -732 -4116 1426 -11115 1
-1 8108 14564 -488 -3702 737 -10441 1
-1 8108 14564 -488 -3702 737 -10441 1
-1 6264 15120 -256 28 2923 -8725 1
-1 6264 15120 -256 28 2923 -8725 1
-1 6956 11648 -2700 1849 450 -5236 1
-1 6956 11648 -2700 1849 450 -5236 1
-1 5680 10980 -2532 -999 2004 -10419 1
-1 5680 10980 -2532 -999 2004 -10419 1
-1 3200 16236 2200 -4189 1903 -10522 1
-1 3200 16236 2200 -4189 1903 -10522 1
-1 2236 16556 2180 -4588 3011 -10754 1
-1 2236 16556 2180 -4588 3011 -10754 1
-1 692 15672 1740 -6099 2641 -15278 1
-1 692 15672 1740 -6099 2641 -15278 1
-1 484 14992 1436 -6176 6653 -10605 1
-1 484 14992 1436 -6176 6653 -10605 1
-1 -3428 16156 3816 -695 3067 -2267 1
-1 -3428 16156 3816 -695 3067 -2267 1
-1 -1928 15800 2824 472 1028 -4196 1
-1 -1928 15800 2824 472 1028 -4196 1
-1 -4856 14984 5720 790 1215 -2760 1
-1 -4856 14984 5720 790 1215 -2760 1
-1 -2604 12764 -2560 -2538 3298 -7684 1
-1 -2604 12764 -2560 -2538 3298 -7684 1
-1 -6252 14612 520 -2546 1357 -7276 1
-1 -6252 14612 520 -2546 1357 -7276 1
-1 -2472 15552 4640 -1883 1666 -5502 1
-1 -2472 15552 4640 -1883 1666 -5502 1
-1 -5832 13436 3544 -4005 6816 -15221 1
-1 -5832 13436 3544 -4005 6816 -15221 1
-1 -9188 13560 3256 -676 -1659 -727 1
-1 -9188 13560 3256 -676 -1659 -727 1
-1 -7752 14800 5704 -1692 2514 -5900 1
-1 -7752 14800 5704 -1692 2514 -5900 1
-1 -9808 12240 2892 382 1923 -163 1
-1 -9808 12240 2892 382 1923 -163 1
-1 -9064 12964 3940 -4336 4377 -8222 1
-1 -9064 12964 3940 -4336 4377 -8222 1
-1 -8552 11392 3232 -678 -148 -1578 1
-1 -8552 11392 3232 -678 -148 -1578 1
-1 -5844 12456 6252 -2872 1368 -3888 1
-1 -5844 12456 6252 -2872 1368 -3888 1
-1 -10076 11376 2716 1109 -2969 -306 1
-1 -10076 11376 2716 1109 -2969 -306 1
-1 -5992 11920 4364 835 6711 -3766 1
-1 -5992 11920 4364 835 6711 -3766 1
-1 -9224 11136 4892 847 510 -789 1
-1 -9224 11136 4892 847 510 -789 1
-1 -10352 11004 2232 465 2351 -2149 1
-1 -10352 11004 2232 465 2351 -2149 1
-1 -11508 11596 5000 228 4431 -827 1
-1 -11508 11596 5000 228 4431 -827 1
-1 -9060 12216 3268 3324 -648 1044 1
-1 -9060 12216 3268 3324 -648 1044 1
-1 -10816 11436 3132 -2350 3814 288 1
-1 -10816 11436 3132 -2350 3814 288 1
-1 -8744 11244 2656 1085 -501 1161 1
-1 -8744 11244 2656 1085 -501 1161 1
-1 -10472 11512 4284 -413 559 268 1
-1 -10472 11512 4284 -413 559 268 1
-1 -10468 10448 1592 -699 351 -163 1
-1 -10468 10448 1592 -699 351 -163 1
-1 -8444 11004 3972 -759 -788 1288 1
-1 -8444 11004 3972 -759 -788 1288 1
-1 -9392 11484 6120 -622 189 341 1
-1 -9392 11484 6120 -622 189 341 1
-1 -8920 11744 3224 1051 325 845 1
-1 -8920 11744 3224 1051 325 845 1
-1 -10948 11320 4352 -2369 1934 -2986 1
-1 -10948 11320 4352 -2369 1934 -2986 1
-1 -12200 11624 5348 5040 -9297 8952 1
-1 -12200 11624 5348 5040 -9297 8952 1
-1 -9160 13204 3172 16748 -12280 32767 1
-1 -9160 13204 3172 16748 -12280 32767 1
-1 -4908 13256 2276 7797 -4861 24078 1
-1 -4908 13256 2276 7797 -4861 24078 1
-1 -1596 15556 -284 6752 -14132 32767 1
-1 -1596 15556 -284 6752 -14132 32767 1
-1 -864 17016 1072 8987 -19313 32767 1
-1 -864 17016 1072 8987 -19313 32767 1
-1 8464 13512 -952 12598 1864 30396 1
-1 8464 13512 -952 12598 1864 30396 1
-1 17056 11572 -176 -99 1937 13221 1
-1 17056 11572 -176 -99 1937 13221 1
-1 10968 11464 -2200 -1269 -2427 14382 1
-1 10968 11464 -2200 -1269 -2427 14382 1
-1 12432 12104 180 -18 1522 7123 1
-1 12432 12104 180 -18 1522 7123 1
-1 11156 10988 -780 -2012 -3191 11420 1
-1 11156 10988 -780 -2012 -3191 11420 1
-1 16940 8364 -452 -809 -1533 7411 1
-1 16940 8364 -452 -809 -1533 7411 1
-1 12320 10144 -1984 -209 -4384 10591 1
-1 12320 10144 -1984 -209 -4384 10591 1
-1 16924 5916 -1628 3469 -2168 5915 1
-1 16924 5916 -1628 3469 -2168 5915 1
-1 15068 6816 -1016 553 -1084 1333 1
-1 15068 6816 -1016 553 -1084 1333 1
-1 15944 7672 -1884 990 1097 -2991 1
-1 15944 7672 -1884 990 1097 -2991 1
-1 16116 7260 -3620 398 313 -1711 1
-1 16116 7260 -3620 398 313 -1711 1
-1 15208 5768 -3940 -905 -299 -2407 1
-1 15208 5768 -3940 -905 -299 -2407 1
-1 14328 7320 -1648 -716 382 -2158 1
-1 14328 7320 -1648 -716 382 -2158 1
-1 18972 6456 -5132 -602 -2799 -3885 1
-1 18972 6456 -5132 -602 -2799 -3885 1
-1 13888 7280 -5068 -2399 1642 -4956 1
-1 13888 7280 -5068 -2399 1642 -4956 1
-1 14392 7960 -2180 -2475 1200 -6318 1
-1 14392 7960 -2180 -2475 1200 -6318 1
-1 13860 9172 -1376 -1318 854 -6172 1
-1 13860 9172 -1376 -1318 854 -6172 1
-1 14496 10752 -1288 -332 5115 -10470 1
-1 14496 10752 -1288 -332 5115 -10470 1
-1 12240 12208 -808 -205 1401 -7293 1
-1 12240 12208 -808 -205 1401 -7293 1
-1 13688 11540 -580 -438 2082 -9076 1
-1 13688 11540 -580 -438 2082 -9076 1
-1 11012 12596 -352 102 1885 -7941 1
-1 11012 12596 -352 102 1885 -7941 1
-1 11204 13304 2972 -1640 3424 -12604 1
-1 11204 13304 2972 -1640 3424 -12604 1
-1 8236 14132 -248 -604 3988 -10896 1
-1 8236 14132 -248 -604 3988 -10896 1
-1 7136 14356 -64 -1371 2261 -11244 1
-1 7136 14356 -64 -1371 2261 -11244 1
-1 6548 14104 464 -1200 1445 -7728 1
-1 6548 14104 464 -1200 1445 -7728 1
-1 4968 14412 -380 -39 2746 -7108 1
-1 4968 14412 -380 -39 2746 -7108 1
-1 5524 14132 1504 -635 1500 -6238 1
-1 5524 14132 1504 -635 1500 -6238 1
-1 4188 21840 8812 8053 -4109 4877 1
-1 4188 21840 8812 8053 -4109 4877 1
-1 4256 15032 2508 -1034 2703 -3827 1
-1 4256 15032 2508 -1034 2703 -3827 1
-1 2816 15892 1008 610 1572 -3300 1
-1 2816 15892 1008 610 1572 -3300 1
-1 3336 14784 940 -536 2559 -5063 1
-1 3336 14784 940 -536 2559 -5063 1
-1 3000 17316 4276 444 2198 -3824 1
-1 3000 17316 4276 444 2198 -3824 1
-1 3508 14904 236 543 1598 -4881 1
-1 3508 14904 236 543 1598 -4881 1
-1 1840 16688 1660 1627 561 -2665 1
-1 1840 16688 1660 1627 561 -2665 1
-1 1448 16216 40 194 2170 -5628 1
-1 1448 16216 40 194 2170 -5628 1
-1 1260 16372 356 822 1773 -3712 1
-1 1260 16372 356 822 1773 -3712 1
-1 1800 12452 -3200 -2304 2750 -7915 1
-1 1800 12452 -3200 -2304 2750 -7915 1
-1 -436 14292 -1004 -4619 2341 -11769 1
-1 -436 14292 -1004 -4619 2341 -11769 1
-1 -3428 13884 -648 -9608 492 -13450 1
-1 -3428 13884 -648 -9608 492 -13450 1
-1 1580 12500 -3808 -2840 4747 -9872 1
-1 1580 12500 -3808 -2840 4747 -9872 1
-1 -5972 16460 3740 -3002 4604 -12380 1
-1 -5972 16460 3740 -3002 4604 -12380 1
-1 -5964 14312 3436 -3722 3354 -9388 1
-1 -5964 14312 3436 -3722 3354 -9388 1
-1 -7328 14520 4304 -803 -1418 -7085 1
-1 -7328 14520 4304 -803 -1418 -7085 1
-1 -6984 13704 2524 -4143 4786 -11148 1
-1 -6984 13704 2524 -4143 4786 -11148 1
-1 -7456 12720 4612 2717 -6557 3843 1
-1 -7456 12720 4612 2717 -6557 3843 1
-1 -8544 11960 2056 -10930 6848 -15667 1
-1 -8544 11960 2056 -10930 6848 -15667 1
-1 -9616 13228 4168 -2215 -1542 -2136 1
-1 -9616 13228 4168 -2215 -1542 -2136 1
-1 -8496 11528 4936 4434 -2763 4159 1
-1 -8496 11528 4936 4434 -2763 4159 1
-1 -8104 12364 3812 -2243 6457 -2047 1
-1 -8104 12364 3812 -2243 6457 -2047 1
-1 -10220 11980 2632 9583 -3765 10551 1
-1 -10220 11980 2632 9583 -3765 10551 1
-1 -6792 13436 4368 -1596 7575 -1536 1
-1 -6792 13436 4368 -1596 7575 -1536 1
-1 -8364 13228 4408 4869 -2789 6913 1
-1 -8364 13228 4408 4869 -2789 6913 1
-1 -5604 13056 2048 -5179 7262 -6292 1
-1 -5604 13056 2048 -5179 7262 -6292 1
-1 -9108 12824 3260 701 -105 1423 1
-1 -9108 12824 3260 701 -105 1423 1
-1 -6148 13624 4396 -3901 2616 -2062 1
-1 -6148 13624 4396 -3901 2616 -2062 1
-1 -7168 13044 2188 388 -519 1792 1
-1 -7168 13044 2188 388 -519 1792 1
-1 -6976 13108 3400 -3388 1733 -4038 1
-1 -6976 13108 3400 -3388 1733 -4038 1
-1 -8224 13160 4804 182 1706 -520 1
-1 -8224 13160 4804 182 1706 -520 1
-1 -8460 12596 2848 1495 -2108 4148 1
-1 -8460 12596 2848 1495 -2108 4148 1
-1 -7904 12788 3244 -877 1402 1582 1
-1 -7904 12788 3244 -877 1402 1582 1
-1 -6648 13452 3672 905 -2461 6778 1
-1 -6648 13452 3672 905 -2461 6778 1
-1 -6236 13692 3708 867 -2142 4131 1
-1 -6236 13692 3708 867 -2142 4131 1
