-1 1716 16360 5704 3177 -5379 1642 1
-1 1716 16360 5704 3177 -5379 1642 1
-1 1540 15508 3928 -538 2410 -2267 1
-1 1540 15508 3928 -538 2410 -2267 1
-1 2936 15844 4056 3558 -382 117 1
-1 2936 15844 4056 3558 -382 117 1
-1 3072 16292 2632 27 505 -1246 1
-1 3072 16292 2632 27 505 -1246 1
-1 2808 16172 1908 490 -913 -646 1
-1 2808 16172 1908 490 -913 -646 1
-1 3396 16132 2884 19 2612 -2318 1
-1 3396 16132 2884 19 2612 -2318 1
-1 2112 15404 2396 1410 -278 443 1
-1 2112 15404 2396 1410 -278 443 1
-1 2576 15492 1244 -2999 2305 -4135 1
-1 2576 15492 1244 -2999 2305 -4135 1
-1 1232 16552 2560 607 -394 -173 1
-1 1232 16552 2560 607 -394 -173 1
-1 2576 15492 1944 -628 3115 -813 1
-1 2576 15492 1944 -628 3115 -813 1
-1 1280 16188 3192 359 2505 -1727 1
-1 1280 16188 3192 359 2505 -1727 1
-1 2168 15700 1584 2729 2557 -2187 1
-1 2168 15700 1584 2729 2557 -2187 1
-1 1772 14844 1388 2640 -1080 2727 1
-1 1772 14844 1388 2640 -1080 2727 1
-1 2004 15800 1744 2726 -1386 2256 1
-1 2004 15800 1744 2726 -1386 2256 1
-1 2704 16628 3272 2321 139 419 1
-1 2704 16628 3272 2321 139 419 1
-1 3316 15528 896 3856 -764 399 1
-1 3316 15528 896 3856 -764 399 1
-1 2828 16124 1104 -325 1968 -780 1
-1 2828 16124 1104 -325 1968 -780 1
-1 1880 16312 1564 1047 -2631 1278 1
-1 1880 16312 1564 1047 -2631 1278 1
-1 2256 15636 724 -173 -566 628 1
-1 2256 15636 724 -173 -566 628 1
-1 2304 16004 1168 216 -783 698 1
-1 2304 16004 1168 216 -783 698 1
-1 2364 16220 1408 380 1911 -1173 1
-1 2364 16220 1408 380 1911 -1173 1
-1 1892 16164 992 833 -959 620 1
-1 1892 16164 992 833 -959 620 1
-1 2156 16092 1440 523 -19 141 1
-1 2156 16092 1440 523 -19 141 1
-1 1980 15940 1340 799 -1658 707 1
-1 1980 15940 1340 799 -1658 707 1
-1 2296 16028 1120 277 -536 123 1
-1 2296 16028 1120 277 -536 123 1
-1 1936 16108 1328 1443 -2704 1853 1
-1 1936 16108 1328 1443 -2704 1853 1
-1 2844 16336 1124 2 841 -718 1
-1 2844 16336 1124 2 841 -718 1
-1 1796 16076 916 704 -431 193 1
-1 1796 16076 916 704 -431 193 1
-1 2708 16200 1352 565 -369 145 1
-1 2708 16200 1352 565 -369 145 1
-1 2388 16360 904 364 -555 -3 1
-1 2388 16360 904 364 -555 -3 1
-1 2492 16164 1500 331 -435 281 1
-1 2492 16164 1500 331 -435 281 1
-1 2860 15940 868 464 598 -505 1
-1 2860 15940 868 464 598 -505 1
-1 2472 16204 752 195 103 12 1
-1 2472 16204 752 195 103 12 1
-1 2976 16140 1608 533 187 -376 1
-1 2976 16140 1608 533 187 -376 1
-1 2348 16248 1116 373 -358 256 1
-1 2348 16248 1116 373 -358 256 1
-1 2612 16224 956 271 -715 495 1
-1 2612 16224 956 271 -715 495 1
-1 2536 16256 1312 512 254 97 1
-1 2536 16256 1312 512 254 97 1
-1 2512 16128 1000 214 86 94 1
-1 2512 16128 1000 214 86 94 1
-1 2448 16104 1076 266 109 -253 1
-1 2448 16104 1076 266 109 -253 1
-1 2264 16148 1120 354 -204 46 1
-1 2264 16148 1120 354 -204 46 1
-1 2636 16020 1412 541 -425 218 1
-1 2636 16020 1412 541 -425 218 1
-1 2672 16396 1396 445 372 -381 1
-1 2672 16396 1396 445 372 -381 1
-1 2464 16060 1068 570 1 -15 1
-1 2464 16060 1068 570 1 -15 1
-1 2224 16020 800 450 -300 -94 1
-1 2224 16020 800 450 -300 -94 1
-1 2600 16060 1520 368 338 -323 1
-1 2600 16060 1520 368 338 -323 1
-1 2752 15968 856 304 -21 91 1
-1 2752 15968 856 304 -21 91 1
-1 2424 16320 1140 264 294 -258 1
-1 2424 16320 1140 264 294 -258 1
-1 2588 16000 1016 411 -223 243 1
-1 2588 16000 1016 411 -223 243 1
-1 2292 16108 1356 307 353 -213 1
-1 2292 16108 1356 307 353 -213 1
-1 2624 16048 844 141 -144 70 1
-1 2624 16048 844 141 -144 70 1
-1 2332 16352 1168 387 -40 152 1
-1 2332 16352 1168 387 -40 152 1
-1 2612 15964 1212 405 171 -59 1
-1 2612 15964 1212 405 171 -59 1
-1 2400 16148 780 401 72 -151 1
-1 2400 16148 780 401 72 -151 1
-1 2460 16092 1220 494 -169 73 1
-1 2460 16092 1220 494 -169 73 1
-1 2432 16080 1172 590 543 -270 1
-1 2432 16080 1172 590 543 -270 1
-1 2688 16140 788 312 515 -252 1
-1 2688 16140 788 312 515 -252 1
-1 2872 16148 1136 409 -115 362 1
-1 2872 16148 1136 409 -115 362 1
-1 2444 16324 1032 397 75 58 1
-1 2444 16324 1032 397 75 58 1
-1 2728 16276 844 247 -44 -100 1
-1 2728 16276 844 247 -44 -100 1
-1 2332 16108 916 484 8 -59 1
-1 2332 16108 916 484 8 -59 1
-1 2296 16044 1012 272 -165 172 1
-1 2296 16044 1012 272 -165 172 1
-1 3028 16056 1032 182 45 100 1
-1 3028 16056 1032 182 45 100 1
-1 2532 16056 1120 308 -181 326 1
-1 2532 16056 1120 308 -181 326 1
-1 2876 16180 880 380 -59 -60 1
-1 2876 16180 880 380 -59 -60 1
-1 2512 16088 1128 771 157 94 1
-1 2512 16088 1128 771 157 94 1
-1 2704 16056 772 198 190 -166 1
-1 2704 16056 772 198 190 -166 1
-1 2956 16124 1236 707 -526 411 1
-1 2956 16124 1236 707 -526 411 1
-1 2680 16160 1576 469 -162 281 1
-1 2680 16160 1576 469 -162 281 1
-1 5184 12196 -3656 -990 2553 -1662 1
-1 5184 12196 -3656 -990 2553 -1662 1
-1 2272 15752 936 144 485 -171 1
-1 2272 15752 936 144 485 -171 1
-1 2368 16184 1772 256 206 -573 1
-1 2368 16184 1772 256 206 -573 1
-1 3872 15168 -192 -107 16 -149 1
-1 3872 15168 -192 -107 16 -149 1
-1 2536 16224 1380 972 569 799 1
-1 2536 16224 1380 972 569 799 1
-1 2100 15896 2392 1062 243 -15 1
-1 2100 15896 2392 1062 243 -15 1
-1 3128 15496 612 714 400 178 1
-1 3128 15496 612 714 400 178 1
-1 2108 15252 -324 1105 -1589 1330 1
-1 2108 15252 -324 1105 -1589 1330 1
-1 3500 15304 976 61 350 -786 1
-1 3500 15304 976 61 350 -786 1
-1 2656 15696 1280 446 330 -481 1
-1 2656 15696 1280 446 330 -481 1
-1 2388 17188 2876 1584 -968 505 1
-1 2388 17188 2876 1584 -968 505 1
-1 2340 17104 1252 684 181 -313 1
-1 2340 17104 1252 684 181 -313 1
-1 2420 16324 448 852 -625 75 1
-1 2420 16324 448 852 -625 75 1
-1 2660 15924 144 70 -211 -249 1
-1 2660 15924 144 70 -211 -249 1
-1 2344 15804 472 -21 217 -494 1
-1 2344 15804 472 -21 217 -494 1
-1 1412 16632 1480 -209 357 -1122 1
-1 1412 16632 1480 -209 357 -1122 1
-1 2580 16220 1084 355 -668 139 1
-1 2580 16220 1084 355 -668 139 1
-1 1196 16728 1332 246 1267 -900 1
-1 1196 16728 1332 246 1267 -900 1
-1 2216 15988 -204 217 53 -297 1
-1 2216 15988 -204 217 53 -297 1
-1 1196 16184 660 900 1079 -1083 1
-1 1196 16184 660 900 1079 -1083 1
-1 1928 15700 1436 501 188 825 1
-1 1928 15700 1436 501 188 825 1
-1 2056 16072 992 -35 1521 -1394 1
-1 2056 16072 992 -35 1521 -1394 1
-1 1284 16092 592 -646 -769 -632 1
-1 1284 16092 592 -646 -769 -632 1
-1 1320 16288 784 -703 396 -971 1
-1 1320 16288 784 -703 396 -971 1
-1 1400 16648 2184 -235 409 -1041 1
-1 1400 16648 2184 -235 409 -1041 1
-1 1544 16028 928 48 46 -561 1
-1 1544 16028 928 48 46 -561 1
-1 1404 16676 1704 1928 442 239 1
-1 1404 16676 1704 1928 442 239 1
-1 -316 16492 1288 -411 -181 -678 1
-1 -316 16492 1288 -411 -181 -678 1
-1 1856 15808 788 343 -846 -57 1
-1 1856 15808 788 343 -846 -57 1
-1 -304 16644 1212 968 -270 -296 1
-1 -304 16644 1212 968 -270 -296 1
-1 1888 16284 964 1542 50 525 1
-1 1888 16284 964 1542 50 525 1
-1 1396 16376 904 -426 1149 -1808 1
-1 1396 16376 904 -426 1149 -1808 1
-1 948 16096 4 127 242 -1696 1
-1 948 16096 4 127 242 -1696 1
-1 -1008 16384 2948 -399 605 -1098 1
-1 -1008 16384 2948 -399 605 -1098 1
-1 888 15592 1564 -392 -300 83 1
-1 888 15592 1564 -392 -300 83 1
-1 -248 15584 624 23 538 216 1
-1 -248 15584 624 23 538 216 1
-1 1052 16080 1888 1297 -812 2017 1
-1 1052 16080 1888 1297 -812 2017 1
-1 1808 15860 -256 -328 1063 -267 1
-1 1808 15860 -256 -328 1063 -267 1
-1 1092 17196 1832 690 348 587 1
-1 1092 17196 1832 690 348 587 1
-1 1956 15728 52 -224 -460 74 1
-1 1956 15728 52 -224 -460 74 1
-1 628 16844 788 312 652 302 1
-1 628 16844 788 312 652 302 1
-1 2400 16552 2848 44 277 -578 1
-1 2400 16552 2848 44 277 -578 1
-1 640 16256 1876 -434 -252 -340 1
-1 640 16256 1876 -434 -252 -340 1
-1 676 16504 1160 69 -1490 966 1
-1 676 16504 1160 69 -1490 966 1
-1 -380 16388 2408 1048 -348 1017 1
-1 -380 16388 2408 1048 -348 1017 1
-1 1940 15096 720 266 64 555 1
-1 1940 15096 720 266 64 555 1
-1 1924 15636 876 822 -537 337 1
-1 1924 15636 876 822 -537 337 1
-1 504 17616 3104 -5 -481 -139 1
-1 504 17616 3104 -5 -481 -139 1
-1 1728 16280 788 -377 -185 -569 1
-1 1728 16280 788 -377 -185 -569 1
-1 1024 15624 1264 -16 543 -657 1
-1 1024 15624 1264 -16 543 -657 1
-1 392 16088 2252 -285 263 -877 1
-1 392 16088 2252 -285 263 -877 1
-1 1460 16392 1868 280 -11 -391 1
-1 1460 16392 1868 280 -11 -391 1
-1 1340 17048 2868 950 515 191 1
-1 1340 17048 2868 950 515 191 1
-1 932 19308 3552 3813 -1809 500 1
-1 932 19308 3552 3813 -1809 500 1
-1 3404 20356 1944 1789 -2494 4942 1
-1 3404 20356 1944 1789 -2494 4942 1
-1 3480 23752 3368 2789 -5244 11742 1
-1 3480 23752 3368 2789 -5244 11742 1
-1 4576 21644 1240 4866 -6367 24963 1
-1 4576 21644 1240 4866 -6367 24963 1
-1 5156 18184 -1296 5893 -4344 30205 1
-1 5156 18184 -1296 5893 -4344 30205 1
-1 11952 11668 -3024 4204 -2896 29200 1
-1 11952 11668 -3024 4204 -2896 29200 1
-1 10900 8664 -2236 1587 -5164 27698 1
-1 10900 8664 -2236 1587 -5164 27698 1
-1 12488 6356 -2984 997 -1560 19762 1
-1 12488 6356 -2984 997 -1560 19762 1
-1 14104 4876 -556 447 65 13970 1
-1 14104 4876 -556 447 65 13970 1
-1 14148 3260 -420 622 -3056 16540 1
-1 14148 3260 -420 622 -3056 16540 1
-1 14736 3672 -2276 -286 -1057 7115 1
-1 14736 3672 -2276 -286 -1057 7115 1
-1 15164 2240 -2276 -763 -424 9019 1
-1 15164 2240 -2276 -763 -424 9019 1
-1 16076 1556 -1044 -731 -1647 4599 1
-1 16076 1556 -1044 -731 -1647 4599 1
-1 16788 1180 -2452 -62 -721 6589 1
-1 16788 1180 -2452 -62 -721 6589 1
-1 17816 880 -444 1075 531 1200 1
-1 17816 880 -444 1075 531 1200 1
-1 17176 -92 -2952 -107 1709 -677 1
-1 17176 -92 -2952 -107 1709 -677 1
-1 16536 956 -2516 1053 -733 -2871 1
-1 16536 956 -2516 1053 -733 -2871 1
-1 17360 952 -2456 1201 -181 -2026 1
-1 17360 952 -2456 1201 -181 -2026 1
-1 17092 916 -2436 192 -1242 -1314 1
-1 17092 916 -2436 192 -1242 -1314 1
-1 17904 1368 -3200 -639 -1834 -280 1
-1 17904 1368 -3200 -639 -1834 -280 1
-1 17616 2016 -1744 363 538 -2116 1
-1 17616 2016 -1744 363 538 -2116 1
-1 17972 1168 -2856 131 -295 -1001 1
-1 17972 1168 -2856 131 -295 -1001 1
-1 16704 1160 -3020 -855 930 -1753 1
-1 16704 1160 -3020 -855 930 -1753 1
-1 16020 1836 -2908 -740 -336 -1471 1
-1 16020 1836 -2908 -740 -336 -1471 1
-1 17076 2600 -2984 -954 526 -2222 1
-1 17076 2600 -2984 -954 526 -2222 1
-1 16856 2592 -2312 88 -167 -1232 1
-1 16856 2592 -2312 88 -167 -1232 1
-1 17152 2140 -2416 -375 639 -3521 1
-1 17152 2140 -2416 -375 639 -3521 1
-1 17552 3784 -2096 127 1994 -7146 1
-1 17552 3784 -2096 127 1994 -7146 1
-1 15944 4772 -2072 522 -821 -7078 1
-1 15944 4772 -2072 522 -821 -7078 1
-1 16408 5904 -1880 -2255 541 -7007 1
-1 16408 5904 -1880 -2255 541 -7007 1
-1 15068 6048 -2600 358 -2280 -1942 1
-1 15068 6048 -2600 358 -2280 -1942 1
-1 15372 5932 -2540 -931 2843 -5580 1
-1 15372 5932 -2540 -931 2843 -5580 1
-1 16160 5876 -1884 52 377 -2576 1
-1 16160 5876 -1884 52 377 -2576 1
-1 16504 5980 -1612 -1200 3052 -4384 1
-1 16504 5980 -1612 -1200 3052 -4384 1
-1 14724 7304 -2680 -839 246 -2935 1
-1 14724 7304 -2680 -839 246 -2935 1
-1 15564 8164 -1088 -1218 1713 -5200 1
-1 15564 8164 -1088 -1218 1713 -5200 1
-1 14384 9308 -640 589 1247 -6180 1
-1 14384 9308 -640 589 1247 -6180 1
-1 14128 9140 -2628 552 -86 -7183 1
-1 14128 9140 -2628 552 -86 -7183 1
-1 14764 9232 -2076 1107 1530 -6875 1
-1 14764 9232 -2076 1107 1530 -6875 1
-1 13884 9672 -1152 -436 4659 -12784 1
-1 13884 9672 -1152 -436 4659 -12784 1
-1 11928 11764 -28 -2350 8543 -20899 1
-1 11928 11764 -28 -2350 8543 -20899 1
-1 10572 12520 -272 -1547 2503 -13744 1
-1 10572 12520 -272 -1547 2503 -13744 1
-1 7880 13720 -900 -1439 3030 -14724 1
-1 7880 13720 -900 -1439 3030 -14724 1
-1 6884 15168 1868 373 1410 -8606 1
-1 6884 15168 1868 373 1410 -8606 1
-1 6596 14512 1608 -4612 3777 -15683 1
-1 6596 14512 1608 -4612 3777 -15683 1
-1 5768 15500 1552 -2403 4406 -11909 1
-1 5768 15500 1552 -2403 4406 -11909 1
-1 2420 15756 2012 854 4085 -9647 1
-1 2420 15756 2012 854 4085 -9647 1
-1 5248 14992 1032 -2483 4316 -13562 1
-1 5248 14992 1032 -2483 4316 -13562 1
-1 44 16068 4376 -734 3695 -8837 1
-1 44 16068 4376 -734 3695 -8837 1
-1 -1528 16000 2056 -2726 3975 -11279 1
-1 -1528 16000 2056 -2726 3975 -11279 1
-1 216 15220 1780 196 2771 -7102 1
-1 216 15220 1780 196 2771 -7102 1
-1 -3488 14868 1040 -4587 5519 -10605 1
-1 -3488 14868 1040 -4587 5519 -10605 1
-1 -2776 15404 5300 -449 1745 -3854 1
-1 -2776 15404 5300 -449 1745 -3854 1
-1 -5704 13764 2512 -2851 7733 -5318 1
-1 -5704 13764 2512 -2851 7733 -5318 1
-1 -5744 14012 2452 3874 -140 -2096 1
-1 -5744 14012 2452 3874 -140 -2096 1
-1 -7064 14828 3904 -791 9552 -8927 1
-1 -7064 14828 3904 -791 9552 -8927 1
-1 -6172 13764 -120 3305 1015 174 1
-1 -6172 13764 -120 3305 1015 174 1
-1 -9496 14360 2456 -441 4894 -3539 1
-1 -9496 14360 2456 -441 4894 -3539 1
-1 -6924 14292 3148 1175 1022 -938 1
-1 -6924 14292 3148 1175 1022 -938 1
-1 -4252 12496 -492 -500 1037 -3594 1
-1 -4252 12496 -492 -500 1037 -3594 1
-1 -9144 12808 2428 -587 770 -8340 1
-1 -9144 12808 2428 -587 770 -8340 1
-1 -8664 12380 764 -535 2786 -6413 1
-1 -8664 12380 764 -535 2786 -6413 1
-1 -9060 12304 3576 1627 2803 -4360 1
-1 -9060 12304 3576 1627 2803 -4360 1
-1 -11456 13124 3156 15 -833 -1765 1
-1 -11456 13124 3156 15 -833 -1765 1
-1 -10412 11672 424 -2607 3074 -8839 1
-1 -10412 11672 424 -2607 3074 -8839 1
-1 -9860 12164 4336 357 1519 -257 1
-1 -9860 12164 4336 357 1519 -257 1
-1 -9404 10616 -724 536 1784 -413 1
-1 -9404 10616 -724 536 1784 -413 1
-1 -10824 11960 3356 2895 -4241 4204 1
-1 -10824 11960 3356 2895 -4241 4204 1
-1 -9884 11032 1180 -2291 5354 -4093 1
-1 -9884 11032 1180 -2291 5354 -4093 1
-1 -10604 11408 1932 1316 89 1083 1
-1 -10604 11408 1932 1316 89 1083 1
-1 -11572 11108 1260 429 1895 -2462 1
-1 -11572 11108 1260 429 1895 -2462 1
-1 -9940 11540 1396 3125 -1435 1658 1
-1 -9940 11540 1396 3125 -1435 1658 1
-1 -10976 11676 1584 2151 -101 952 1
-1 -10976 11676 1584 2151 -101 952 1
-1 -11056 11764 1420 926 -449 1249 1
-1 -11056 11764 1420 926 -449 1249 1
-1 -11308 11180 -216 18 624 624 1
-1 -11308 11180 -216 18 624 624 1
-1 -11596 11656 272 445 -2266 3496 1
-1 -11596 11656 272 445 -2266 3496 1
-1 -9156 12056 1332 1918 -1991 5684 1
-1 -9156 12056 1332 1918 -1991 5684 1
-1 -9452 13656 4048 7515 -4868 13797 1
-1 -9452 13656 4048 7515 -4868 13797 1
-1 -5100 14516 -2136 5751 -5558 21337 1
-1 -5100 14516 -2136 5751 -5558 21337 1
-1 -9408 19228 7004 14850 -7678 32767 1
-1 -9408 19228 7004 14850 -7678 32767 1
-1 3656 17184 6280 6133 -8290 32767 1
-1 3656 17184 6280 6133 -8290 32767 1
-1 8700 2844 -15924 4910 -799 32767 1
-1 8700 2844 -15924 4910 -799 32767 1
-1 8248 12692 -2384 223 4855 31283 1
-1 8248 12692 -2384 223 4855 31283 1
-1 13924 6904 -9232 -6647 6535 20492 1
-1 13924 6904 -9232 -6647 6535 20492 1
-1 19524 11728 5596 -6326 -662 10923 1
-1 19524 11728 5596 -6326 -662 10923 1
-1 12184 13816 1828 -1114 -2664 11052 1
-1 12184 13816 1828 -1114 -2664 11052 1
-1 15572 9008 -608 -3869 -1090 5131 1
-1 15572 9008 -608 -3869 -1090 5131 1
-1 12408 12016 2900 481 770 5952 1
-1 12408 12016 2900 481 770 5952 1
-1 16592 5476 -1960 3693 -12226 7544 1
-1 16592 5476 -1960 3693 -12226 7544 1
-1 14788 6292 -400 -309 -936 808 1
-1 14788 6292 -400 -309 -936 808 1
-1 15980 5620 -1420 4395 -1036 8560 1
-1 15980 5620 -1420 4395 -1036 8560 1
-1 15648 7660 1024 -1043 4044 -867 1
-1 15648 7660 1024 -1043 4044 -867 1
-1 15228 7560 -1224 -606 -520 3514 1
-1 15228 7560 -1224 -606 -520 3514 1
-1 17184 6092 -2056 -1309 -241 -114 1
-1 17184 6092 -2056 -1309 -241 -114 1
-1 17204 7100 -1008 43 -1445 2138 1
-1 17204 7100 -1008 43 -1445 2138 1
-1 15756 5520 -1372 -2046 2261 -4042 1
-1 15756 5520 -1372 -2046 2261 -4042 1
-1 15836 5820 124 -1540 -1619 -1714 1
-1 15836 5820 124 -1540 -1619 -1714 1
-1 14948 6784 -924 -1646 1887 -4107 1
-1 14948 6784 -924 -1646 1887 -4107 1
-1 16560 7724 924 -417 -3584 -859 1
-1 16560 7724 924 -417 -3584 -859 1
-1 16752 6632 -936 1295 -3672 -74 1
-1 16752 6632 -936 1295 -3672 -74 1
-1 13864 8676 1964 -717 -1251 59 1
-1 13864 8676 1964 -717 -1251 59 1
-1 16388 7564 440 -1421 3606 -5737 1
-1 16388 7564 440 -1421 3606 -5737 1
-1 15048 7360 -364 -350 -909 -2758 1
-1 15048 7360 -364 -350 -909 -2758 1
-1 15268 7848 -656 -2144 1222 -6586 1
-1 15268 7848 -656 -2144 1222 -6586 1
-1 13424 9204 -1268 -23 416 -6182 1
-1 13424 9204 -1268 -23 416 -6182 1
-1 14964 10400 416 201 2340 -9500 1
-1 14964 10400 416 201 2340 -9500 1
-1 10848 9956 -2160 -1732 844 -2761 1
-1 10848 9956 -2160 -1732 844 -2761 1
-1 14756 11956 3844 -361 1315 -6479 1
-1 14756 11956 3844 -361 1315 -6479 1
-1 11716 10884 156 -1263 -523 -3825 1
-1 11716 10884 156 -1263 -523 -3825 1
-1 13336 11140 668 936 -826 -3991 1
-1 13336 11140 668 936 -826 -3991 1
-1 12084 11084 400 -414 -1529 -2951 1
-1 12084 11084 400 -414 -1529 -2951 1
-1 10696 12260 856 1444 -122 -4068 1
-1 10696 12260 856 1444 -122 -4068 1
-1 11440 11856 20 939 -298 -4621 1
-1 11440 11856 20 939 -298 -4621 1
-1 9956 12316 -840 605 610 -2879 1
-1 9956 12316 -840 605 610 -2879 1
-1 10464 12800 356 -387 583 -3691 1
-1 10464 12800 356 -387 583 -3691 1
-1 10184 13416 1272 718 58 -4786 1
-1 10184 13416 1272 718 58 -4786 1
-1 10272 13296 732 185 1074 -5967 1
-1 10272 13296 732 185 1074 -5967 1
-1 7632 14180 236 562 3357 -10358 1
-1 7632 14180 236 562 3357 -10358 1
-1 7724 10512 -4424 -3726 1901 -8560 1
-1 7724 10512 -4424 -3726 1901 -8560 1
-1 8776 14992 2528 -1114 7134 -9679 1
-1 8776 14992 2528 -1114 7134 -9679 1
-1 7076 14140 1844 -469 776 -5427 1
-1 7076 14140 1844 -469 776 -5427 1
-1 5744 15108 2224 1960 1212 -5826 1
-1 5744 15108 2224 1960 1212 -5826 1
-1 2928 16580 1192 514 253 -6592 1
-1 2928 16580 1192 514 253 -6592 1
-1 4796 15880 340 2541 1251 -5717 1
-1 4796 15880 340 2541 1251 -5717 1
-1 2484 16520 1196 518 2107 -8553 1
-1 2484 16520 1196 518 2107 -8553 1
-1 3968 15896 2596 3143 722 -5065 1
-1 3968 15896 2596 3143 722 -5065 1
-1 1520 16236 1300 -2036 5242 -10770 1
-1 1520 16236 1300 -2036 5242 -10770 1
-1 -1468 17704 2880 -1211 1831 -2003 1
-1 -1468 17704 2880 -1211 1831 -2003 1
-1 2324 15048 552 488 773 -2989 1
-1 2324 15048 552 488 773 -2989 1
-1 -340 16392 1092 -725 3191 -5546 1
-1 -340 16392 1092 -725 3191 -5546 1
-1 -648 16012 3604 -3144 5016 -13283 1
-1 -648 16012 3604 -3144 5016 -13283 1
-1 -2156 15808 1448 -2116 -47 -5042 1
-1 -2156 15808 1448 -2116 -47 -5042 1
-1 -4040 15772 828 -1496 4055 -7505 1
-1 -4040 15772 828 -1496 4055 -7505 1
-1 -4592 14904 856 -2804 9879 -8038 1
-1 -4592 14904 856 -2804 9879 -8038 1
-1 -2680 14604 688 2700 -171 384 1
-1 -2680 14604 688 2700 -171 384 1
-1 -4396 15484 2920 -2808 2297 -6489 1
-1 -4396 15484 2920 -2808 2297 -6489 1
-1 -6068 14136 1184 1525 -4765 -263 1
-1 -6068 14136 1184 1525 -4765 -263 1
-1 -5708 13468 2248 -5995 4990 -12362 1
-1 -5708 13468 2248 -5995 4990 -12362 1
-1 -5632 13564 2976 -973 -3253 -5617 1
-1 -5632 13564 2976 -973 -3253 -5617 1
