-1 3596 15356 1220 805 3400 -3462 1
-1 3596 15356 1220 805 3400 -3462 1
-1 3912 15524 2632 403 2112 -2826 1
-1 3912 15524 2632 403 2112 -2826 1
-1 3792 15184 1456 -470 698 -1688 1
-1 3792 15184 1456 -470 698 -1688 1
-1 3484 15484 2332 99 1077 -2044 1
-1 3484 15484 2332 99 1077 -2044 1
-1 2424 16140 3468 597 2454 -1810 1
-1 2424 16140 3468 597 2454 -1810 1
-1 2792 16356 3080 186 1241 -1762 1
-1 2792 16356 3080 186 1241 -1762 1
-1 2680 15756 2560 49 1604 -1196 1
-1 2680 15756 2560 49 1604 -1196 1
-1 2264 15740 2840 835 381 312 1
-1 2264 15740 2840 835 381 312 1
-1 2716 15532 2632 242 1403 -553 1
-1 2716 15532 2632 242 1403 -553 1
-1 2824 15712 2200 2345 -1131 1245 1
-1 2824 15712 2200 2345 -1131 1245 1
-1 2152 16024 3184 804 -857 -51 1
-1 2152 16024 3184 804 -857 -51 1
-1 2660 16224 2388 541 -406 409 1
-1 2660 16224 2388 541 -406 409 1
-1 2524 15740 2468 331 266 -96 1
-1 2524 15740 2468 331 266 -96 1
-1 2596 15940 2396 944 -602 437 1
-1 2596 15940 2396 944 -602 437 1
-1 2592 15860 2316 431 -261 269 1
-1 2592 15860 2316 431 -261 269 1
-1 2412 15748 2468 1047 -572 139 1
-1 2412 15748 2468 1047 -572 139 1
-1 2740 15928 2112 2099 -262 1128 1
-1 2740 15928 2112 2099 -262 1128 1
-1 2684 16280 2596 1687 -599 614 1
-1 2684 16280 2596 1687 -599 614 1
-1 2756 15268 1988 261 -259 677 1
-1 2756 15268 1988 261 -259 677 1
-1 2272 14896 2284 775 45 56 1
-1 2272 14896 2284 775 45 56 1
-1 3676 12736 -1988 -1526 1431 -1325 1
-1 3676 12736 -1988 -1526 1431 -1325 1
-1 2740 16420 5104 3035 -2112 1829 1
-1 2740 16420 5104 3035 -2112 1829 1
-1 2108 17668 3068 2561 -900 476 1
-1 2108 17668 3068 2561 -900 476 1
-1 2448 18644 3888 1560 -69 -13 1
-1 2448 18644 3888 1560 -69 -13 1
-1 2536 16108 1832 -1027 826 -1016 1
-1 2536 16108 1832 -1027 826 -1016 1
-1 3212 15424 1892 3316 -7070 5591 1
-1 3212 15424 1892 3316 -7070 5591 1
-1 2916 17292 -320 3898 -564 766 1
-1 2916 17292 -320 3898 -564 766 1
-1 4556 16272 -8 -1240 2289 -1816 1
-1 4556 16272 -8 -1240 2289 -1816 1
-1 1836 15860 1884 1158 812 -82 1
-1 1836 15860 1884 1158 812 -82 1
-1 2804 13788 -892 -1610 1124 -809 1
-1 2804 13788 -892 -1610 1124 -809 1
-1 3904 15260 2712 -1097 -1944 -108 1
-1 3904 15260 2712 -1097 -1944 -108 1
-1 3352 16008 1604 -1130 3793 -4470 1
-1 3352 16008 1604 -1130 3793 -4470 1
-1 2320 17124 2200 1102 -733 586 1
-1 2320 17124 2200 1102 -733 586 1
-1 3128 15768 1552 469 207 24 1
-1 3128 15768 1552 469 207 24 1
-1 2608 16000 1540 1035 442 765 1
-1 2608 16000 1540 1035 442 765 1
-1 1768 16148 1708 2021 8 1135 1
-1 1768 16148 1708 2021 8 1135 1
-1 3948 16500 220 1564 -142 462 1
-1 3948 16500 220 1564 -142 462 1
-1 3164 16304 1204 1234 -318 142 1
-1 3164 16304 1204 1234 -318 142 1
-1 2864 16060 1056 -131 -266 -442 1
-1 2864 16060 1056 -131 -266 -442 1
-1 2732 16000 1080 166 -227 -279 1
-1 2732 16000 1080 166 -227 -279 1
-1 2868 15944 1048 797 -188 593 1
-1 2868 15944 1048 797 -188 593 1
-1 3036 16272 1364 230 80 39 1
-1 3036 16272 1364 230 80 39 1
-1 3136 15844 1812 -7 387 -152 1
-1 3136 15844 1812 -7 387 -152 1
-1 3060 16236 1292 464 -444 340 1
-1 3060 16236 1292 464 -444 340 1
-1 3040 16048 1100 31 -7 -120 1
-1 3040 16048 1100 31 -7 -120 1
-1 3076 16012 1408 -35 254 -273 1
-1 3076 16012 1408 -35 254 -273 1
-1 2732 16148 1360 335 189 108 1
-1 2732 16148 1360 335 189 108 1
-1 2992 15964 1388 476 -657 430 1
-1 2992 15964 1388 476 -657 430 1
-1 2756 17664 2284 -160 -71 390 1
-1 2756 17664 2284 -160 -71 390 1
-1 2992 16124 1576 128 -239 357 1
-1 2992 16124 1576 128 -239 357 1
-1 3160 16220 1212 88 758 -358 1
-1 3160 16220 1212 88 758 -358 1
-1 2984 15856 1448 580 -987 835 1
-1 2984 15856 1448 580 -987 835 1
-1 3216 16056 1320 -58 774 -886 1
-1 3216 16056 1320 -58 774 -886 1
-1 3064 16008 1616 237 0 -886 1
-1 3064 16008 1616 237 0 -886 1
-1 3184 15960 1480 209 -54 -63 1
-1 3184 15960 1480 209 -54 -63 1
-1 3064 0 1480 209 -54 -63 1
-1 3064 0 1480 209 -54 -63 1
-1 3120 15892 1516 556 -319 358 1
-1 3120 15892 1516 556 -319 358 1
-1 3200 16076 1380 323 192 -152 1
-1 3200 16076 1380 323 192 -152 1
-1 3092 15976 12 0 192 -152 1
-1 3092 15976 12 0 192 -152 1
-1 3292 15928 1304 253 102 -330 1
-1 3292 15928 1304 253 102 -330 1
-1 0 15928 1304 253 102 -330 1
-1 0 15928 1304 253 102 -330 1
-1 2980 15980 1480 314 87 -87 1
-1 2980 15980 1480 314 87 -87 1
-1 2920 15960 1464 571 336 -135 1
-1 2920 15960 1464 571 336 -135 1
-1 2984 16088 1332 459 -57 194 1
-1 2984 16088 1332 459 -57 194 1
-1 2948 15984 1416 759 -163 215 1
-1 2948 15984 1416 759 -163 215 1
-1 3140 15948 1448 1304 -51 663 1
-1 3140 15948 1448 1304 -51 663 1
-1 3184 16204 1668 1133 236 -166 1
-1 3184 16204 1668 1133 236 -166 1
-1 2992 15228 176 -589 480 275 1
-1 2992 15228 176 -589 480 275 1
-1 4052 15048 380 259 -61 -148 1
-1 4052 15048 380 259 -61 -148 1
-1 2848 14924 172 -550 163 221 1
-1 2848 14924 172 -550 163 221 1
-1 2148 16336 2620 3008 -1366 1576 1
-1 2148 16336 2620 3008 -1366 1576 1
-1 3052 16028 1004 538 427 -395 1
-1 3052 16028 1004 538 427 -395 1
-1 2716 17936 3256 1025 -88 230 1
-1 2716 17936 3256 1025 -88 230 1
-1 3592 15644 488 45 262 126 1
-1 3592 15644 488 45 262 126 1
-1 3444 15324 216 22 28 -515 1
-1 3444 15324 216 22 28 -515 1
-1 3172 13324 -1336 -1143 1151 -1327 1
-1 3172 13324 -1336 -1143 1151 -1327 1
-1 3212 15412 1252 390 27 40 1
-1 3212 15412 1252 390 27 40 1
-1 4292 14240 -3380 -665 1009 -1417 1
-1 4292 14240 -3380 -665 1009 -1417 1
-1 3708 16368 1252 1064 341 -599 1
-1 3708 16368 1252 1064 341 -599 1
-1 3536 16912 -156 1686 -1115 752 1
-1 3536 16912 -156 1686 -1115 752 1
-1 1180 18912 4616 2283 -1232 1968 1
-1 1180 18912 4616 2283 -1232 1968 1
-1 2864 14304 1576 4282 -2126 3647 1
-1 2864 14304 1576 4282 -2126 3647 1
-1 3440 11016 -288 1125 -739 -1344 1
-1 3440 11016 -288 1125 -739 -1344 1
-1 5744 14908 -3676 1476 -608 772 1
-1 5744 14908 -3676 1476 -608 772 1
-1 3276 15516 2384 5671 -2705 1787 1
-1 3276 15516 2384 5671 -2705 1787 1
-1 2500 17396 548 1746 -359 1061 1
-1 2500 17396 548 1746 -359 1061 1
-1 2796 16496 1120 -1990 1305 -1799 1
-1 2796 16496 1120 -1990 1305 -1799 1
-1 2516 17196 2472 -438 403 -638 1
-1 2516 17196 2472 -438 403 -638 1
-1 3180 14596 -1156 -1255 193 -1680 1
-1 3180 14596 -1156 -1255 193 -1680 1
-1 2680 16132 1056 -455 289 -1318 1
-1 2680 16132 1056 -455 289 -1318 1
-1 3456 14340 -2500 426 269 -311 1
-1 3456 14340 -2500 426 269 -311 1
-1 3340 19740 1908 2071 -913 1036 1
-1 3340 19740 1908 2071 -913 1036 1
-1 2884 14264 -2876 -1776 1581 -1292 1
-1 2884 14264 -2876 -1776 1581 -1292 1
-1 4188 13508 -1024 611 -501 -394 1
-1 4188 13508 -1024 611 -501 -394 1
-1 3072 21516 2568 3150 -1592 2540 1
-1 3072 21516 2568 3150 -1592 2540 1
-1 3280 13732 620 -294 1074 -2009 1
-1 3280 13732 620 -294 1074 -2009 1
-1 4360 13988 -4012 -3994 2167 -4266 1
-1 4360 13988 -4012 -3994 2167 -4266 1
-1 4080 12908 -2716 791 -470 1116 1
-1 4080 12908 -2716 791 -470 1116 1
-1 1188 26148 6476 4375 -1200 3556 1
-1 1188 26148 6476 4375 -1200 3556 1
-1 3764 18588 -628 1486 -600 1664 1
-1 3764 18588 -628 1486 -600 1664 1
-1 2648 16956 5276 244 -223 -1446 1
-1 2648 16956 5276 244 -223 -1446 1
-1 1132 16576 1820 -447 -194 -1681 1
-1 1132 16576 1820 -447 -194 -1681 1
-1 3796 15592 -268 1556 -906 -367 1
-1 3796 15592 -268 1556 -906 -367 1
-1 3608 19460 3512 1647 -595 1462 1
-1 3608 19460 3512 1647 -595 1462 1
-1 3424 18004 808 1054 -541 1760 1
-1 3424 18004 808 1054 -541 1760 1
-1 620 17908 3384 2172 -781 1043 1
-1 620 17908 3384 2172 -781 1043 1
-1 5224 11068 -6332 -1308 721 -1751 1
-1 5224 11068 -6332 -1308 721 -1751 1
-1 3208 18312 2436 -577 -242 -487 1
-1 3208 18312 2436 -577 -242 -487 1
-1 4072 16564 -1552 199 186 974 1
-1 4072 16564 -1552 199 186 974 1
-1 3564 17548 1436 600 15 -83 1
-1 3564 17548 1436 600 15 -83 1
-1 3088 15408 -1424 -1020 623 -964 1
-1 3088 15408 -1424 -1020 623 -964 1
-1 3676 15488 -516 -1208 1456 -1959 1
-1 3676 15488 -516 -1208 1456 -1959 1
-1 3536 17248 596 1357 -398 678 1
-1 3536 17248 596 1357 -398 678 1
-1 2832 16668 612 -312 234 696 1
-1 2832 16668 612 -312 234 696 1
-1 4796 16900 1172 284 -339 1429 1
-1 4796 16900 1172 284 -339 1429 1
-1 3300 16824 1260 1808 -2706 2883 1
-1 3300 16824 1260 1808 -2706 2883 1
-1 2396 17664 1876 1817 -157 1281 1
-1 2396 17664 1876 1817 -157 1281 1
-1 2124 17216 1708 1933 -999 1230 1
-1 2124 17216 1708 1933 -999 1230 1
-1 1176 23240 8456 1738 -873 1235 1
-1 1176 23240 8456 1738 -873 1235 1
-1 384 28972 11360 6677 -3265 4046 1
-1 384 28972 11360 6677 -3265 4046 1
-1 2724 18208 -276 623 612 -15 1
-1 2724 18208 -276 623 612 -15 1
-1 3752 19236 2604 -2544 6672 -669 1
-1 3752 19236 2604 -2544 6672 -669 1
-1 6804 23460 4384 4389 -2425 8894 1
-1 6804 23460 4384 4389 -2425 8894 1
-1 7952 21964 -1080 4363 -1205 13560 1
-1 7952 21964 -1080 4363 -1205 13560 1
-1 8500 18984 -2192 4289 -2851 16754 1
-1 8500 18984 -2192 4289 -2851 16754 1
-1 7084 16948 -2940 5073 -1891 19420 1
-1 7084 16948 -2940 5073 -1891 19420 1
-1 9916 8040 -3772 739 -3311 22904 1
-1 9916 8040 -3772 739 -3311 22904 1
-1 10916 5760 -2204 -310 902 18826 1
-1 10916 5760 -2204 -310 902 18826 1
-1 10836 6240 -2032 -178 1675 15619 1
-1 10836 6240 -2032 -178 1675 15619 1
-1 15212 4700 -2476 -153 2031 8123 1
-1 15212 4700 -2476 -153 2031 8123 1
-1 13984 3688 -1560 11 -430 14321 1
-1 13984 3688 -1560 11 -430 14321 1
-1 15412 2204 -1028 1145 3342 7046 1
-1 15412 2204 -1028 1145 3342 7046 1
-1 17644 1640 84 738 942 5162 1
-1 17644 1640 84 738 942 5162 1
-1 16780 -572 -4280 726 5113 1408 1
-1 16780 -572 -4280 726 5113 1408 1
-1 20212 1444 480 265 -2961 5623 1
-1 20212 1444 480 265 -2961 5623 1
-1 17192 436 -1724 1259 -3524 4122 1
-1 17192 436 -1724 1259 -3524 4122 1
-1 17344 -272 -2740 2247 -2801 3595 1
-1 17344 -272 -2740 2247 -2801 3595 1
-1 17016 -1192 -2164 278 1215 -620 1
-1 17016 -1192 -2164 278 1215 -620 1
-1 17596 156 -2904 -80 3074 -4434 1
-1 17596 156 -2904 -80 3074 -4434 1
-1 16852 -1276 -4292 362 -2988 1294 1
-1 16852 -1276 -4292 362 -2988 1294 1
-1 17068 2100 -2144 842 1018 -5228 1
-1 17068 2100 -2144 842 1018 -5228 1
-1 18528 -1364 -2592 63 -1016 -2870 1
-1 18528 -1364 -2592 63 -1016 -2870 1
-1 17976 2772 -1812 555 1533 -5199 1
-1 17976 2772 -1812 555 1533 -5199 1
-1 16232 4732 -2044 1517 -473 -3084 1
-1 16232 4732 -2044 1517 -473 -3084 1
-1 16944 2700 -1432 810 -105 -3854 1
-1 16944 2700 -1432 810 -105 -3854 1
-1 16852 5960 192 -358 -1075 -3385 1
-1 16852 5960 192 -358 -1075 -3385 1
-1 15848 2536 -1428 338 1374 -4460 1
-1 15848 2536 -1428 338 1374 -4460 1
-1 15532 4620 -1828 900 568 -5034 1
-1 15532 4620 -1828 900 568 -5034 1
-1 21052 -1352 -13472 -3520 3662 -10252 1
-1 21052 -1352 -13472 -3520 3662 -10252 1
-1 15564 5764 -2876 -1821 2440 -7768 1
-1 15564 5764 -2876 -1821 2440 -7768 1
-1 15848 6696 -984 -1062 1133 -6835 1
-1 15848 6696 -984 -1062 1133 -6835 1
-1 15128 7584 -2080 -907 393 -5396 1
-1 15128 7584 -2080 -907 393 -5396 1
-1 15724 6352 -1668 -255 -325 -4624 1
-1 15724 6352 -1668 -255 -325 -4624 1
-1 14940 7972 -1900 302 -1124 -3155 1
-1 14940 7972 -1900 302 -1124 -3155 1
-1 15820 7692 -2308 57 1110 -5942 1
-1 15820 7692 -2308 57 1110 -5942 1
-1 15668 7688 -2472 527 -534 -4981 1
-1 15668 7688 -2472 527 -534 -4981 1
-1 13680 9340 -1252 288 236 -4400 1
-1 13680 9340 -1252 288 236 -4400 1
-1 14348 8956 -2320 143 749 -4425 1
-1 14348 8956 -2320 143 749 -4425 1
-1 13684 9648 -2904 599 469 -4320 1
-1 13684 9648 -2904 599 469 -4320 1
-1 12676 10804 -1048 7 1845 -7027 1
-1 12676 10804 -1048 7 1845 -7027 1
-1 14628 10464 -1532 -19 1615 -6465 1
-1 14628 10464 -1532 -19 1615 -6465 1
-1 11768 11984 -1516 477 712 -4239 1
-1 11768 11984 -1516 477 712 -4239 1
-1 12540 10116 -2800 -1198 802 -5270 1
-1 12540 10116 -2800 -1198 802 -5270 1
-1 11440 11880 -1712 -364 395 -6097 1
-1 11440 11880 -1712 -364 395 -6097 1
-1 11216 12952 -672 -612 1031 -6468 1
-1 11216 12952 -672 -612 1031 -6468 1
-1 10540 12264 -2044 -4 193 -5267 1
-1 10540 12264 -2044 -4 193 -5267 1
-1 10316 13068 -1112 -444 1287 -6352 1
-1 10316 13068 -1112 -444 1287 -6352 1
-1 9688 13992 -904 67 448 -4936 1
-1 9688 13992 -904 67 448 -4936 1
-1 9564 13452 -1660 386 160 -4361 1
-1 9564 13452 -1660 386 160 -4361 1
-1 7288 15940 2340 1034 -226 -5351 1
-1 7288 15940 2340 1034 -226 -5351 1
-1 7320 13856 -1068 -349 891 -5047 1
-1 7320 13856 -1068 -349 891 -5047 1
-1 6848 15564 -612 -611 1407 -6648 1
-1 6848 15564 -612 -611 1407 -6648 1
-1 8644 14908 -348 245 -251 -5692 1
-1 8644 14908 -348 245 -251 -5692 1
-1 6900 16360 1640 -998 1882 -7496 1
-1 6900 16360 1640 -998 1882 -7496 1
-1 4084 16540 1520 -2001 2876 -11428 1
-1 4084 16540 1520 -2001 2876 -11428 1
-1 2984 16484 1364 -1628 746 -7309 1
-1 2984 16484 1364 -1628 746 -7309 1
-1 -264 14580 -888 -3382 3361 -9445 1
-1 -264 14580 -888 -3382 3361 -9445 1
-1 808 18112 3116 -2485 2701 -6779 1
-1 808 18112 3116 -2485 2701 -6779 1
-1 1100 15872 2980 -5 -381 -6288 1
-1 1100 15872 2980 -5 -381 -6288 1
-1 1756 13320 -504 -5213 4600 -10777 1
-1 1756 13320 -504 -5213 4600 -10777 1
-1 888 14476 -764 -2310 2747 -6301 1
-1 888 14476 -764 -2310 2747 -6301 1
-1 -3600 18572 7464 1114 994 -2130 1
-1 -3600 18572 7464 1114 994 -2130 1
-1 -732 11324 -1816 -11431 7420 -19854 1
-1 -732 11324 -1816 -11431 7420 -19854 1
-1 -4164 17268 6484 2821 -201 2270 1
-1 -4164 17268 6484 2821 -201 2270 1
-1 -2104 13392 -164 -5952 7277 -13148 1
-1 -2104 13392 -164 -5952 7277 -13148 1
-1 -5048 14300 5156 494 -1033 -93 1
-1 -5048 14300 5156 494 -1033 -93 1
-1 -5464 12948 -808 -2222 3270 -6035 1
-1 -5464 12948 -808 -2222 3270 -6035 1
-1 -4244 14776 4784 -738 4727 -4229 1
-1 -4244 14776 4784 -738 4727 -4229 1
-1 -4468 12208 1496 1258 33 -2734 1
-1 -4468 12208 1496 1258 33 -2734 1
-1 -4796 13648 4692 626 6644 -7187 1
-1 -4796 13648 4692 626 6644 -7187 1
-1 -8456 12300 1780 238 -745 1069 1
-1 -8456 12300 1780 238 -745 1069 1
-1 -6544 13616 3704 1386 4182 -1672 1
-1 -6544 13616 3704 1386 4182 -1672 1
-1 -8516 13192 1696 1912 -734 561 1
-1 -8516 13192 1696 1912 -734 561 1
-1 -8524 13112 2368 -2044 3490 -4855 1
-1 -8524 13112 2368 -2044 3490 -4855 1
-1 -8176 12648 2480 1060 -1471 -398 1
-1 -8176 12648 2480 1060 -1471 -398 1
-1 -7968 12792 3532 1587 1843 1657 1
-1 -7968 12792 3532 1587 1843 1657 1
-1 -7472 13736 2080 -3109 4564 -4839 1
-1 -7472 13736 2080 -3109 4564 -4839 1
-1 -6684 13152 2092 -2932 4303 -5202 1
-1 -6684 13152 2092 -2932 4303 -5202 1
-1 -9072 12296 2240 747 501 -1702 1
-1 -9072 12296 2240 747 501 -1702 1
-1 -9408 12576 2648 -2444 2261 -1281 1
-1 -9408 12576 2648 -2444 2261 -1281 1
-1 -8456 12284 372 790 -1670 2193 1
-1 -8456 12284 372 790 -1670 2193 1
-1 -7556 12468 -1336 362 -1428 5276 1
-1 -7556 12468 -1336 362 -1428 5276 1
-1 -7424 15616 6604 5418 264 11453 1
-1 -7424 15616 6604 5418 264 11453 1
-1 -8420 16600 2920 19282 -18145 32588 1
-1 -8420 16600 2920 19282 -18145 32588 1
-1 -4384 17568 4380 17522 -561 32767 1
-1 -4384 17568 4380 17522 -561 32767 1
-1 3500 14540 -1224 8200 -3483 32767 1
-1 3500 14540 -1224 8200 -3483 32767 1
-1 8588 17056 3708 -4896 3590 29427 1
-1 8588 17056 3708 -4896 3590 29427 1
-1 12900 7140 -7120 1226 -9732 32767 1
-1 12900 7140 -7120 1226 -9732 32767 1
-1 13560 9480 -172 -6653 1337 19795 1
-1 13560 9480 -172 -6653 1337 19795 1
-1 14712 9340 -540 -1830 -2635 22629 1
-1 14712 9340 -540 -1830 -2635 22629 1
-1 14656 7300 -1648 -3360 -240 14202 1
-1 14656 7300 -1648 -3360 -240 14202 1
-1 19948 4572 880 4349 1849 4394 1
-1 19948 4572 880 4349 1849 4394 1
-1 17804 6016 -176 3142 -6963 8113 1
-1 17804 6016 -176 3142 -6963 8113 1
-1 16860 1584 -2932 1951 -1197 757 1
-1 16860 1584 -2932 1951 -1197 757 1
-1 16644 1660 -2652 2338 1406 1713 1
-1 16644 1660 -2652 2338 1406 1713 1
-1 18112 -308 -4580 -1096 1067 -3289 1
-1 18112 -308 -4580 -1096 1067 -3289 1
-1 17656 1520 -2900 -2288 -1837 204 1
-1 17656 1520 -2900 -2288 -1837 204 1
-1 16404 2708 -3240 -1077 -1841 -61 1
-1 16404 2708 -3240 -1077 -1841 -61 1
-1 19932 -1520 -10128 -3834 5300 -7657 1
-1 19932 -1520 -10128 -3834 5300 -7657 1
-1 16076 2364 -5188 -1680 1890 -1694 1
-1 16076 2364 -5188 -1680 1890 -1694 1
-1 17972 2244 -3208 -426 869 -2224 1
-1 17972 2244 -3208 -426 869 -2224 1
-1 17124 1872 -4548 -2016 4137 -5880 1
-1 17124 1872 -4548 -2016 4137 -5880 1
-1 18308 2328 -5312 -1068 -1515 -2829 1
-1 18308 2328 -5312 -1068 -1515 -2829 1
-1 17044 5012 -4372 -2194 -1424 -2564 1
-1 17044 5012 -4372 -2194 -1424 -2564 1
-1 18424 1920 -6756 -2102 6613 -9519 1
-1 18424 1920 -6756 -2102 6613 -9519 1
-1 14884 8512 -328 -541 -617 -1444 1
-1 14884 8512 -328 -541 -617 -1444 1
-1 16500 6296 -1028 -407 -2408 -2371 1
-1 16500 6296 -1028 -407 -2408 -2371 1
-1 16544 6872 -1068 -165 838 -6023 1
-1 16544 6872 -1068 -165 838 -6023 1
-1 15988 6392 -3272 -632 156 -7217 1
-1 15988 6392 -3272 -632 156 -7217 1
-1 14572 9884 2048 894 -2618 -6914 1
-1 14572 9884 2048 894 -2618 -6914 1
-1 12420 10824 928 -379 3848 -11489 1
-1 12420 10824 928 -379 3848 -11489 1
-1 15252 9308 -2904 -3680 1186 -13476 1
-1 15252 9308 -2904 -3680 1186 -13476 1
-1 11204 11316 -3560 -1737 2959 -12828 1
-1 11204 11316 -3560 -1737 2959 -12828 1
-1 8772 14956 3700 652 -3422 -6286 1
-1 8772 14956 3700 652 -3422 -6286 1
-1 9908 14900 4048 252 2769 -10988 1
-1 9908 14900 4048 252 2769 -10988 1
-1 10052 11696 -4592 -2555 3656 -12091 1
-1 10052 11696 -4592 -2555 3656 -12091 1
-1 7288 15952 -28 -101 1924 -7835 1
-1 7288 15952 -28 -101 1924 -7835 1
-1 6424 15528 1688 152 4393 -9035 1
-1 6424 15528 1688 152 4393 -9035 1
-1 7768 14620 196 1499 -959 -2596 1
-1 7768 14620 196 1499 -959 -2596 1
-1 5292 13368 -472 1232 29 -5928 1
-1 5292 13368 -472 1232 29 -5928 1
-1 7088 12792 -3296 387 943 -3708 1
-1 7088 12792 -3296 387 943 -3708 1
-1 4740 15748 -552 236 2205 -6787 1
-1 4740 15748 -552 236 2205 -6787 1
-1 4176 18252 3932 2847 -235 -2806 1
-1 4176 18252 3932 2847 -235 -2806 1
-1 3892 17028 920 973 1088 -5184 1
-1 3892 17028 920 973 1088 -5184 1
-1 2424 18636 2552 -826 1788 -4981 1
-1 2424 18636 2552 -826 1788 -4981 1
-1 3516 16044 -176 430 421 -4000 1
-1 3516 16044 -176 430 421 -4000 1
-1 900 19828 4676 770 1773 -4161 1
-1 900 19828 4676 770 1773 -4161 1
-1 2340 16060 -784 38 -341 -2720 1
-1 2340 16060 -784 38 -341 -2720 1
-1 1440 19796 3008 589 1359 -4488 1
-1 1440 19796 3008 589 1359 -4488 1
-1 2064 16960 1624 2250 -847 -262 1
-1 2064 16960 1624 2250 -847 -262 1
-1 -4188 16192 -36 1304 2445 -4005 1
-1 -4188 16192 -36 1304 2445 -4005 1
-1 -5808 16164 456 -1165 3292 -6673 1
-1 -5808 16164 456 -1165 3292 -6673 1
-1 -3580 15792 -228 996 2404 -3022 1
-1 -3580 15792 -228 996 2404 -3022 1
-1 -6236 15200 112 -1052 1120 -3863 1
-1 -6236 15200 112 -1052 1120 -3863 1
-1 -6288 15724 5648 -1601 1443 -4820 1
-1 -6288 15724 5648 -1601 1443 -4820 1
-1 -5652 13172 -3772 -3366 -445 -3366 1
-1 -5652 13172 -3772 -3366 -445 -3366 1
-1 -8200 14880 5736 -1836 651 -3851 1
-1 -8200 14880 5736 -1836 651 -3851 1
-1 -6284 14612 852 -853 -929 -136 1
-1 -6284 14612 852 -853 -929 -136 1
-1 -6148 14284 1284 -257 1751 -641 1
-1 -6148 14284 1284 -257 1751 -641 1
-1 -7080 14804 3072 191 -1126 760 1
-1 -7080 14804 3072 191 -1126 760 1
