-1 5388 21292 6232 1547 -6883 2190 1
-1 5596 18560 1480 1698 -6973 2460 1
-1 5596 18560 1480 1698 -6973 2460 1
-1 7344 15600 1232 769 -3630 154 1
-1 7344 15600 1232 769 -3630 154 1
-1 6104 13904 0 -1074 525 -1414 1
-1 6104 13904 0 -1074 525 -1414 1
-1 5228 13212 612 1608 1500 -4898 1
-1 5228 13212 612 1608 1500 -4898 1
-1 5484 11964 -556 -3036 -2231 1343 1
-1 5484 11964 -556 -3036 -2231 1343 1
-1 2912 14000 2040 -996 5180 -4929 1
-1 2912 14000 2040 -996 5180 -4929 1
-1 4284 13080 1008 -1224 147 1476 1
-1 4284 13080 1008 -1224 147 1476 1
-1 3588 12800 836 -734 1203 -490 1
-1 3588 12800 836 -734 1203 -490 1
-1 5064 13380 3240 -1574 440 887 1
-1 5064 13380 3240 -1574 440 887 1
-1 5244 13064 448 -1684 -1318 991 1
-1 5244 13064 448 -1684 -1318 991 1
-1 6712 14128 2164 923 1776 772 1
-1 6712 14128 2164 923 1776 772 1
-1 6692 15880 6456 346 5172 -4243 1
-1 6692 15880 6456 346 5172 -4243 1
-1 2796 15644 2920 954 4173 -4491 1
-1 2796 15644 2920 954 4173 -4491 1
-1 4096 14872 2756 1231 -1812 -171 1
-1 4096 14872 2756 1231 -1812 -171 1
-1 3140 15736 2980 623 4357 -5759 1
-1 3140 15736 2980 623 4357 -5759 1
-1 1564 15416 2180 3697 -2894 513 1
-1 1564 15416 2180 3697 -2894 513 1
-1 3772 15792 2924 192 4961 -6563 1
-1 3772 15792 2924 192 4961 -6563 1
-1 3232 16224 2496 1181 -2441 -394 1
-1 3232 16224 2496 1181 -2441 -394 1
-1 2428 15860 1880 -1196 2165 -1212 1
-1 2428 15860 1880 -1196 2165 -1212 1
-1 1232 16080 2136 -460 2432 -1861 1
-1 1232 16080 2136 -460 2432 -1861 1
-1 1496 15744 3116 204 782 -100 1
-1 1496 15744 3116 204 782 -100 1
-1 1844 15988 2820 460 597 -307 1
-1 1844 15988 2820 460 597 -307 1
-1 1604 16336 2812 397 244 347 1
-1 1604 16336 2812 397 244 347 1
-1 1904 15460 2660 1058 -1844 2105 1
-1 1904 15460 2660 1058 -1844 2105 1
-1 1896 15752 2800 326 -427 844 1
-1 1896 15752 2800 326 -427 844 1
-1 2068 16036 2980 1107 -840 1414 1
-1 2068 16036 2980 1107 -840 1414 1
-1 3248 15872 2776 -317 1200 146 1
-1 3248 15872 2776 -317 1200 146 1
-1 2204 16180 2612 -215 2476 -2392 1
-1 2204 16180 2612 -215 2476 -2392 1
-1 1576 15880 2400 182 -962 886 1
-1 1576 15880 2400 182 -962 886 1
-1 3560 15068 2104 1094 -1772 139 1
-1 3560 15068 2104 1094 -1772 139 1
-1 2492 15484 2940 -426 715 -1008 1
-1 2492 15484 2940 -426 715 -1008 1
-1 2308 15772 3056 215 108 -287 1
-1 2308 15772 3056 215 108 -287 1
-1 2068 15772 2264 693 -1156 562 1
-1 2068 15772 2264 693 -1156 562 1
-1 2340 15652 3496 870 -222 870 1
-1 2340 15652 3496 870 -222 870 1
-1 2612 15628 2272 358 1167 -221 1
-1 2612 15628 2272 358 1167 -221 1
-1 2116 15928 3036 800 31 793 1
-1 2116 15928 3036 800 31 793 1
-1 2596 15796 2932 432 238 31 1
-1 2596 15796 2932 432 238 31 1
-1 2476 15704 2460 926 -604 941 1
-1 2476 15704 2460 926 -604 941 1
-1 2384 15796 2912 322 478 -235 1
-1 2384 15796 2912 322 478 -235 1
-1 2648 15664 2328 108 760 -323 1
-1 2648 15664 2328 108 760 -323 1
-1 2484 15704 2768 340 432 -161 1
-1 2484 15704 2768 340 432 -161 1
-1 2424 15968 2672 378 388 -163 1
-1 2424 15968 2672 378 388 -163 1
-1 2520 15768 2596 722 -989 1159 1
-1 2520 15768 2596 722 -989 1159 1
-1 2416 15860 2796 194 776 -489 1
-1 2416 15860 2796 194 776 -489 1
-1 2028 16348 3376 782 -473 575 1
-1 2028 16348 3376 782 -473 575 1
-1 2484 15768 2532 258 -55 60 1
-1 2484 15768 2532 258 -55 60 1
-1 2608 15580 2736 485 157 -236 1
-1 2608 15580 2736 485 157 -236 1
-1 2216 16312 2848 767 -454 494 1
-1 2216 16312 2848 767 -454 494 1
-1 2568 15760 2572 246 -11 -95 1
-1 2568 15760 2572 246 -11 -95 1
-1 2480 15616 2672 459 -204 -108 1
-1 2480 15616 2672 459 -204 -108 1
-1 2516 15768 2632 310 -136 38 1
-1 2516 15768 2632 310 -136 38 1
-1 2480 15812 2716 315 -7 226 1
-1 2480 15812 2716 315 -7 226 1
-1 2448 15908 2592 444 -25 -84 1
-1 2448 15908 2592 444 -25 -84 1
-1 2640 15796 2600 428 -226 2 1
-1 2640 15796 2600 428 -226 2 1
-1 2324 15836 2664 467 -96 266 1
-1 2324 15836 2664 467 -96 266 1
-1 2420 15848 2644 363 -102 -96 1
-1 2420 15848 2644 363 -102 -96 1
-1 2448 15756 2676 384 -68 92 1
-1 2448 15756 2676 384 -68 92 1
-1 2500 15748 2676 496 -138 245 1
-1 2500 15748 2676 496 -138 245 1
-1 2504 15824 2576 322 -102 -141 1
-1 2504 15824 2576 322 -102 -141 1
-1 2552 15776 2592 434 -131 151 1
-1 2552 15776 2592 434 -131 151 1
-1 2704 15924 2556 444 -52 -11 1
-1 2704 15924 2556 444 -52 -11 1
-1 2608 15644 2688 446 -141 -63 1
-1 2608 15644 2688 446 -141 -63 1
-1 2456 15632 2712 894 -229 663 1
-1 2456 15632 2712 894 -229 663 1
-1 2712 15008 1972 613 446 -295 1
-1 2712 15008 1972 613 446 -295 1
-1 2548 14084 1564 -125 127 -68 1
-1 2548 14084 1564 -125 127 -68 1
-1 2684 14044 3380 2460 -1122 1471 1
-1 2684 14044 3380 2460 -1122 1471 1
-1 3516 15076 2296 918 -78 -467 1
-1 3516 15076 2296 918 -78 -467 1
-1 3232 14004 -404 -208 281 -486 1
-1 3232 14004 -404 -208 281 -486 1
-1 2304 15608 2516 1707 -316 19 1
-1 2304 15608 2516 1707 -316 19 1
-1 2896 15844 2608 746 -15 -561 1
-1 2896 15844 2608 746 -15 -561 1
-1 1932 15628 2648 717 -117 -662 1
-1 1932 15628 2648 717 -117 -662 1
-1 1492 16860 4740 1084 59 -339 1
-1 1492 16860 4740 1084 59 -339 1
-1 2064 15868 2592 1968 -765 446 1
-1 2064 15868 2592 1968 -765 446 1
-1 2360 14328 -8 -292 755 -1220 1
-1 2360 14328 -8 -292 755 -1220 1
-1 2396 15368 1888 233 -45 -602 1
-1 2396 15368 1888 233 -45 -602 1
-1 2632 16136 2596 536 -241 154 1
-1 2632 16136 2596 536 -241 154 1
-1 1372 16404 3952 903 111 -1032 1
-1 1372 16404 3952 903 111 -1032 1
-1 1796 16004 2076 -647 750 -2123 1
-1 1796 16004 2076 -647 750 -2123 1
-1 1600 16240 3132 669 316 -810 1
-1 1600 16240 3132 669 316 -810 1
-1 1332 15484 704 -574 750 -1926 1
-1 1332 15484 704 -574 750 -1926 1
-1 2432 15748 2560 646 -43 -1118 1
-1 2432 15748 2560 646 -43 -1118 1
-1 1092 15144 2236 999 -637 37 1
-1 1092 15144 2236 999 -637 37 1
-1 2640 14756 -144 1199 -8 391 1
-1 2640 14756 -144 1199 -8 391 1
-1 3200 12664 -1080 -1176 847 -1812 1
-1 3200 12664 -1080 -1176 847 -1812 1
-1 1356 16984 2216 1883 -1084 1822 1
-1 1356 16984 2216 1883 -1084 1822 1
-1 1296 16652 4092 1349 0 -80 1
-1 1296 16652 4092 1349 0 -80 1
-1 5224 15176 -2896 132 564 -586 1
-1 5224 15176 -2896 132 564 -586 1
-1 5592 14852 -3048 91 833 -742 1
-1 5592 14852 -3048 91 833 -742 1
-1 1660 15240 -2092 410 1234 -2282 1
-1 1660 15240 -2092 410 1234 -2282 1
-1 -1340 20496 6332 1879 81 -405 1
-1 -1340 20496 6332 1879 81 -405 1
-1 3592 10768 -3292 -1882 582 -911 1
-1 3592 10768 -3292 -1882 582 -911 1
-1 5728 14480 -4636 293 739 995 1
-1 5728 14480 -4636 293 739 995 1
-1 660 17412 3720 954 -1088 1949 1
-1 660 17412 3720 954 -1088 1949 1
-1 2764 14860 4 -379 69 505 1
-1 2764 14860 4 -379 69 505 1
-1 3172 14564 -2324 -1975 2066 -2361 1
-1 3172 14564 -2324 -1975 2066 -2361 1
-1 140 18252 5588 2765 -1825 3277 1
-1 140 18252 5588 2765 -1825 3277 1
-1 904 18348 3220 -1186 1781 -1968 1
-1 904 18348 3220 -1186 1781 -1968 1
-1 3136 16956 1984 184 -708 -715 1
-1 3136 16956 1984 184 -708 -715 1
-1 1468 15492 -708 306 -602 -969 1
-1 1468 15492 -708 306 -602 -969 1
-1 4360 11532 -5476 -1368 1227 -2390 1
-1 4360 11532 -5476 -1368 1227 -2390 1
-1 384 13548 1728 2356 -1295 745 1
-1 384 13548 1728 2356 -1295 745 1
-1 2144 18276 4020 2591 -671 2500 1
-1 2144 18276 4020 2591 -671 2500 1
-1 116 21128 7276 1964 -1094 1332 1
-1 116 21128 7276 1964 -1094 1332 1
-1 2044 14788 -1712 -33 -410 267 1
-1 2044 14788 -1712 -33 -410 267 1
-1 3160 15624 -1360 -1045 795 -887 1
-1 3160 15624 -1360 -1045 795 -887 1
-1 4744 15636 -672 -1900 1291 -2538 1
-1 4744 15636 -672 -1900 1291 -2538 1
-1 1844 14260 -3136 -2069 2082 -2484 1
-1 1844 14260 -3136 -2069 2082 -2484 1
-1 4432 15820 -1300 -9 531 -1357 1
-1 4432 15820 -1300 -9 531 -1357 1
-1 620 13608 -524 -1979 2027 -2960 1
-1 620 13608 -524 -1979 2027 -2960 1
-1 3508 13576 -2692 -2130 1328 -1774 1
-1 3508 13576 -2692 -2130 1328 -1774 1
-1 1336 13216 -656 -326 412 -2459 1
-1 1336 13216 -656 -326 412 -2459 1
-1 760 18460 2924 1844 -378 999 1
-1 760 18460 2924 1844 -378 999 1
-1 784 13052 -260 -1081 54 -374 1
-1 784 13052 -260 -1081 54 -374 1
-1 2644 10444 -3076 -1118 345 -379 1
-1 2644 10444 -3076 -1118 345 -379 1
-1 1420 15892 316 921 22 -1504 1
-1 1420 15892 316 921 22 -1504 1
-1 2372 18644 1556 1670 -423 658 1
-1 2372 18644 1556 1670 -423 658 1
-1 1864 16208 1308 -1138 -153 -302 1
-1 1864 16208 1308 -1138 -153 -302 1
-1 1128 15988 1692 -978 -644 -701 1
-1 1128 15988 1692 -978 -644 -701 1
-1 2868 19548 3528 6216 8111 7185 1
-1 2868 19548 3528 6216 8111 7185 1
-1 4308 20792 3188 5113 -2370 7014 1
-1 4308 20792 3188 5113 -2370 7014 1
-1 3416 23752 3540 5144 -2215 7913 1
-1 3416 23752 3540 5144 -2215 7913 1
-1 5272 19324 -2508 3566 -3741 15058 1
-1 5272 19324 -2508 3566 -3741 15058 1
-1 4896 16592 -3040 2740 321 18894 1
-1 4896 16592 -3040 2740 321 18894 1
-1 7904 13452 -2380 1387 -5280 25744 1
-1 7904 13452 -2380 1387 -5280 25744 1
-1 9252 11384 -2608 -296 2424 20170 1
-1 9252 11384 -2608 -296 2424 20170 1
-1 7932 9368 -2932 -1214 -2055 21839 1
-1 7932 9368 -2932 -1214 -2055 21839 1
-1 15208 7196 -1332 -968 502 13153 1
-1 15208 7196 -1332 -968 502 13153 1
-1 12424 7920 -756 -644 617 12515 1
-1 12424 7920 -756 -644 617 12515 1
-1 15512 6148 -908 1350 -2388 13278 1
-1 15512 6148 -908 1350 -2388 13278 1
-1 12200 5664 -2168 -56 -1941 12231 1
-1 12200 5664 -2168 -56 -1941 12231 1
-1 16956 1988 -1536 1677 1619 10639 1
-1 16956 1988 -1536 1677 1619 10639 1
-1 14152 3592 -1164 3185 -5694 16970 1
-1 14152 3592 -1164 3185 -5694 16970 1
-1 18000 368 -2848 -41 -1424 9393 1
-1 18000 368 -2848 -41 -1424 9393 1
-1 16564 -456 -2624 1496 -994 6423 1
-1 16564 -456 -2624 1496 -994 6423 1
-1 17148 -1208 -1992 1882 -4591 8465 1
-1 17148 -1208 -1992 1882 -4591 8465 1
-1 16204 -384 -2056 2160 -1607 2357 1
-1 16204 -384 -2056 2160 -1607 2357 1
-1 16780 -1712 -4016 421 484 -1181 1
-1 16780 -1712 -4016 421 484 -1181 1
-1 17680 -2376 -3168 412 2040 -2346 1
-1 17680 -2376 -3168 412 2040 -2346 1
-1 15292 -960 -3936 800 1044 -1865 1
-1 15292 -960 -3936 800 1044 -1865 1
-1 17944 -892 -1124 808 -394 -1213 1
-1 17944 -892 -1124 808 -394 -1213 1
-1 16536 1048 -2032 1701 -1454 -1246 1
-1 16536 1048 -2032 1701 -1454 -1246 1
-1 17516 -1580 -3392 706 -2048 374 1
-1 17516 -1580 -3392 706 -2048 374 1
-1 15916 -1656 -4692 -411 -2231 1694 1
-1 15916 -1656 -4692 -411 -2231 1694 1
-1 16836 -1800 -5908 1355 -1059 -2418 1
-1 16836 -1800 -5908 1355 -1059 -2418 1
-1 17272 1124 -3436 -72 940 -3949 1
-1 17272 1124 -3436 -72 940 -3949 1
-1 17088 68 -3724 -803 564 -3998 1
-1 17088 68 -3724 -803 564 -3998 1
-1 17044 416 -4128 -1384 2764 -6634 1
-1 17044 416 -4128 -1384 2764 -6634 1
-1 18732 876 -3532 -567 -5 -2308 1
-1 18732 876 -3532 -567 -5 -2308 1
-1 16812 2872 -2976 -842 1466 -5379 1
-1 16812 2872 -2976 -842 1466 -5379 1
-1 16496 5976 -1528 -299 925 -2637 1
-1 16496 5976 -1528 -299 925 -2637 1
-1 17292 3056 -2520 -711 -337 -1246 1
-1 17292 3056 -2520 -711 -337 -1246 1
-1 17040 732 -4508 -824 -331 -2613 1
-1 17040 732 -4508 -824 -331 -2613 1
-1 17856 3332 -2172 699 -1231 -845 1
-1 17856 3332 -2172 699 -1231 -845 1
-1 16520 3480 -3036 155 196 -2970 1
-1 16520 3480 -3036 155 196 -2970 1
-1 16484 3196 -3176 449 25 -1543 1
-1 16484 3196 -3176 449 25 -1543 1
-1 17644 2564 -4608 -142 1902 -4084 1
-1 17644 2564 -4608 -142 1902 -4084 1
-1 16540 4396 -3712 -158 374 -2559 1
-1 16540 4396 -3712 -158 374 -2559 1
-1 16820 4580 -2752 -430 618 -3530 1
-1 16820 4580 -2752 -430 618 -3530 1
-1 16536 7064 -1084 941 -149 -726 1
-1 16536 7064 -1084 941 -149 -726 1
-1 16008 7444 -860 1355 -1294 797 1
-1 16008 7444 -860 1355 -1294 797 1
-1 17012 6512 -2152 184 -143 1845 1
-1 17012 6512 -2152 184 -143 1845 1
-1 17304 4716 -2224 653 -573 2370 1
-1 17304 4716 -2224 653 -573 2370 1
-1 16600 4532 -3160 426 -363 141 1
-1 16600 4532 -3160 426 -363 141 1
-1 15408 3500 -2512 -488 -48 -1107 1
-1 15408 3500 -2512 -488 -48 -1107 1
-1 16628 5228 -1704 -1364 1735 -4940 1
-1 16628 5228 -1704 -1364 1735 -4940 1
-1 17268 7712 -3412 -870 2312 -8877 1
-1 17268 7712 -3412 -870 2312 -8877 1
-1 14952 8136 -2316 -4348 7470 -22029 1
-1 14952 8136 -2316 -4348 7470 -22029 1
-1 13632 10368 -832 -5338 5665 -22721 1
-1 13632 10368 -832 -5338 5665 -22721 1
-1 7548 14188 1408 -458 754 -11507 1
-1 7548 14188 1408 -458 754 -11507 1
-1 12676 13852 2636 400 2834 -13318 1
-1 12676 13852 2636 400 2834 -13318 1
-1 6580 14076 4204 887 1544 -9573 1
-1 6580 14076 4204 887 1544 -9573 1
-1 9548 13268 436 -3188 5795 -12254 1
-1 9548 13268 436 -3188 5795 -12254 1
-1 7752 12676 -2780 -2468 5532 -10913 1
-1 7752 12676 -2780 -2468 5532 -10913 1
-1 4648 15188 5308 -87 1274 -9387 1
-1 4648 15188 5308 -87 1274 -9387 1
-1 5580 14380 1784 -3329 3570 -10940 1
-1 5580 14380 1784 -3329 3570 -10940 1
-1 3136 15688 2236 -2878 4515 -13041 1
-1 3136 15688 2236 -2878 4515 -13041 1
-1 -640 16572 3144 -2855 2631 -12594 1
-1 -640 16572 3144 -2855 2631 -12594 1
-1 4616 15284 704 -9707 10889 -20182 1
-1 4616 15284 704 -9707 10889 -20182 1
-1 -4104 14168 3692 -1739 522 -4087 1
-1 -4104 14168 3692 -1739 522 -4087 1
-1 -2200 16344 5128 -3353 4699 -13791 1
-1 -2200 16344 5128 -3353 4699 -13791 1
-1 -3388 15656 4704 -2565 4355 -9987 1
-1 -3388 15656 4704 -2565 4355 -9987 1
-1 -5460 17184 5076 -2795 1459 -5684 1
-1 -5460 17184 5076 -2795 1459 -5684 1
-1 -2712 17156 5648 1296 2178 -4507 1
-1 -2712 17156 5648 1296 2178 -4507 1
-1 -6188 12260 1672 -504 -2455 922 1
-1 -6188 12260 1672 -504 -2455 922 1
-1 -7716 13000 3824 -2414 2370 -7750 1
-1 -7716 13000 3824 -2414 2370 -7750 1
-1 -5412 13432 4844 -737 1889 -5638 1
-1 -5412 13432 4844 -737 1889 -5638 1
-1 -7388 13336 5096 -1040 3948 -3991 1
-1 -7388 13336 5096 -1040 3948 -3991 1
-1 -6884 13400 3920 360 -215 -1750 1
-1 -6884 13400 3920 360 -215 -1750 1
-1 -7104 12952 4188 541 2581 -4075 1
-1 -7104 12952 4188 541 2581 -4075 1
-1 -7204 13008 4156 -38 -1247 -4263 1
-1 -7204 13008 4156 -38 -1247 -4263 1
-1 -9464 11820 3964 794 740 -504 1
-1 -9464 11820 3964 794 740 -504 1
-1 -8948 12540 4700 338 2720 -2062 1
-1 -8948 12540 4700 338 2720 -2062 1
-1 -8032 11548 4764 936 1230 -3457 1
-1 -8032 11548 4764 936 1230 -3457 1
-1 -8292 11640 4740 -1175 1581 -2695 1
-1 -8292 11640 4740 -1175 1581 -2695 1
-1 -9648 11260 4032 -1645 1723 -6027 1
-1 -9648 11260 4032 -1645 1723 -6027 1
-1 -7076 10372 1316 4140 -10406 9172 1
-1 -7076 10372 1316 4140 -10406 9172 1
-1 -10556 11444 3824 -555 993 256 1
-1 -10556 11444 3824 -555 993 256 1
-1 -8832 10972 3832 302 1264 -192 1
-1 -8832 10972 3832 302 1264 -192 1
-1 -10284 10144 3808 -5102 4229 -7544 1
-1 -10284 10144 3808 -5102 4229 -7544 1
-1 -9196 11124 3132 212 -1831 1374 1
-1 -9196 11124 3132 212 -1831 1374 1
-1 -11028 10280 3460 -2248 2834 -2323 1
-1 -11028 10280 3460 -2248 2834 -2323 1
-1 -10472 10268 5492 1225 -87 1041 1
-1 -10472 10268 5492 1225 -87 1041 1
-1 -9988 9912 4916 2783 -2022 4786 1
-1 -9988 9912 4916 2783 -2022 4786 1
-1 -8396 10548 1704 2934 -1978 3062 1
-1 -8396 10548 1704 2934 -1978 3062 1
-1 -10704 12216 7156 6167 -5731 9874 1
-1 -10704 12216 7156 6167 -5731 9874 1
-1 -8144 13512 7004 18231 -4361 32767 1
-1 -8144 13512 7004 18231 -4361 32767 1
-1 -4780 16236 2832 17974 -7438 32767 1
-1 -4780 16236 2832 17974 -7438 32767 1
-1 -272 14852 -1036 8447 -8560 32767 1
-1 -272 14852 -1036 8447 -8560 32767 1
-1 1572 14708 1008 3222 2121 32767 1
-1 1572 14708 1008 3222 2121 32767 1
-1 8672 10304 -6508 1214 -672 32767 1
-1 8672 10304 -6508 1214 -672 32767 1
-1 19320 6936 -924 -552 4665 23986 1
-1 19320 6936 -924 -552 4665 23986 1
-1 14764 9284 -744 -2439 -2230 22216 1
-1 14764 9284 -744 -2439 -2230 22216 1
-1 18620 8124 3180 -2101 -2048 10354 1
-1 18620 8124 3180 -2101 -2048 10354 1
-1 15624 6732 52 -4611 -280 10727 1
-1 15624 6732 52 -4611 -280 10727 1
-1 15008 5664 -540 711 -484 6315 1
-1 15008 5664 -540 711 -484 6315 1
-1 18384 3044 1960 2312 805 8380 1
-1 18384 3044 1960 2312 805 8380 1
-1 16468 1840 -2224 1732 -5463 4218 1
-1 16468 1840 -2224 1732 -5463 4218 1
-1 14688 3088 -508 799 -3647 1273 1
-1 14688 3088 -508 799 -3647 1273 1
-1 16944 3176 -1548 -1615 -3528 -992 1
-1 16944 3176 -1548 -1615 -3528 -992 1
-1 17324 4460 384 -273 -1905 -3300 1
-1 17324 4460 384 -273 -1905 -3300 1
-1 14480 2916 -1156 -1685 -2315 -1400 1
-1 14480 2916 -1156 -1685 -2315 -1400 1
-1 16856 3584 -2076 -1238 8 -5057 1
-1 16856 3584 -2076 -1238 8 -5057 1
-1 13980 6012 1072 -251 -2457 -2912 1
-1 13980 6012 1072 -251 -2457 -2912 1
-1 15444 5372 28 -1041 -3982 -3818 1
-1 15444 5372 28 -1041 -3982 -3818 1
-1 16072 4872 -3724 -2327 -367 -6125 1
-1 16072 4872 -3724 -2327 -367 -6125 1
-1 15432 4648 -4728 -1945 1461 -4963 1
-1 15432 4648 -4728 -1945 1461 -4963 1
-1 15916 4460 -4512 -1271 1918 -5851 1
-1 15916 4460 -4512 -1271 1918 -5851 1
-1 15036 6720 -152 1031 -1874 -2333 1
-1 15036 6720 -152 1031 -1874 -2333 1
-1 16008 7300 -1880 -16 -2297 -1254 1
-1 16008 7300 -1880 -16 -2297 -1254 1
-1 17384 6296 -4400 -993 -319 -4873 1
-1 17384 6296 -4400 -993 -319 -4873 1
-1 15776 7256 -4660 -3258 5376 -10420 1
-1 15776 7256 -4660 -3258 5376 -10420 1
-1 14244 8840 -2552 -2200 2521 -10301 1
-1 14244 8840 -2552 -2200 2521 -10301 1
-1 12996 10264 -628 -3646 708 -13800 1
-1 12996 10264 -628 -3646 708 -13800 1
-1 13976 4496 -9812 -7309 5329 -19813 1
-1 13976 4496 -9812 -7309 5329 -19813 1
-1 11480 13224 -1888 -3205 2688 -10195 1
-1 11480 13224 -1888 -3205 2688 -10195 1
-1 11472 12340 -1132 -2996 3674 -10369 1
-1 11472 12340 -1132 -2996 3674 -10369 1
-1 7400 14352 1680 -808 -3028 -9041 1
-1 7400 14352 1680 -808 -3028 -9041 1
-1 8356 13968 888 -1543 2461 -8971 1
-1 8356 13968 888 -1543 2461 -8971 1
-1 6684 14028 868 -2717 2897 -10863 1
-1 6684 14028 868 -2717 2897 -10863 1
-1 5788 15508 2400 -12 4403 -5929 1
-1 5788 15508 2400 -12 4403 -5929 1
-1 5040 15384 2944 -625 2019 -8820 1
-1 5040 15384 2944 -625 2019 -8820 1
-1 4124 16112 2472 1761 -151 -4098 1
-1 4124 16112 2472 1761 -151 -4098 1
-1 4676 15244 1864 884 -554 -4751 1
-1 4676 15244 1864 884 -554 -4751 1
-1 3036 15188 2308 -2033 1748 -8051 1
-1 3036 15188 2308 -2033 1748 -8051 1
-1 788 15964 2148 -2382 3779 -8818 1
-1 788 15964 2148 -2382 3779 -8818 1
-1 -588 16216 2800 -1586 1176 -3886 1
-1 -588 16216 2800 -1586 1176 -3886 1
-1 1748 14952 1888 -2070 5361 -5398 1
-1 1748 14952 1888 -2070 5361 -5398 1
-1 -836 15600 3352 -1033 1920 -5054 1
-1 -836 15600 3352 -1033 1920 -5054 1
-1 8 14988 3732 84 1723 -4245 1
-1 8 14988 3732 84 1723 -4245 1
-1 -824 14468 3156 -1880 3138 -7996 1
-1 -824 14468 3156 -1880 3138 -7996 1
-1 -3832 15436 5548 -2506 3817 -10628 1
-1 -3832 15436 5548 -2506 3817 -10628 1
-1 -4556 14792 4200 148 5782 -5456 1
-1 -4556 14792 4200 148 5782 -5456 1
-1 -5004 14808 3624 -596 3135 -3032 1
-1 -5004 14808 3624 -596 3135 -3032 1
-1 -5516 14212 2948 -1862 4246 -5578 1
-1 -5516 14212 2948 -1862 4246 -5578 1
-1 -5416 13432 3608 248 2371 -2821 1
-1 -5416 13432 3608 248 2371 -2821 1
-1 -6212 12164 1268 1923 1563 -914 1
-1 -6212 12164 1268 1923 1563 -914 1
-1 -5892 14388 5576 -2497 3979 -8032 1
-1 -5892 14388 5576 -2497 3979 -8032 1
-1 -5776 14600 3452 2779 -3527 4792 1
-1 -5776 14600 3452 2779 -3527 4792 1
-1 -8244 13636 4136 -1465 1952 -4030 1
-1 -8244 13636 4136 -1465 1952 -4030 1
-1 -6988 14132 4104 1169 110 -164 1
