-1 2012 16444 2096 2293 -190 -3175 1
-1 2012 16444 2096 2293 -190 -3175 1
-1 4776 7788 -13228 -14275 31336 -21269 1
-1 4776 7788 -13228 -14275 31336 -21269 1
-1 100 15768 1136 329 3156 -3651 1
-1 100 15768 1136 329 3156 -3651 1
-1 -1220 15756 2540 -98 -225 -702 1
-1 -1220 15756 2540 -98 -225 -702 1
-1 -4396 16928 4520 1866 -4041 -2910 1
-1 -4396 16928 4520 1866 -4041 -2910 1
-1 -832 14456 -1212 3987 2230 -1 1
-1 -832 14456 -1212 3987 2230 -1 1
-1 -348 15880 -948 706 12050 2472 1
-1 -348 15880 -948 706 12050 2472 1
-1 1616 15696 -1740 1278 4848 3811 1
-1 1616 15696 -1740 1278 4848 3811 1
-1 2216 17440 -824 -6107 1955 -1588 1
-1 2216 17440 -824 -6107 1955 -1588 1
-1 -1696 18680 2676 -2818 -1442 -5490 1
-1 -1696 18680 2676 -2818 -1442 -5490 1
-1 -3216 13376 -368 4042 12037 2913 1
-1 -3216 13376 -368 4042 12037 2913 1
-1 1644 16000 -820 -8132 9723 7319 1
-1 1644 16000 -820 -8132 9723 7319 1
-1 1692 18908 4564 -3650 2327 5 1
-1 1692 18908 4564 -3650 2327 5 1
-1 -1004 15216 3980 -3398 910 -2789 1
-1 -1004 15216 3980 -3398 910 -2789 1
-1 -3964 14472 5776 -849 155 2345 1
-1 -3964 14472 5776 -849 155 2345 1
-1 -1280 14240 4236 254 5295 6324 1
-1 -1280 14240 4236 254 5295 6324 1
-1 1152 16776 3852 -974 4809 6061 1
-1 1152 16776 3852 -974 4809 6061 1
-1 -68 14368 4120 3649 -1829 1709 1
-1 -68 14368 4120 3649 -1829 1709 1
-1 2592 11748 176 -1252 8193 4056 1
-1 2592 11748 176 -1252 8193 4056 1
-1 3308 18568 6628 -13564 -1458 -512 1
-1 3308 18568 6628 -13564 -1458 -512 1
-1 480 13792 9468 -2041 -2637 -3006 1
-1 480 13792 9468 -2041 -2637 -3006 1
-1 -508 17624 11056 1208 2960 5896 1
-1 -508 17624 11056 1208 2960 5896 1
-1 4212 15732 2408 21192 16338 17230 1
-1 4212 15732 2408 21192 16338 17230 1
-1 12036 13328 -2028 -7294 3998 8002 1
-1 12036 13328 -2028 -7294 3998 8002 1
-1 6476 17548 9136 -10811 -2428 -4319 1
-1 6476 17548 9136 -10811 -2428 -4319 1
-1 396 11992 10208 -4671 -7339 -489 1
-1 396 11992 10208 -4671 -7339 -489 1
-1 1076 14156 9980 -14 -2489 12506 1
-1 1076 14156 9980 -14 -2489 12506 1
-1 3900 12488 4520 3217 -8810 13281 1
-1 3900 12488 4520 3217 -8810 13281 1
-1 7248 8980 3136 -7358 -5080 13019 1
-1 7248 8980 3136 -7358 -5080 13019 1
-1 8420 16436 10264 -10188 -10452 8309 1
-1 8420 16436 10264 -10188 -10452 8309 1
-1 6152 5928 7684 1767 -1987 11432 1
-1 6152 5928 7684 1767 -1987 11432 1
-1 9572 12504 4220 -96 6402 11161 1
-1 9572 12504 4220 -96 6402 11161 1
-1 12684 13692 7692 -6580 171 2924 1
-1 12684 13692 7692 -6580 171 2924 1
-1 8196 8224 6996 -1748 -1783 -1256 1
-1 8196 8224 6996 -1748 -1783 -1256 1
-1 7672 11080 6644 -1935 6108 10059 1
-1 7672 11080 6644 -1935 6108 10059 1
-1 13408 9604 8748 -5653 4635 7978 1
-1 13408 9604 8748 -5653 4635 7978 1
-1 13628 1756 7272 -1173 -1011 1383 1
-1 13628 1756 7272 -1173 -1011 1383 1
-1 9316 6316 10372 -3660 -3951 599 1
-1 9316 6316 10372 -3660 -3951 599 1
-1 10104 10144 8480 4859 5257 4510 1
-1 10104 10144 8480 4859 5257 4510 1
-1 13484 6212 6504 776 2599 5383 1
-1 13484 6212 6504 776 2599 5383 1
-1 13316 4708 9884 -5492 -4331 1526 1
-1 13316 4708 9884 -5492 -4331 1526 1
-1 13976 3784 9520 -125 3125 576 1
-1 13976 3784 9520 -125 3125 576 1
-1 12716 3520 7 0 3125 576 1
-1 12716 3520 7 0 3125 576 1
-1 9420 7468 9828 114 -14 4919 1
-1 9420 7468 9828 114 -14 4919 1
-1 10752 504 3808 -14387 814 15015 1
-1 10752 504 3808 -14387 814 15015 1
-1 10324 1704 5232 0 814 15015 1
-1 10324 1704 5232 0 814 15015 1
-1 12936 4496 8708 4345 -2468 8567 1
-1 12936 4496 8708 4345 -2468 8567 1
-1 10 15732 124 34 -163 -178 1
-1 10 15732 124 34 -163 -178 1
-1 2580 16308 1480 996 -546 374 1
-1 2580 16308 1480 996 -546 374 1
-1 2708 16004 780 -41 -494 354 1
-1 2708 16004 780 -41 -494 354 1
-1 2424 15792 700 137 -782 504 1
-1 2424 15792 700 137 -782 504 1
-1 2576 15796 844 -325 1334 -711 1
-1 2576 15796 844 -325 1334 -711 1
-1 1764 15956 1084 483 -708 1135 1
-1 1764 15956 1084 483 -708 1135 1
-1 2468 15456 1008 -149 280 -127 1
-1 2468 15456 1008 -149 280 -127 1
-1 1940 15024 -420 -43 -1538 972 1
-1 1940 15024 -420 -43 -1538 972 1
-1 3464 16480 1344 173 237 -188 1
-1 3464 16480 1344 173 237 -188 1
-1 2064 15868 184 698 1513 -1009 1
-1 2064 15868 184 698 1513 -1009 1
-1 1744 16616 1708 946 1979 -1495 1
-1 1744 16616 1708 946 1979 -1495 1
-1 2320 15836 472 492 -1045 728 1
-1 2320 15836 472 492 -1045 728 1
-1 1728 16464 1508 1800 -3 820 1
-1 1728 16464 1508 1800 -3 820 1
-1 1812 16776 1264 782 851 -665 1
-1 1812 16776 1264 782 851 -665 1
-1 2684 16236 804 450 -3203 2989 1
-1 2684 16236 804 450 -3203 2989 1
-1 2116 16120 -188 1126 1300 -679 1
-1 2116 16120 -188 1126 1300 -679 1
-1 3280 16392 928 1521 -9605 7424 1
-1 3280 16392 928 1521 -9605 7424 1
-1 3720 15396 504 -204 604 -89 1
-1 3720 15396 504 -204 604 -89 1
-1 4440 14860 -544 -157 151 -767 1
-1 4440 14860 -544 -157 151 -767 1
-1 3296 16288 1888 825 2242 -3537 1
-1 3296 16288 1888 825 2242 -3537 1
-1 2356 16088 -188 368 2204 -2715 1
-1 2356 16088 -188 368 2204 -2715 1
-1 2516 16680 296 1158 450 -980 1
-1 2516 16680 296 1158 450 -980 1
-1 2664 15916 -800 1355 3295 -2990 1
-1 2664 15916 -800 1355 3295 -2990 1
-1 1448 16196 476 1569 -968 1339 1
-1 1448 16196 476 1569 -968 1339 1
-1 3424 16312 916 1008 -943 876 1
-1 3424 16312 916 1008 -943 876 1
-1 4080 13788 -2456 10 74 -3357 1
-1 4080 13788 -2456 10 74 -3357 1
-1 3224 16792 296 -600 -1131 -803 1
-1 3224 16792 296 -600 -1131 -803 1
-1 2536 17480 1780 2286 -2530 317 1
-1 2536 17480 1780 2286 -2530 317 1
-1 2500 15916 128 -1411 1415 -969 1
-1 2500 15916 128 -1411 1415 -969 1
-1 1552 14944 -1140 -299 -141 1080 1
-1 1552 14944 -1140 -299 -141 1080 1
-1 3068 15924 1148 -371 -2232 1738 1
-1 3068 15924 1148 -371 -2232 1738 1
-1 1008 16308 52 735 2544 -1238 1
-1 1008 16308 52 735 2544 -1238 1
-1 3788 16604 1028 -1282 -125 968 1
-1 3788 16604 1028 -1282 -125 968 1
-1 1860 16288 72 831 2306 -1717 1
-1 1860 16288 72 831 2306 -1717 1
-1 1960 16640 1500 688 -951 1294 1
-1 1960 16640 1500 688 -951 1294 1
-1 1900 15676 -356 380 1999 -455 1
-1 1900 15676 -356 380 1999 -455 1
-1 3648 15204 -884 113 -941 1439 1
-1 3648 15204 -884 113 -941 1439 1
-1 3580 16588 1512 1194 1464 -1042 1
-1 3580 16588 1512 1194 1464 -1042 1
-1 2108 15516 -884 899 508 -34 1
-1 2108 15516 -884 899 508 -34 1
-1 3068 17076 768 628 -1865 701 1
-1 3068 17076 768 628 -1865 701 1
-1 2844 15592 -1284 1476 1532 -834 1
-1 2844 15592 -1284 1476 1532 -834 1
-1 1944 17584 1988 -818 12 -504 1
-1 1944 17584 1988 -818 12 -504 1
-1 1492 15560 -1520 -172 -71 10 1
-1 1492 15560 -1520 -172 -71 10 1
-1 2840 16640 1416 166 -498 -38 1
-1 2840 16640 1416 166 -498 -38 1
-1 3340 15708 220 -440 829 -855 1
-1 3340 15708 220 -440 829 -855 1
-1 196 15960 -880 972 494 -68 1
-1 196 15960 -880 972 494 -68 1
-1 2004 16936 948 -1773 -771 -780 1
-1 2004 16936 948 -1773 -771 -780 1
-1 1668 16228 660 -239 -570 1232 1
-1 1668 16228 660 -239 -570 1232 1
-1 2352 15376 60 -541 138 -592 1
-1 2352 15376 60 -541 138 -592 1
-1 2220 16580 744 -1231 -901 35 1
-1 2220 16580 744 -1231 -901 35 1
-1 924 16776 1164 1086 789 -32 1
-1 924 16776 1164 1086 789 -32 1
-1 3232 16268 1048 -240 -48 -577 1
-1 3232 16268 1048 -240 -48 -577 1
-1 1324 16620 1408 694 3065 -2923 1
-1 1324 16620 1408 694 3065 -2923 1
-1 1332 15692 -440 242 -2172 1221 1
-1 1332 15692 -440 242 -2172 1221 1
-1 1604 17008 1864 727 909 -1170 1
-1 1604 17008 1864 727 909 -1170 1
-1 1088 16384 136 1546 -1247 2350 1
-1 1088 16384 136 1546 -1247 2350 1
-1 2476 15632 -252 161 -542 365 1
-1 2476 15632 -252 161 -542 365 1
-1 1800 16016 1100 1234 1073 -1041 1
-1 1800 16016 1100 1234 1073 -1041 1
-1 1792 15900 -804 34 1479 -982 1
-1 1792 15900 -804 34 1479 -982 1
-1 2560 16344 836 259 -1370 184 1
-1 2560 16344 836 259 -1370 184 1
-1 524 16344 12 -578 457 490 1
-1 524 16344 12 -578 457 490 1
-1 2640 16332 968 431 547 -510 1
-1 2640 16332 968 431 547 -510 1
-1 1480 16112 196 28 -347 377 1
-1 1480 16112 196 28 -347 377 1
-1 1184 16256 748 134 -940 1354 1
-1 1184 16256 748 134 -940 1354 1
-1 1576 16300 904 518 -310 428 1
-1 1576 16300 904 518 -310 428 1
-1 2212 16440 804 -333 2618 -2742 1
-1 2212 16440 804 -333 2618 -2742 1
-1 1736 17112 1272 -74 -1884 1068 1
-1 1736 17112 1272 -74 -1884 1068 1
-1 2224 16592 672 -1064 34 188 1
-1 2224 16592 672 -1064 34 188 1
-1 1440 14996 -356 606 -3387 1603 1
-1 1440 14996 -356 606 -3387 1603 1
-1 2084 15152 36 -623 1522 -1080 1
-1 2084 15152 36 -623 1522 -1080 1
-1 616 16956 716 825 -133 -1354 1
-1 616 16956 716 825 -133 -1354 1
-1 1336 17460 684 1222 -149 343 1
-1 1336 17460 684 1222 -149 343 1
-1 1596 17708 1160 1632 462 379 1
-1 1596 17708 1160 1632 462 379 1
-1 2544 17104 1776 1673 -1297 1502 1
-1 2544 17104 1776 1673 -1297 1502 1
-1 1732 20244 3772 1282 -33 3194 1
-1 1732 20244 3772 1282 -33 3194 1
-1 2588 21976 2228 1860 -2762 12676 1
-1 2588 21976 2228 1860 -2762 12676 1
-1 7040 21248 2180 386 -9816 25912 1
-1 7040 21248 2180 386 -9816 25912 1
-1 8252 19404 -864 2423 -5746 23709 1
-1 8252 19404 -864 2423 -5746 23709 1
-1 8372 15500 -3356 4901 -1516 27779 1
-1 8372 15500 -3356 4901 -1516 27779 1
-1 9588 9288 -5848 2106 2400 25820 1
-1 9588 9288 -5848 2106 2400 25820 1
-1 13384 7272 -1460 2066 -812 24775 1
-1 13384 7272 -1460 2066 -812 24775 1
-1 11584 6104 -956 -1174 -2122 17859 1
-1 11584 6104 -956 -1174 -2122 17859 1
-1 15972 1844 -1520 -3516 -4472 19399 1
-1 15972 1844 -1520 -3516 -4472 19399 1
-1 12940 2392 -1256 -951 2541 5464 1
-1 12940 2392 -1256 -951 2541 5464 1
-1 11592 3196 -2876 -1634 -4843 14780 1
-1 11592 3196 -2876 -1634 -4843 14780 1
-1 17548 1272 -420 2250 3574 5859 1
-1 17548 1272 -420 2250 3574 5859 1
-1 15056 148 472 42 106 6870 1
-1 15056 148 472 42 106 6870 1
-1 17452 -1860 -980 1612 -2885 6234 1
-1 17452 -1860 -980 1612 -2885 6234 1
-1 18160 -2368 -712 2918 1232 -815 1
-1 18160 -2368 -712 2918 1232 -815 1
-1 15944 -1068 -2340 1135 -543 -1671 1
-1 15944 -1068 -2340 1135 -543 -1671 1
-1 18868 -732 -776 -430 -563 307 1
-1 18868 -732 -776 -430 -563 307 1
-1 16600 -1368 -1740 -11 1331 -2406 1
-1 16600 -1368 -1740 -11 1331 -2406 1
-1 17516 -644 -1200 453 211 -2574 1
-1 17516 -644 -1200 453 211 -2574 1
-1 18276 -56 -1504 -365 1008 -4607 1
-1 18276 -56 -1504 -365 1008 -4607 1
-1 17980 824 -1744 298 -70 -4721 1
-1 17980 824 -1744 298 -70 -4721 1
-1 17948 984 -1324 -122 -2365 -1487 1
-1 17948 984 -1324 -122 -2365 -1487 1
-1 17536 1496 -1260 -655 605 -3259 1
-1 17536 1496 -1260 -655 605 -3259 1
-1 16312 1524 -1036 -1305 -175 -487 1
-1 16312 1524 -1036 -1305 -175 -487 1
-1 18336 892 -1784 -605 -671 -1972 1
-1 18336 892 -1784 -605 -671 -1972 1
-1 16728 2732 -1272 -108 441 -3058 1
-1 16728 2732 -1272 -108 441 -3058 1
-1 15816 2580 -1572 1 -1879 -1811 1
-1 15816 2580 -1572 1 -1879 -1811 1
-1 17628 2072 -1396 2 168 -2356 1
-1 17628 2072 -1396 2 168 -2356 1
-1 16740 2480 -1572 601 1176 -4245 1
-1 16740 2480 -1572 601 1176 -4245 1
-1 15464 4368 -2512 609 2000 -6553 1
-1 15464 4368 -2512 609 2000 -6553 1
-1 16336 4844 -524 1726 -1097 -3304 1
-1 16336 4844 -524 1726 -1097 -3304 1
-1 17344 3720 -2032 122 1754 -8515 1
-1 17344 3720 -2032 122 1754 -8515 1
-1 17208 5852 -412 933 -563 -6178 1
-1 17208 5852 -412 933 -563 -6178 1
-1 15648 6820 -292 -582 2285 -7469 1
-1 15648 6820 -292 -582 2285 -7469 1
-1 16244 6432 -1488 -1865 3460 -12815 1
-1 16244 6432 -1488 -1865 3460 -12815 1
-1 13768 9892 -392 -230 -1002 -4320 1
-1 13768 9892 -392 -230 -1002 -4320 1
-1 15272 8752 -1284 1139 243 -7077 1
-1 15272 8752 -1284 1139 243 -7077 1
-1 13388 9848 -920 -651 759 -7416 1
-1 13388 9848 -920 -651 759 -7416 1
-1 14052 9768 -988 -852 563 -8544 1
-1 14052 9768 -988 -852 563 -8544 1
-1 13688 9956 -1032 -2378 2135 -11789 1
-1 13688 9956 -1032 -2378 2135 -11789 1
-1 10152 12668 104 -1459 -625 -6940 1
-1 10152 12668 104 -1459 -625 -6940 1
-1 10348 12000 -1632 -1131 6809 -9468 1
-1 10348 12000 -1632 -1131 6809 -9468 1
-1 10928 12132 -16 -4157 3313 -11568 1
-1 10928 12132 -16 -4157 3313 -11568 1
-1 8780 14088 2252 -1099 291 -8821 1
-1 8780 14088 2252 -1099 291 -8821 1
-1 8664 14100 596 -5263 7387 -14875 1
-1 8664 14100 596 -5263 7387 -14875 1
-1 6148 14820 3216 -2460 2907 -10419 1
-1 6148 14820 3216 -2460 2907 -10419 1
-1 3980 15420 4516 -4888 3673 -13348 1
-1 3980 15420 4516 -4888 3673 -13348 1
-1 3028 15948 2372 -93 1475 -5365 1
-1 3028 15948 2372 -93 1475 -5365 1
-1 2472 15744 4552 -4007 6051 -12600 1
-1 2472 15744 4552 -4007 6051 -12600 1
-1 -1308 16024 5068 -882 -1963 -3607 1
-1 -1308 16024 5068 -882 -1963 -3607 1
-1 2176 14936 5476 -5916 6100 -15049 1
-1 2176 14936 5476 -5916 6100 -15049 1
-1 -1408 14924 4972 -1176 4769 -8206 1
-1 -1408 14924 4972 -1176 4769 -8206 1
-1 -3876 13992 4268 -2482 5728 -5530 1
-1 -3876 13992 4268 -2482 5728 -5530 1
-1 156 14348 6424 -7695 6989 -17067 1
-1 156 14348 6424 -7695 6989 -17067 1
-1 -8428 12960 9508 -4268 -93 -4202 1
-1 -8428 12960 9508 -4268 -93 -4202 1
-1 -4572 12848 5324 5014 -908 3856 1
-1 -4572 12848 5324 5014 -908 3856 1
-1 -5464 13056 5792 -5417 5357 -9526 1
-1 -5464 13056 5792 -5417 5357 -9526 1
-1 -7756 12652 3032 237 1516 -2992 1
-1 -7756 12652 3032 237 1516 -2992 1
-1 -6052 13144 8980 -354 6600 -2725 1
-1 -6052 13144 8980 -354 6600 -2725 1
-1 -5476 12644 6316 1150 25 -2144 1
-1 -5476 12644 6316 1150 25 -2144 1
-1 -7628 12252 7704 -2648 3340 -2288 1
-1 -7628 12252 7704 -2648 3340 -2288 1
-1 -5612 11476 3576 -4326 5329 -2343 1
-1 -5612 11476 3576 -4326 5329 -2343 1
-1 -7460 11044 8796 -2329 1424 221 1
-1 -7460 11044 8796 -2329 1424 221 1
-1 -5536 11476 7608 -2285 878 -165 1
-1 -5536 11476 7608 -2285 878 -165 1
-1 -7352 11628 5472 -1236 587 692 1
-1 -7352 11628 5472 -1236 587 692 1
-1 -7964 11716 8252 -2445 1016 -2342 1
-1 -7964 11716 8252 -2445 1016 -2342 1
-1 -4640 11792 7812 5327 -6223 8979 1
-1 -4640 11792 7812 5327 -6223 8979 1
-1 -7752 14456 10544 17524 -6718 32767 1
-1 -7752 14456 10544 17524 -6718 32767 1
-1 3244 14028 7896 10713 -18976 32767 1
-1 3244 14028 7896 10713 -18976 32767 1
-1 -1676 16512 3212 3716 -1694 32767 1
-1 -1676 16512 3212 3716 -1694 32767 1
-1 5688 14352 2712 -7384 -4013 30250 1
-1 5688 14352 2712 -7384 -4013 30250 1
-1 14892 11388 2836 -585 -10369 31296 1
-1 14892 11388 2836 -585 -10369 31296 1
-1 11296 7524 380 -9521 -4179 26470 1
-1 11296 7524 380 -9521 -4179 26470 1
-1 17588 5428 3992 -7785 -4352 16355 1
-1 17588 5428 3992 -7785 -4352 16355 1
-1 10212 8432 5512 -2894 -11294 20162 1
-1 10212 8432 5512 -2894 -11294 20162 1
-1 17480 2820 3432 -1061 1368 4851 1
-1 17480 2820 3432 -1061 1368 4851 1
-1 16536 1804 1324 2559 -5810 6149 1
-1 16536 1804 1324 2559 -5810 6149 1
-1 21120 1544 2668 2070 -575 -1505 1
-1 21120 1544 2668 2070 -575 -1505 1
-1 14464 1960 2624 -50 -1297 1454 1
-1 14464 1960 2624 -50 -1297 1454 1
-1 16640 1788 1936 600 597 -3329 1
-1 16640 1788 1936 600 597 -3329 1
-1 15684 2468 436 596 -3815 -16 1
-1 15684 2468 436 596 -3815 -16 1
-1 17516 2928 2712 2109 -3745 -3496 1
-1 17516 2928 2712 2109 -3745 -3496 1
-1 15684 2876 -2180 957 -1146 -5446 1
-1 15684 2876 -2180 957 -1146 -5446 1
-1 16216 5588 1144 1846 -4206 -2930 1
-1 16216 5588 1144 1846 -4206 -2930 1
-1 17360 -2004 -11028 1113 219 -3408 1
-1 17360 -2004 -11028 1113 219 -3408 1
-1 14268 4916 4460 2308 -2780 1658 1
-1 14268 4916 4460 2308 -2780 1658 1
-1 16412 4636 260 63 2545 -5236 1
-1 16412 4636 260 63 2545 -5236 1
-1 15316 5048 -468 -445 -2247 -420 1
-1 15316 5048 -468 -445 -2247 -420 1
-1 15552 3980 -1160 -1097 -1627 -689 1
-1 15552 3980 -1160 -1097 -1627 -689 1
-1 15708 6984 1024 -1347 1782 -5282 1
-1 15708 6984 1024 -1347 1782 -5282 1
-1 16272 6212 -120 -1135 -335 -2960 1
-1 16272 6212 -120 -1135 -335 -2960 1
-1 14860 7344 656 -1540 -210 -7841 1
-1 14860 7344 656 -1540 -210 -7841 1
-1 16264 5856 -1236 -1088 461 -4090 1
-1 16264 5856 -1236 -1088 461 -4090 1
-1 16720 8896 3088 346 1240 -10282 1
-1 16720 8896 3088 346 1240 -10282 1
-1 14744 9876 1608 1373 3051 -6512 1
-1 14744 9876 1608 1373 3051 -6512 1
-1 14500 8036 172 592 -1813 -3538 1
-1 14500 8036 172 592 -1813 -3538 1
-1 14780 9292 1320 -664 -559 -4955 1
-1 14780 9292 1320 -664 -559 -4955 1
-1 13236 9652 1156 -209 132 -7095 1
-1 13236 9652 1156 -209 132 -7095 1
-1 10952 10752 740 -316 -207 -6073 1
-1 10952 10752 740 -316 -207 -6073 1
-1 12392 10712 -312 -1605 1793 -7950 1
-1 12392 10712 -312 -1605 1793 -7950 1
-1 12084 10568 1800 -980 6975 -13854 1
-1 12084 10568 1800 -980 6975 -13854 1
-1 10856 12212 732 -39 63 -7274 1
-1 10856 12212 732 -39 63 -7274 1
-1 9416 13608 824 -1523 5949 -12336 1
-1 9416 13608 824 -1523 5949 -12336 1
-1 9668 14060 3144 -925 1031 -10649 1
-1 9668 14060 3144 -925 1031 -10649 1
-1 7520 13948 1816 -672 9421 -12705 1
-1 7520 13948 1816 -672 9421 -12705 1
-1 5620 13988 1348 -2372 -514 -9013 1
-1 5620 13988 1348 -2372 -514 -9013 1
-1 3384 15868 5204 -2476 3305 -8893 1
-1 3384 15868 5204 -2476 3305 -8893 1
-1 16 14396 2620 -4345 4803 -12092 1
-1 16 14396 2620 -4345 4803 -12092 1
-1 1744 15484 5072 351 -1380 -3404 1
-1 1744 15484 5072 351 -1380 -3404 1
-1 816 13704 3376 -6410 5426 -15010 1
-1 816 13704 3376 -6410 5426 -15010 1
-1 -552 14572 4800 -3289 576 -10270 1
-1 -552 14572 4800 -3289 576 -10270 1
-1 -3172 12640 4704 -1258 3622 -5907 1
-1 -3172 12640 4704 -1258 3622 -5907 1
-1 -1288 14304 5524 -2440 4927 -6537 1
-1 -1288 14304 5524 -2440 4927 -6537 1
-1 -4784 13808 5036 -5434 7334 -11924 1
-1 -4784 13808 5036 -5434 7334 -11924 1
-1 -3424 14680 6356 -487 663 -1718 1
-1 -3424 14680 6356 -487 663 -1718 1
-1 -7400 14632 7060 -3350 6404 -8560 1
-1 -7400 14632 7060 -3350 6404 -8560 1
-1 -4212 12764 6636 -3674 4541 -5189 1
-1 -4212 12764 6636 -3674 4541 -5189 1
-1 -7740 11200 5320 -2679 4782 -7050 1
-1 -7740 11200 5320 -2679 4782 -7050 1
-1 -6940 12388 7496 780 6350 -328 1
-1 -6940 12388 7496 780 6350 -328 1
-1 -6432 11616 3888 -1557 4923 -1357 1
-1 -6432 11616 3888 -1557 4923 -1357 1
-1 -10268 11532 7072 -1995 2857 -2947 1
-1 -10268 11532 7072 -1995 2857 -2947 1
-1 -7576 11192 7004 -43 612 121 1
-1 -7576 11192 7004 -43 612 121 1
-1 -9524 10944 5152 -632 2418 831 1
-1 -9524 10944 5152 -632 2418 831 1
-1 -8260 11724 6020 -246 1226 2667 1
-1 -8260 11724 6020 -246 1226 2667 1
-1 -6880 11892 7488 -667 137 1854 1
-1 -6880 11892 7488 -667 137 1854 1
-1 -8616 11320 5828 2 -1276 1471 1
-1 -8616 11320 5828 2 -1276 1471 1
-1 -7368 11800 5264 903 -1021 3942 1
-1 -7368 11800 5264 903 -1021 3942 1
-1 -7200 11384 5836 1590 -5271 3724 1
-1 -7200 11384 5836 1590 -5271 3724 1
-1 -7428 12348 4856 612 -577 2362 1
-1 -7428 12348 4856 612 -577 2362 1
-1 -7336 11808 5816 1167 -4772 2415 1
-1 -7336 11808 5816 1167 -4772 2415 1
-1 -6652 12404 6060 4478 -4266 10511 1
-1 -6652 12404 6060 4478 -4266 10511 1
-1 -3176 12468 4988 3351 -6631 7134 1
-1 -3176 12468 4988 3351 -6631 7134 1
-1 -1868 13452 5780 5734 -7426 11474 1
-1 -1868 13452 5780 5734 -7426 11474 1
-1 -760 14492 6904 9258 -10551 23500 1
-1 -760 14492 6904 9258 -10551 23500 1
-1 1544 15636 5776 4769 -4967 17532 1
-1 1544 15636 5776 4769 -4967 17532 1
-1 8812 12576 8572 -2977 -1255 61 1
-1 8812 12576 8572 -2977 -1255 61 1
-1 4936 14796 5268 582 -3797 2551 1
-1 4936 14796 5268 582 -3797 2551 1
-1 2976 15128 6292 263 1472 148 1
-1 2976 15128 6292 263 1472 148 1
-1 4704 14184 4224 1654 3632 1113 1
-1 4704 14184 4224 1654 3632 1113 1
