-1 5508 16900 3476 3537 5084 -3026 1
-1 5508 16900 3476 3537 5084 -3026 1
-1 3760 15168 1004 4504 7176 -2163 1
-1 3760 15168 1004 4504 7176 -2163 1
-1 1796 14972 2560 3862 -1732 6215 1
-1 1796 14972 2560 3862 -1732 6215 1
-1 5544 13128 -340 -1330 4994 -839 1
-1 5544 13128 -340 -1330 4994 -839 1
-1 3216 13188 3156 1389 -1036 6736 1
-1 3216 13188 3156 1389 -1036 6736 1
-1 7944 12880 848 345 6811 -2763 1
-1 7944 12880 848 345 6811 -2763 1
-1 3224 14196 4576 2166 3727 -1101 1
-1 3224 14196 4576 2166 3727 -1101 1
-1 3060 13784 936 127 -1458 -286 1
-1 3060 13784 936 127 -1458 -286 1
-1 4720 13748 620 -2418 592 -1469 1
-1 4720 13748 620 -2418 592 -1469 1
-1 2092 14620 2444 -2128 -415 -718 1
-1 2092 14620 2444 -2128 -415 -718 1
-1 3404 14820 2160 -1418 2135 -1286 1
-1 3404 14820 2160 -1418 2135 -1286 1
-1 3356 14988 3624 -1526 527 212 1
-1 3356 14988 3624 -1526 527 212 1
-1 1780 15536 4436 -1850 1405 -1404 1
-1 1780 15536 4436 -1850 1405 -1404 1
-1 2604 15564 7016 -342 88 1071 1
-1 2604 15564 7016 -342 88 1071 1
-1 3264 15104 4972 672 467 750 1
-1 3264 15104 4972 672 467 750 1
-1 2916 15288 4708 641 -743 208 1
-1 2916 15288 4708 641 -743 208 1
-1 3876 17792 4420 3634 185 -484 1
-1 3876 17792 4420 3634 185 -484 1
-1 4792 17520 4080 2411 201 1027 1
-1 4792 17520 4080 2411 201 1027 1
-1 656 18868 7572 4417 -726 4480 1
-1 656 18868 7572 4417 -726 4480 1
-1 2588 16388 3248 7688 -1758 3386 1
-1 2588 16388 3248 7688 -1758 3386 1
-1 7152 14992 2672 5737 32 -426 1
-1 7152 14992 2672 5737 32 -426 1
-1 1360 16612 1052 7156 -2110 899 1
-1 1360 16612 1052 7156 -2110 899 1
-1 5780 15832 1900 536 -1599 444 1
-1 5780 15832 1900 536 -1599 444 1
-1 2788 15904 212 1198 -106 -990 1
-1 2788 15904 212 1198 -106 -990 1
-1 3256 16024 964 -1578 -107 -1488 1
-1 3256 16024 964 -1578 -107 -1488 1
-1 3216 16196 816 -1044 3320 -3852 1
-1 3216 16196 816 -1044 3320 -3852 1
-1 2836 15816 1480 -1773 1998 -1260 1
-1 2836 15816 1480 -1773 1998 -1260 1
-1 2748 16624 2436 178 289 -353 1
-1 2748 16624 2436 178 289 -353 1
-1 2120 16096 1724 1354 -3133 2477 1
-1 2120 16096 1724 1354 -3133 2477 1
-1 2392 15992 1644 695 105 -690 1
-1 2392 15992 1644 695 105 -690 1
-1 3380 15900 1800 1301 -2865 615 1
-1 3380 15900 1800 1301 -2865 615 1
-1 3008 15592 748 -352 911 -1514 1
-1 3008 15592 748 -352 911 -1514 1
-1 3180 16240 1472 993 -743 229 1
-1 3180 16240 1472 993 -743 229 1
-1 3184 16300 1404 -513 261 -450 1
-1 3184 16300 1404 -513 261 -450 1
-1 3184 15404 1256 403 -2461 516 1
-1 3184 15404 1256 403 -2461 516 1
-1 3360 15988 984 -135 1153 -866 1
-1 3360 15988 984 -135 1153 -866 1
-1 3196 16116 1604 1152 -682 280 1
-1 3196 16116 1604 1152 -682 280 1
-1 3016 16260 1412 377 -436 142 1
-1 3016 16260 1412 377 -436 142 1
-1 3316 15872 904 410 30 200 1
-1 3316 15872 904 410 30 200 1
-1 2860 16384 1440 -34 1199 -960 1
-1 2860 16384 1440 -34 1199 -960 1
-1 2896 15960 976 793 -1402 875 1
-1 2896 15960 976 793 -1402 875 1
-1 3332 16036 1080 276 305 -14 1
-1 3332 16036 1080 276 305 -14 1
-1 3248 15984 1380 570 -190 235 1
-1 3248 15984 1380 570 -190 235 1
-1 3252 16120 1416 268 334 -414 1
-1 3252 16120 1416 268 334 -414 1
-1 3368 16128 1476 85 -37 -131 1
-1 3368 16128 1476 85 -37 -131 1
-1 3160 16152 1292 644 -1227 663 1
-1 3160 16152 1292 644 -1227 663 1
-1 3284 16012 1236 214 372 -370 1
-1 3284 16012 1236 214 372 -370 1
-1 2868 16456 1140 284 254 -135 1
-1 2868 16456 1140 284 254 -135 1
-1 3284 15728 1100 675 -1046 697 1
-1 3284 15728 1100 675 -1046 697 1
-1 3148 16100 1004 -42 1063 -931 1
-1 3148 16100 1004 -42 1063 -931 1
-1 3140 16120 960 659 -849 552 1
-1 3140 16120 960 659 -849 552 1
-1 3152 15988 1004 314 154 1 1
-1 3152 15988 1004 314 154 1 1
-1 3252 16056 1340 611 -223 318 1
-1 3252 16056 1340 611 -223 318 1
-1 3240 16016 1208 -30 804 -354 1
-1 3240 16016 1208 -30 804 -354 1
-1 3220 16212 1556 577 -263 361 1
-1 3220 16212 1556 577 -263 361 1
-1 3088 16156 1252 392 581 -120 1
-1 3088 16156 1252 392 581 -120 1
-1 3472 15656 772 467 -1141 708 1
-1 3472 15656 772 467 -1141 708 1
-1 3108 16176 1664 679 -329 380 1
-1 3108 16176 1664 679 -329 380 1
-1 3428 15972 752 335 249 16 1
-1 3428 15972 752 335 249 16 1
-1 3340 15872 1036 549 -320 268 1
-1 3340 15872 1036 549 -320 268 1
-1 3444 16004 948 95 747 -391 1
-1 3444 16004 948 95 747 -391 1
-1 3300 16108 1324 508 -805 354 1
-1 3300 16108 1324 508 -805 354 1
-1 3276 16096 1240 235 598 -357 1
-1 3276 16096 1240 235 598 -357 1
-1 3336 15948 1204 426 -17 68 1
-1 3336 15948 1204 426 -17 68 1
-1 3468 16004 1028 109 675 -421 1
-1 3468 16004 1028 109 675 -421 1
-1 3372 15920 860 229 590 -284 1
-1 3372 15920 860 229 590 -284 1
-1 3740 15780 1136 644 -671 1276 1
-1 3740 15780 1136 644 -671 1276 1
-1 3800 16024 644 -165 848 -595 1
-1 3800 16024 644 -165 848 -595 1
-1 2624 15964 1456 1260 -670 620 1
-1 2624 15964 1456 1260 -670 620 1
-1 3712 16112 1204 248 552 187 1
-1 3712 16112 1204 248 552 187 1
-1 3500 15240 652 383 747 169 1
-1 3500 15240 652 383 747 169 1
-1 3424 15636 708 452 1111 -821 1
-1 3424 15636 708 452 1111 -821 1
-1 3824 15824 1664 727 46 -716 1
-1 3824 15824 1664 727 46 -716 1
-1 3060 16020 1444 251 2235 -1902 1
-1 3060 16020 1444 251 2235 -1902 1
-1 2380 16240 876 1182 -1284 679 1
-1 2380 16240 876 1182 -1284 679 1
-1 3956 16136 268 1204 -1898 1052 1
-1 3956 16136 268 1204 -1898 1052 1
-1 3356 15856 824 219 549 -676 1
-1 3356 15856 824 219 549 -676 1
-1 2584 15824 936 598 -4 -342 1
-1 2584 15824 936 598 -4 -342 1
-1 3440 16092 1428 326 1600 -1508 1
-1 3440 16092 1428 326 1600 -1508 1
-1 3036 16508 1252 452 1153 -1295 1
-1 3036 16508 1252 452 1153 -1295 1
-1 2804 16560 552 766 1300 -1179 1
-1 2804 16560 552 766 1300 -1179 1
-1 3576 16476 1520 1261 -1229 302 1
-1 3576 16476 1520 1261 -1229 302 1
-1 1672 16308 20 -298 1634 -1406 1
-1 1672 16308 20 -298 1634 -1406 1
-1 2960 16144 984 1460 271 -229 1
-1 2960 16144 984 1460 271 -229 1
-1 2028 16652 2304 117 1241 -1078 1
-1 2028 16652 2304 117 1241 -1078 1
-1 2964 15704 -400 -290 1392 -1327 1
-1 2964 15704 -400 -290 1392 -1327 1
-1 1908 16284 1136 329 227 -517 1
-1 1908 16284 1136 329 227 -517 1
-1 1908 16692 1096 307 362 -327 1
-1 1908 16692 1096 307 362 -327 1
-1 2352 16392 1868 -507 58 -623 1
-1 2352 16392 1868 -507 58 -623 1
-1 2512 16012 1404 -202 265 -599 1
-1 2512 16012 1404 -202 265 -599 1
-1 1976 16108 1368 472 -600 -513 1
-1 1976 16108 1368 472 -600 -513 1
-1 524 16204 856 1583 -1060 1998 1
-1 524 16204 856 1583 -1060 1998 1
-1 1684 15176 504 -1324 -99 -1130 1
-1 1684 15176 504 -1324 -99 -1130 1
-1 1612 16080 388 -1165 698 -312 1
-1 1612 16080 388 -1165 698 -312 1
-1 1940 16096 2336 620 798 -2146 1
-1 1940 16096 2336 620 798 -2146 1
-1 16 17176 2600 101 500 -151 1
-1 16 17176 2600 101 500 -151 1
-1 2340 15720 876 1837 -756 2006 1
-1 2340 15720 876 1837 -756 2006 1
-1 2064 15944 1444 299 671 33 1
-1 2064 15944 1444 299 671 33 1
-1 1836 15772 1464 884 -323 -204 1
-1 1836 15772 1464 884 -323 -204 1
-1 2240 15880 1544 243 357 89 1
-1 2240 15880 1544 243 357 89 1
-1 1180 16104 1144 59 -139 679 1
-1 1180 16104 1144 59 -139 679 1
-1 2292 15664 968 1034 829 592 1
-1 2292 15664 968 1034 829 592 1
-1 1284 16140 1148 -122 1900 -1218 1
-1 1284 16140 1148 -122 1900 -1218 1
-1 1912 16492 1996 -522 799 -324 1
-1 1912 16492 1996 -522 799 -324 1
-1 1724 16380 1324 -146 1438 -552 1
-1 1724 16380 1324 -146 1438 -552 1
-1 2228 16008 1880 -51 706 -886 1
-1 2228 16008 1880 -51 706 -886 1
-1 1320 15552 1252 -782 -102 -763 1
-1 1320 15552 1252 -782 -102 -763 1
-1 1240 16300 2064 -752 256 -687 1
-1 1240 16300 2064 -752 256 -687 1
-1 684 16240 1864 -43 811 -491 1
-1 684 16240 1864 -43 811 -491 1
-1 1412 15912 1852 499 -1384 1325 1
-1 1412 15912 1852 499 -1384 1325 1
-1 -76 17040 3700 -517 2713 -1603 1
-1 -76 17040 3700 -517 2713 -1603 1
-1 1412 16876 4080 2040 2508 -635 1
-1 1412 16876 4080 2040 2508 -635 1
-1 -64 16624 1764 439 1080 2532 1
-1 -64 16624 1764 439 1080 2532 1
-1 2840 14688 1048 601 -675 2226 1
-1 2840 14688 1048 601 -675 2226 1
-1 2320 14976 1940 -1398 654 -1341 1
-1 2320 14976 1940 -1398 654 -1341 1
-1 1680 16464 1924 164 531 -1827 1
-1 1680 16464 1924 164 531 -1827 1
-1 360 17012 2192 176 -166 -572 1
-1 360 17012 2192 176 -166 -572 1
-1 1440 15808 1648 507 -232 237 1
-1 1440 15808 1648 507 -232 237 1
-1 692 16444 2404 579 -624 134 1
-1 692 16444 2404 579 -624 134 1
-1 1204 15944 2128 -9 356 498 1
-1 1204 15944 2128 -9 356 498 1
-1 1204 16520 2672 140 -1213 515 1
-1 1204 16520 2672 140 -1213 515 1
-1 1280 20528 5948 1497 -1734 3046 1
-1 1280 20528 5948 1497 -1734 3046 1
-1 3204 24016 7876 1446 -1332 6541 1
-1 3204 24016 7876 1446 -1332 6541 1
-1 3512 22828 4300 4770 -1759 12912 1
-1 3512 22828 4300 4770 -1759 12912 1
-1 4044 18660 -808 7579 -10073 28758 1
-1 4044 18660 -808 7579 -10073 28758 1
-1 5804 13456 -2588 6957 -4830 32767 1
-1 5804 13456 -2588 6957 -4830 32767 1
-1 10380 8428 -4408 3876 -7559 32415 1
-1 10380 8428 -4408 3876 -7559 32415 1
-1 13136 5360 -2408 -471 1663 20405 1
-1 13136 5360 -2408 -471 1663 20405 1
-1 11880 5692 -2828 -859 40 16638 1
-1 11880 5692 -2828 -859 40 16638 1
-1 12456 6328 -912 -1522 -44 14258 1
-1 12456 6328 -912 -1522 -44 14258 1
-1 16352 4284 336 -683 -2784 12146 1
-1 16352 4284 336 -683 -2784 12146 1
-1 14804 3624 -680 -706 -509 8368 1
-1 14804 3624 -680 -706 -509 8368 1
-1 16344 1612 -2828 365 -396 4704 1
-1 16344 1612 -2828 365 -396 4704 1
-1 14768 2844 -928 2474 -1235 5264 1
-1 14768 2844 -928 2474 -1235 5264 1
-1 16260 752 -2504 962 -990 4519 1
-1 16260 752 -2504 962 -990 4519 1
-1 16472 532 -2604 1256 -1605 184 1
-1 16472 532 -2604 1256 -1605 184 1
-1 17508 352 -1312 2313 -1822 4170 1
-1 17508 352 -1312 2313 -1822 4170 1
-1 16672 -160 -2900 499 433 -2332 1
-1 16672 -160 -2900 499 433 -2332 1
-1 17220 -140 -2476 40 -39 -3053 1
-1 17220 -140 -2476 40 -39 -3053 1
-1 18228 600 -2320 378 1212 -5315 1
-1 18228 600 -2320 378 1212 -5315 1
-1 15956 2920 -2628 629 -1502 -865 1
-1 15956 2920 -2628 629 -1502 -865 1
-1 17156 2316 -3096 -163 1013 -2983 1
-1 17156 2316 -3096 -163 1013 -2983 1
-1 17560 1276 -2848 -1252 -805 -955 1
-1 17560 1276 -2848 -1252 -805 -955 1
-1 17388 1824 -2636 -387 -909 -3327 1
-1 17388 1824 -2636 -387 -909 -3327 1
-1 17808 3184 -2116 -1337 465 -5549 1
-1 17808 3184 -2116 -1337 465 -5549 1
-1 16704 2256 -4120 -934 -561 -5275 1
-1 16704 2256 -4120 -934 -561 -5275 1
-1 16564 4692 -1168 -838 178 -7758 1
-1 16564 4692 -1168 -838 178 -7758 1
-1 15516 5368 -2424 -689 2219 -11464 1
-1 15516 5368 -2424 -689 2219 -11464 1
-1 16396 6656 -1556 -1278 -64 -8437 1
-1 16396 6656 -1556 -1278 -64 -8437 1
-1 14404 6744 -3240 -1338 -437 -3070 1
-1 14404 6744 -3240 -1338 -437 -3070 1
-1 15660 7440 -1888 2593 -2876 -4361 1
-1 15660 7440 -1888 2593 -2876 -4361 1
-1 13720 9680 -1732 883 1405 -7349 1
-1 13720 9680 -1732 883 1405 -7349 1
-1 15008 8808 -2708 -204 -311 -5321 1
-1 15008 8808 -2708 -204 -311 -5321 1
-1 14356 9604 -2064 -2141 855 -9809 1
-1 14356 9604 -2064 -2141 855 -9809 1
-1 13668 10488 -1932 410 388 -9007 1
-1 13668 10488 -1932 410 388 -9007 1
-1 12784 11180 -2264 -747 3155 -10194 1
-1 12784 11180 -2264 -747 3155 -10194 1
-1 11456 12016 -1568 131 -1416 -6859 1
-1 11456 12016 -1568 131 -1416 -6859 1
-1 12388 12380 -204 -83 1675 -4239 1
-1 12388 12380 -204 -83 1675 -4239 1
-1 10728 13016 -1064 4968 3264 -8447 1
-1 10728 13016 -1064 4968 3264 -8447 1
-1 8696 13376 -2288 -1840 -1110 -7349 1
-1 8696 13376 -2288 -1840 -1110 -7349 1
-1 10500 13512 -1736 -2477 164 -5524 1
-1 10500 13512 -1736 -2477 164 -5524 1
-1 10328 13024 348 -6216 1028 -15155 1
-1 10328 13024 348 -6216 1028 -15155 1
-1 6312 15056 -1904 -3491 935 -11205 1
-1 6312 15056 -1904 -3491 935 -11205 1
-1 3496 16284 944 -4801 7292 -13267 1
-1 3496 16284 944 -4801 7292 -13267 1
-1 3372 16088 356 -1064 -185 -5204 1
-1 3372 16088 356 -1064 -185 -5204 1
-1 3564 15652 844 -1130 -1959 -7265 1
-1 3564 15652 844 -1130 -1959 -7265 1
-1 2856 16284 584 1833 -2390 -2722 1
-1 2856 16284 584 1833 -2390 -2722 1
-1 2292 15856 2064 1111 1575 -5730 1
-1 2292 15856 2064 1111 1575 -5730 1
-1 716 16376 448 1290 -1057 -7883 1
-1 716 16376 448 1290 -1057 -7883 1
-1 1472 15528 1324 -1345 -1329 -6663 1
-1 1472 15528 1324 -1345 -1329 -6663 1
-1 1556 16608 2536 -4130 4641 -13165 1
-1 1556 16608 2536 -4130 4641 -13165 1
-1 1940 16196 3124 4014 -1153 -5845 1
-1 1940 16196 3124 4014 -1153 -5845 1
-1 -6304 16376 188 -6776 3152 -11913 1
-1 -6304 16376 188 -6776 3152 -11913 1
-1 -2184 15872 796 -1301 706 -1414 1
-1 -2184 15872 796 -1301 706 -1414 1
-1 -2876 14924 4044 -5409 9454 -10940 1
-1 -2876 14924 4044 -5409 9454 -10940 1
-1 -5272 14212 864 -870 2319 -3797 1
-1 -5272 14212 864 -870 2319 -3797 1
-1 -5576 14264 2280 -686 3982 -4423 1
-1 -5576 14264 2280 -686 3982 -4423 1
-1 -5724 15392 2576 414 1025 3524 1
-1 -5724 15392 2576 414 1025 3524 1
-1 -6772 13800 1148 -1964 2399 -5231 1
-1 -6772 13800 1148 -1964 2399 -5231 1
-1 -5124 13960 3596 -2699 3130 -3844 1
-1 -5124 13960 3596 -2699 3130 -3844 1
-1 -7428 13440 3148 -1181 -1014 -112 1
-1 -7428 13440 3148 -1181 -1014 -112 1
-1 -8248 13044 400 -431 -144 -1487 1
-1 -8248 13044 400 -431 -144 -1487 1
-1 -7288 13752 2256 -512 349 -1431 1
-1 -7288 13752 2256 -512 349 -1431 1
-1 -7900 13524 4100 -564 256 2032 1
-1 -7900 13524 4100 -564 256 2032 1
-1 -6796 13268 1420 -1525 2695 -1874 1
-1 -6796 13268 1420 -1525 2695 -1874 1
-1 -8208 13584 3376 722 302 663 1
-1 -8208 13584 3376 722 302 663 1
-1 -7148 13396 4076 -2393 2888 -1324 1
-1 -7148 13396 4076 -2393 2888 -1324 1
-1 -7324 13316 2396 -366 -413 3730 1
-1 -7324 13316 2396 -366 -413 3730 1
-1 -7348 13728 4196 447 1483 764 1
-1 -7348 13728 4196 447 1483 764 1
-1 -6636 13408 2316 1130 -196 3028 1
-1 -6636 13408 2316 1130 -196 3028 1
-1 -6940 13880 2836 429 698 607 1
-1 -6940 13880 2836 429 698 607 1
-1 -6200 13312 2576 1552 372 3106 1
-1 -6200 13312 2576 1552 372 3106 1
-1 -6748 13852 3096 -500 1592 -20 1
-1 -6748 13852 3096 -500 1592 -20 1
-1 -5628 13796 2740 -456 -606 137 1
-1 -5628 13796 2740 -456 -606 137 1
-1 -7216 13812 1756 -694 111 1874 1
-1 -7216 13812 1756 -694 111 1874 1
-1 -5500 14644 3556 1928 -686 4304 1
-1 -5500 14644 3556 1928 -686 4304 1
-1 -6024 15004 3836 3568 -1634 9827 1
-1 -6024 15004 3836 3568 -1634 9827 1
-1 -2944 22780 4808 23537 -10511 32767 1
-1 -2944 22780 4808 23537 -10511 32767 1
-1 -1088 16552 3516 -2451 1410 -2858 1
-1 -1088 16552 3516 -2451 1410 -2858 1
-1 -6896 17352 2416 4874 -25042 9308 1
-1 -6896 17352 2416 4874 -25042 9308 1
-1 -816 16000 -2556 10881 -8724 28550 1
-1 -816 16000 -2556 10881 -8724 28550 1
-1 8852 15988 -764 13373 -10862 32767 1
-1 8852 15988 -764 13373 -10862 32767 1
-1 7552 13584 -4316 5230 5122 21116 1
-1 7552 13584 -4316 5230 5122 21116 1
-1 12316 13128 -500 8960 -5025 26290 1
-1 12316 13128 -500 8960 -5025 26290 1
-1 10744 11268 -2044 -1649 -3338 22680 1
-1 10744 11268 -2044 -1649 -3338 22680 1
-1 13828 7424 -4660 -1456 -3989 16493 1
-1 13828 7424 -4660 -1456 -3989 16493 1
-1 15580 8604 -1964 -3542 -776 15249 1
-1 15580 8604 -1964 -3542 -776 15249 1
-1 16108 8488 -960 -1484 -3671 12220 1
-1 16108 8488 -960 -1484 -3671 12220 1
-1 16232 8228 -1596 -1830 -2718 7117 1
-1 16232 8228 -1596 -1830 -2718 7117 1
-1 16760 5688 -3524 -303 -771 2860 1
-1 16760 5688 -3524 -303 -771 2860 1
-1 15700 6156 -3040 -803 -407 1269 1
-1 15700 6156 -3040 -803 -407 1269 1
-1 16928 5156 -3148 -1099 97 -1184 1
-1 16928 5156 -3148 -1099 97 -1184 1
-1 14696 6412 -3288 226 -1263 -442 1
-1 14696 6412 -3288 226 -1263 -442 1
-1 17176 6180 -2416 -992 -515 -1673 1
-1 17176 6180 -2416 -992 -515 -1673 1
-1 13744 6920 -3816 -1660 -1409 -232 1
-1 13744 6920 -3816 -1660 -1409 -232 1
-1 17156 5992 -2856 752 540 -5068 1
-1 17156 5992 -2856 752 540 -5068 1
-1 14240 8412 -2960 -483 -1120 167 1
-1 14240 8412 -2960 -483 -1120 167 1
-1 16888 6592 -2600 251 1102 -4198 1
-1 16888 6592 -2600 251 1102 -4198 1
-1 14076 7852 -3380 -926 -2080 1055 1
-1 14076 7852 -3380 -926 -2080 1055 1
-1 16228 6896 -3620 0 1004 -4201 1
-1 16228 6896 -3620 0 1004 -4201 1
-1 14168 8436 -2876 -723 -931 -2612 1
-1 14168 8436 -2876 -723 -931 -2612 1
-1 16104 8036 -2988 -8 1365 -6217 1
-1 16104 8036 -2988 -8 1365 -6217 1
-1 14464 9176 -2904 -1775 10 -4079 1
-1 14464 9176 -2904 -1775 10 -4079 1
-1 13036 10076 -2932 -392 3966 -9872 1
-1 13036 10076 -2932 -392 3966 -9872 1
-1 15020 9292 -2176 -4660 -1137 -15028 1
-1 15020 9292 -2176 -4660 -1137 -15028 1
-1 11716 13408 -112 -2514 3844 -10379 1
-1 11716 13408 -112 -2514 3844 -10379 1
-1 11272 12188 -1864 -676 1090 -9758 1
-1 11272 12188 -1864 -676 1090 -9758 1
-1 10568 15012 1696 -2844 2726 -9324 1
-1 10568 15012 1696 -2844 2726 -9324 1
-1 9096 13632 -536 -2159 1477 -6693 1
-1 9096 13632 -536 -2159 1477 -6693 1
-1 9400 13844 -72 -1350 5310 -9296 1
-1 9400 13844 -72 -1350 5310 -9296 1
-1 7772 14620 72 892 527 -4551 1
-1 7772 14620 72 892 527 -4551 1
-1 6568 16228 1692 -977 3924 -6391 1
-1 6568 16228 1692 -977 3924 -6391 1
-1 6308 15284 428 542 715 -6573 1
-1 6308 15284 428 542 715 -6573 1
-1 6608 15568 2076 -196 1897 -4158 1
-1 6608 15568 2076 -196 1897 -4158 1
-1 4380 15444 352 19 649 -3120 1
-1 4380 15444 352 19 649 -3120 1
-1 5304 15724 856 520 1890 -3342 1
-1 5304 15724 856 520 1890 -3342 1
-1 4632 16096 2864 359 1502 -3234 1
-1 4632 16096 2864 359 1502 -3234 1
-1 3036 15816 460 800 602 -4037 1
-1 3036 15816 460 800 602 -4037 1
-1 4312 15384 1932 -296 -142 -2159 1
-1 4312 15384 1932 -296 -142 -2159 1
-1 3284 15148 320 -876 938 -5195 1
-1 3284 15148 320 -876 938 -5195 1
-1 2024 16512 2280 -218 -744 -4715 1
-1 2024 16512 2280 -218 -744 -4715 1
-1 2680 16640 1664 -166 1129 -1468 1
-1 2680 16640 1664 -166 1129 -1468 1
-1 3232 16612 3240 -111 3993 -5713 1
-1 3232 16612 3240 -111 3993 -5713 1
-1 1212 16900 2140 775 793 -3047 1
-1 1212 16900 2140 775 793 -3047 1
-1 1236 16464 2288 652 -402 -2802 1
-1 1236 16464 2288 652 -402 -2802 1
-1 0 16128 2064 771 -664 -631 1
-1 0 16128 2064 771 -664 -631 1
-1 516 15476 1540 365 -1177 178 1
-1 516 15476 1540 365 -1177 178 1
-1 64 15696 1688 519 -909 372 1
-1 64 15696 1688 519 -909 372 1
-1 -56 16600 2448 -694 863 -171 1
-1 -56 16600 2448 -694 863 -171 1
-1 -316 16096 1612 -202 655 178 1
-1 -316 16096 1612 -202 655 178 1
-1 1224 15500 832 547 -1191 1689 1
-1 1224 15500 832 547 -1191 1689 1
-1 884 17352 3504 1339 98 1891 1
-1 884 17352 3504 1339 98 1891 1
-1 844 16692 2420 1158 -1344 2124 1
-1 844 16692 2420 1158 -1344 2124 1
-1 1236 15560 1288 -687 -259 1750 1
-1 1236 15560 1288 -687 -259 1750 1
-1 428 16172 1672 52 -957 1224 1
-1 428 16172 1672 52 -957 1224 1
-1 2668 15644 1032 -658 -266 2449 1
-1 2668 15644 1032 -658 -266 2449 1
-1 1888 16656 2724 756 137 763 1
-1 1888 16656 2724 756 137 763 1
-1 2696 17300 4472 1666 2132 229 1
-1 2696 17300 4472 1666 2132 229 1
-1 56 16920 1352 5203 641 3419 1
-1 56 16920 1352 5203 641 3419 1
-1 4660 14720 -272 812 2575 424 1
-1 4660 14720 -272 812 2575 424 1
