-1 9516 15096 3332 -870 1886 -2076 1
-1 9516 15096 3332 -870 1886 -2076 1
-1 10264 17504 5484 66 2829 -5364 1
-1 10264 17504 5484 66 2829 -5364 1
-1 8036 18468 4072 2185 2345 -4534 1
-1 8036 18468 4072 2185 2345 -4534 1
-1 8204 18000 2252 4091 657 -2780 1
-1 8204 18000 2252 4091 657 -2780 1
-1 7828 16008 992 1387 -71 156 1
-1 7828 16008 992 1387 -71 156 1
-1 4508 14676 1376 2856 11575 -7388 1
-1 4508 14676 1376 2856 11575 -7388 1
-1 6080 13052 2712 6393 -422 2463 1
-1 6080 13052 2712 6393 -422 2463 1
-1 4076 13456 -1476 2298 7924 -6229 1
-1 4076 13456 -1476 2298 7924 -6229 1
-1 5012 13344 -1940 2233 -2232 -193 1
-1 5012 13344 -1940 2233 -2232 -193 1
-1 7312 13136 -256 -459 1424 -3694 1
-1 7312 13136 -256 -459 1424 -3694 1
-1 2588 13884 -876 -914 293 -2202 1
-1 2588 13884 -876 -914 293 -2202 1
-1 3532 14696 860 -1914 911 -2156 1
-1 3532 14696 860 -1914 911 -2156 1
-1 2624 15712 4580 -3022 1310 -313 1
-1 2624 15712 4580 -3022 1310 -313 1
-1 3324 15508 4992 254 825 -2159 1
-1 3324 15508 4992 254 825 -2159 1
-1 1388 15272 2692 507 656 -3239 1
-1 1388 15272 2692 507 656 -3239 1
-1 2768 15144 4160 -1524 1986 -1365 1
-1 2768 15144 4160 -1524 1986 -1365 1
-1 4308 14696 2656 2569 -752 646 1
-1 4308 14696 2656 2569 -752 646 1
-1 4052 15664 3728 740 1917 -864 1
-1 4052 15664 3728 740 1917 -864 1
-1 1548 16156 2328 3528 -8357 5661 1
-1 1548 16156 2328 3528 -8357 5661 1
-1 3844 15912 836 1959 2474 -2784 1
-1 3844 15912 836 1959 2474 -2784 1
-1 2988 15980 2128 1425 1497 -1718 1
-1 2988 15980 2128 1425 1497 -1718 1
-1 3060 16024 1456 505 -2904 1920 1
-1 3060 16024 1456 505 -2904 1920 1
-1 3476 14852 1136 -2968 5506 -5392 1
-1 3476 14852 1136 -2968 5506 -5392 1
-1 1544 15948 824 -2567 3809 -4098 1
-1 1544 15948 824 -2567 3809 -4098 1
-1 -540 17744 4640 2769 1679 501 1
-1 -540 17744 4640 2769 1679 501 1
-1 3188 16756 2332 -825 1791 -379 1
-1 3188 16756 2332 -825 1791 -379 1
-1 1676 15752 2576 615 -2328 2127 1
-1 1676 15752 2576 615 -2328 2127 1
-1 2032 15924 2644 96 261 -757 1
-1 2032 15924 2644 96 261 -757 1
-1 2256 16108 2000 724 -913 478 1
-1 2256 16108 2000 724 -913 478 1
-1 2108 15748 2452 136 -980 -173 1
-1 2108 15748 2452 136 -980 -173 1
-1 1712 15960 1936 499 -203 -775 1
-1 1712 15960 1936 499 -203 -775 1
-1 1380 16404 2804 190 332 -456 1
-1 1380 16404 2804 190 332 -456 1
-1 2008 15820 2056 345 -87 -75 1
-1 2008 15820 2056 345 -87 -75 1
-1 1996 15964 2180 398 -26 47 1
-1 1996 15964 2180 398 -26 47 1
-1 1980 15760 2196 167 230 -295 1
-1 1980 15760 2196 167 230 -295 1
-1 1860 15960 2440 -54 152 46 1
-1 1860 15960 2440 -54 152 46 1
-1 1916 16020 2516 -40 193 -131 1
-1 1916 16020 2516 -40 193 -131 1
-1 1876 15952 2248 470 -102 -7 1
-1 1876 15952 2248 470 -102 -7 1
-1 1824 15920 2540 231 138 -71 1
-1 1824 15920 2540 231 138 -71 1
-1 1976 15920 2380 215 -140 25 1
-1 1976 15920 2380 215 -140 25 1
-1 1672 16740 2936 758 -759 1108 1
-1 1672 16740 2936 758 -759 1108 1
-1 2028 15728 2160 366 -107 324 1
-1 2028 15728 2160 366 -107 324 1
-1 2104 15896 2200 624 -281 473 1
-1 2104 15896 2200 624 -281 473 1
-1 2132 16148 2532 815 -640 579 1
-1 2132 16148 2532 815 -640 579 1
-1 2780 15184 2124 527 -369 449 1
-1 2780 15184 2124 527 -369 449 1
-1 2288 15936 2272 582 -126 16 1
-1 2288 15936 2272 582 -126 16 1
-1 2308 15836 2336 215 53 -86 1
-1 2308 15836 2336 215 53 -86 1
-1 2288 15912 2348 500 -30 -25 1
-1 2288 15912 2348 500 -30 -25 1
-1 2196 15960 2324 413 28 -243 1
-1 2196 15960 2324 413 28 -243 1
-1 2152 16004 2164 213 -179 -106 1
-1 2152 16004 2164 213 -179 -106 1
-1 2244 15948 2228 424 1 60 1
-1 2244 15948 2228 424 1 60 1
-1 2360 15700 2448 1092 -651 766 1
-1 2360 15700 2448 1092 -651 766 1
-1 2084 15796 2180 392 -35 286 1
-1 2084 15796 2180 392 -35 286 1
-1 2872 15564 2256 907 -581 1175 1
-1 2872 15564 2256 907 -581 1175 1
-1 2320 16084 2216 368 66 -13 1
-1 2320 16084 2216 368 66 -13 1
-1 2348 15804 2256 481 206 -76 1
-1 2348 15804 2256 481 206 -76 1
-1 2332 16020 2004 763 -272 74 1
-1 2332 16020 2004 763 -272 74 1
-1 2232 15796 2180 770 35 266 1
-1 2232 15796 2180 770 35 266 1
-1 2428 15704 2084 408 939 -901 1
-1 2428 15704 2084 408 939 -901 1
-1 1476 16752 2232 1199 890 -1194 1
-1 1476 16752 2232 1199 890 -1194 1
-1 2352 15068 1468 702 483 -404 1
-1 2352 15068 1468 702 483 -404 1
-1 1920 17056 3408 1657 -294 649 1
-1 1920 17056 3408 1657 -294 649 1
-1 2296 14888 -92 1486 -541 300 1
-1 2296 14888 -92 1486 -541 300 1
-1 2780 13404 -488 -563 1591 -1131 1
-1 2780 13404 -488 -563 1591 -1131 1
-1 1928 16380 2056 71 3296 -2777 1
-1 1928 16380 2056 71 3296 -2777 1
-1 2192 16564 2932 1075 540 -568 1
-1 2192 16564 2932 1075 540 -568 1
-1 828 15760 1284 678 1156 -854 1
-1 828 15760 1284 678 1156 -854 1
-1 2544 15568 2432 957 -950 1070 1
-1 2544 15568 2432 957 -950 1070 1
-1 1492 16368 2448 2049 1215 -403 1
-1 1492 16368 2448 2049 1215 -403 1
-1 1488 16428 1796 27 -241 -1025 1
-1 1488 16428 1796 27 -241 -1025 1
-1 3248 16844 1908 2153 -1811 962 1
-1 3248 16844 1908 2153 -1811 962 1
-1 896 16972 1616 1286 916 -466 1
-1 896 16972 1616 1286 916 -466 1
-1 2900 15668 -40 808 239 -767 1
-1 2900 15668 -40 808 239 -767 1
-1 1488 15952 1852 -155 803 3 1
-1 1488 15952 1852 -155 803 3 1
-1 2344 15924 304 -540 -121 -802 1
-1 2344 15924 304 -540 -121 -802 1
-1 1280 16436 1504 154 795 -841 1
-1 1280 16436 1504 154 795 -841 1
-1 1732 15852 976 -445 -615 -89 1
-1 1732 15852 976 -445 -615 -89 1
-1 944 16368 1048 724 -508 857 1
-1 944 16368 1048 724 -508 857 1
-1 660 17084 2712 294 1493 -230 1
-1 660 17084 2712 294 1493 -230 1
-1 1304 16712 2516 1234 -267 416 1
-1 1304 16712 2516 1234 -267 416 1
-1 1072 15868 1244 157 395 -35 1
-1 1072 15868 1244 157 395 -35 1
-1 1624 15236 1296 175 -1059 172 1
-1 1624 15236 1296 175 -1059 172 1
-1 1460 16928 -96 -199 326 -823 1
-1 1460 16928 -96 -199 326 -823 1
-1 2696 15512 -836 -506 1552 -1673 1
-1 2696 15512 -836 -506 1552 -1673 1
-1 236 18300 4252 597 -497 -87 1
-1 236 18300 4252 597 -497 -87 1
-1 816 17488 2432 -173 781 476 1
-1 816 17488 2432 -173 781 476 1
-1 1452 15812 2248 -120 514 93 1
-1 1452 15812 2248 -120 514 93 1
-1 604 15876 1492 450 -450 265 1
-1 604 15876 1492 450 -450 265 1
-1 2584 14880 740 -619 21 -802 1
-1 2584 14880 740 -619 21 -802 1
-1 88 16284 1996 215 -1660 232 1
-1 88 16284 1996 215 -1660 232 1
-1 2052 16608 3308 204 529 -501 1
-1 2052 16608 3308 204 529 -501 1
-1 1032 16344 1972 469 556 143 1
-1 1032 16344 1972 469 556 143 1
-1 2688 15156 608 -974 -1392 451 1
-1 2688 15156 608 -974 -1392 451 1
-1 1192 15600 1984 -37 1269 -2121 1
-1 1192 15600 1984 -37 1269 -2121 1
-1 764 15192 1976 -237 -1473 394 1
-1 764 15192 1976 -237 -1473 394 1
-1 2048 15188 -928 465 -591 -424 1
-1 2048 15188 -928 465 -591 -424 1
-1 -148 18384 5564 2174 -1692 1462 1
-1 -148 18384 5564 2174 -1692 1462 1
-1 1244 16148 1520 -58 1102 -405 1
-1 1244 16148 1520 -58 1102 -405 1
-1 1296 16520 1200 403 1184 -754 1
-1 1296 16520 1200 403 1184 -754 1
-1 380 17204 2420 227 41 -160 1
-1 380 17204 2420 227 41 -160 1
-1 1064 15552 764 -288 372 588 1
-1 1064 15552 764 -288 372 588 1
-1 1180 14544 1340 217 -625 124 1
-1 1180 14544 1340 217 -625 124 1
-1 560 16120 980 240 904 -443 1
-1 560 16120 980 240 904 -443 1
-1 1288 15796 1284 -438 1030 -1311 1
-1 1288 15796 1284 -438 1030 -1311 1
-1 2224 15252 -1132 -291 918 -2128 1
-1 2224 15252 -1132 -291 918 -2128 1
-1 324 17668 1912 906 909 1048 1
-1 324 17668 1912 906 909 1048 1
-1 620 17804 3840 -205 2091 -1385 1
-1 620 17804 3840 -205 2091 -1385 1
-1 1920 14800 1252 -176 -1305 1590 1
-1 1920 14800 1252 -176 -1305 1590 1
-1 1304 14916 552 -101 1655 288 1
-1 1304 14916 552 -101 1655 288 1
-1 312 15744 1104 -463 -911 -41 1
-1 312 15744 1104 -463 -911 -41 1
-1 1392 15672 1628 -506 106 -52 1
-1 1392 15672 1628 -506 106 -52 1
-1 1780 16516 3364 616 896 48 1
-1 1780 16516 3364 616 896 48 1
-1 1608 13648 -320 -634 -3762 638 1
-1 1608 13648 -320 -634 -3762 638 1
-1 1332 11760 -5036 -2105 -1172 -817 1
-1 1332 11760 -5036 -2105 -1172 -817 1
-1 384 18468 5208 1235 60 -1339 1
-1 384 18468 5208 1235 60 -1339 1
-1 932 16740 2412 879 -2164 2440 1
-1 932 16740 2412 879 -2164 2440 1
-1 4148 12124 -2624 -624 -1425 895 1
-1 4148 12124 -2624 -624 -1425 895 1
-1 2240 15600 1956 2329 -1780 1251 1
-1 2240 15600 1956 2329 -1780 1251 1
-1 672 16580 5016 1659 -536 -17 1
-1 672 16580 5016 1659 -536 -17 1
-1 1304 15948 2372 1327 1632 759 1
-1 1304 15948 2372 1327 1632 759 1
-1 2544 16596 3724 5296 -3038 2064 1
-1 2544 16596 3724 5296 -3038 2064 1
-1 3260 18744 2732 3999 -1546 1291 1
-1 3260 18744 2732 3999 -1546 1291 1
-1 1952 25296 5208 5930 -5050 9201 1
-1 1952 25296 5208 5930 -5050 9201 1
-1 3588 22300 -216 9128 -6798 24919 1
-1 3588 22300 -216 9128 -6798 24919 1
-1 8216 16328 -2288 7533 -2157 27593 1
-1 8216 16328 -2288 7533 -2157 27593 1
-1 9516 11288 -4752 4161 -1004 28753 1
-1 9516 11288 -4752 4161 -1004 28753 1
-1 9772 8380 -4744 2713 5922 19943 1
-1 9772 8380 -4744 2713 5922 19943 1
-1 11424 6164 -3152 -645 -3443 25043 1
-1 11424 6164 -3152 -645 -3443 25043 1
-1 10640 6484 -2844 318 5211 13567 1
-1 10640 6484 -2844 318 5211 13567 1
-1 16856 5748 328 -309 -1786 12686 1
-1 16856 5748 328 -309 -1786 12686 1
-1 13056 6552 740 326 974 7089 1
-1 13056 6552 740 326 974 7089 1
-1 16276 3800 -936 -1404 -4242 9463 1
-1 16276 3800 -936 -1404 -4242 9463 1
-1 14744 2308 -3396 -271 2654 4329 1
-1 14744 2308 -3396 -271 2654 4329 1
-1 16976 1728 -1248 2047 -1860 8219 1
-1 16976 1728 -1248 2047 -1860 8219 1
-1 17788 2652 220 1863 848 3054 1
-1 17788 2652 220 1863 848 3054 1
-1 15396 1192 -3952 2398 1152 1388 1
-1 15396 1192 -3952 2398 1152 1388 1
-1 19076 -60 -496 -740 824 2586 1
-1 19076 -60 -496 -740 824 2586 1
-1 16868 452 -1616 297 162 -1267 1
-1 16868 452 -1616 297 162 -1267 1
-1 17620 656 -988 -72 -904 2521 1
-1 17620 656 -988 -72 -904 2521 1
-1 17408 1444 -1720 -892 1237 -1171 1
-1 17408 1444 -1720 -892 1237 -1171 1
-1 16716 800 -1256 131 -822 2062 1
-1 16716 800 -1256 131 -822 2062 1
-1 16628 20 -2280 -1030 1289 -1351 1
-1 16628 20 -2280 -1030 1289 -1351 1
-1 17616 1304 -1060 -71 25 -1755 1
-1 17616 1304 -1060 -71 25 -1755 1
-1 16208 2216 -888 -1175 433 -2519 1
-1 16208 2216 -888 -1175 433 -2519 1
-1 16668 1276 -2156 -1151 -1273 -290 1
-1 16668 1276 -2156 -1151 -1273 -290 1
-1 15884 1400 352 732 -1439 -1025 1
-1 15884 1400 352 732 -1439 -1025 1
-1 16968 2908 736 467 -1961 1012 1
-1 16968 2908 736 467 -1961 1012 1
-1 17896 1008 -4484 -3440 3227 -4861 1
-1 17896 1008 -4484 -3440 3227 -4861 1
-1 16984 2604 -2720 726 -105 -3666 1
-1 16984 2604 -2720 726 -105 -3666 1
-1 15964 2848 -1600 -1116 -118 -2829 1
-1 15964 2848 -1600 -1116 -118 -2829 1
-1 16828 2708 -2100 -161 -1383 -1784 1
-1 16828 2708 -2100 -161 -1383 -1784 1
-1 16468 5700 -316 -151 759 -5123 1
-1 16468 5700 -316 -151 759 -5123 1
-1 16976 4632 -1364 377 -910 -3511 1
-1 16976 4632 -1364 377 -910 -3511 1
-1 16312 4052 -1440 -811 1180 -5222 1
-1 16312 4052 -1440 -811 1180 -5222 1
-1 15984 4392 -1532 -346 -1397 -5951 1
-1 15984 4392 -1532 -346 -1397 -5951 1
-1 16288 5612 -1700 -1348 1315 -9353 1
-1 16288 5612 -1700 -1348 1315 -9353 1
-1 15408 6940 -1012 1067 163 -6923 1
-1 15408 6940 -1012 1067 163 -6923 1
-1 15116 8152 -1212 280 275 -5735 1
-1 15116 8152 -1212 280 275 -5735 1
-1 14656 7912 -2384 437 -144 -4198 1
-1 14656 7912 -2384 437 -144 -4198 1
-1 14996 8644 -904 59 940 -4599 1
-1 14996 8644 -904 59 940 -4599 1
-1 15304 10204 244 2029 1438 -5623 1
-1 15304 10204 244 2029 1438 -5623 1
-1 13216 10044 -2668 2168 3135 -8403 1
-1 13216 10044 -2668 2168 3135 -8403 1
-1 13644 10960 -536 981 -1057 -6108 1
-1 13644 10960 -536 981 -1057 -6108 1
-1 13048 10492 -1524 -2123 1392 -10186 1
-1 13048 10492 -1524 -2123 1392 -10186 1
-1 10988 12232 -92 -1703 3204 -14344 1
-1 10988 12232 -92 -1703 3204 -14344 1
-1 10712 12924 -1328 -683 987 -9617 1
-1 10712 12924 -1328 -683 987 -9617 1
-1 10396 13960 292 -692 3736 -12249 1
-1 10396 13960 292 -692 3736 -12249 1
-1 5548 15268 568 2332 -216 -6890 1
-1 5548 15268 568 2332 -216 -6890 1
-1 10220 13872 -1184 1950 -3947 -3567 1
-1 10220 13872 -1184 1950 -3947 -3567 1
-1 6352 13992 -2948 2593 -1703 -5842 1
-1 6352 13992 -2948 2593 -1703 -5842 1
-1 3824 15876 -380 2328 2942 -8755 1
-1 3824 15876 -380 2328 2942 -8755 1
-1 4832 15816 -1972 -70 1288 -8281 1
-1 4832 15816 -1972 -70 1288 -8281 1
-1 1584 17560 872 1780 2226 -5803 1
-1 1584 17560 872 1780 2226 -5803 1
-1 2368 15940 -1092 -564 5483 -9439 1
-1 2368 15940 -1092 -564 5483 -9439 1
-1 1872 16408 -1232 -817 3809 -8209 1
-1 1872 16408 -1232 -817 3809 -8209 1
-1 460 16696 1296 -698 2145 -8113 1
-1 460 16696 1296 -698 2145 -8113 1
-1 -2352 16880 860 -1013 196 -4974 1
-1 -2352 16880 860 -1013 196 -4974 1
-1 -436 15644 -624 -5710 6267 -12116 1
-1 -436 15644 -624 -5710 6267 -12116 1
-1 -3376 16784 984 804 -174 202 1
-1 -3376 16784 984 804 -174 202 1
-1 -2920 15440 220 -1469 1512 -4851 1
-1 -2920 15440 220 -1469 1512 -4851 1
-1 -3372 16208 1616 -1386 -1131 -1405 1
-1 -3372 16208 1616 -1386 -1131 -1405 1
-1 -3560 14948 -588 2137 738 -668 1
-1 -3560 14948 -588 2137 738 -668 1
-1 -3784 15820 2980 -2329 2831 -2910 1
-1 -3784 15820 2980 -2329 2831 -2910 1
-1 -3104 15860 828 -220 1393 -3665 1
-1 -3104 15860 828 -220 1393 -3665 1
-1 -6464 17068 4016 -1458 4152 -7842 1
-1 -6464 17068 4016 -1458 4152 -7842 1
-1 -4316 15692 1504 363 -215 -125 1
-1 -4316 15692 1504 363 -215 -125 1
-1 -6912 15928 2996 1019 774 717 1
-1 -6912 15928 2996 1019 774 717 1
-1 -4164 14772 864 -1799 5062 -3324 1
-1 -4164 14772 864 -1799 5062 -3324 1
-1 -4896 13992 -168 -1016 585 -503 1
-1 -4896 13992 -168 -1016 585 -503 1
-1 -5792 15068 2052 386 2037 -1100 1
-1 -5792 15068 2052 386 2037 -1100 1
-1 -5620 15640 2240 353 1618 123 1
-1 -5620 15640 2240 353 1618 123 1
-1 -4300 16156 3132 6071 -3808 6669 1
-1 -4300 16156 3132 6071 -3808 6669 1
-1 -4084 15276 1560 -530 1598 23 1
-1 -4084 15276 1560 -530 1598 23 1
-1 -4088 15348 516 2874 -2783 6572 1
-1 -4088 15348 516 2874 -2783 6572 1
-1 -2196 16684 1296 4322 -3687 10495 1
-1 -2196 16684 1296 4322 -3687 10495 1
-1 -1304 17744 860 5201 -5203 15855 1
-1 -1304 17744 860 5201 -5203 15855 1
-1 -2384 19064 2736 8111 -9312 23979 1
-1 -2384 19064 2736 8111 -9312 23979 1
-1 848 16180 -1204 885 -1947 24420 1
-1 848 16180 -1204 885 -1947 24420 1
-1 6980 10196 -7320 5018 -3859 32767 1
-1 6980 10196 -7320 5018 -3859 32767 1
-1 7264 14992 872 1208 -9 27026 1
-1 7264 14992 872 1208 -9 27026 1
-1 15240 8856 -4664 -3672 1649 17575 1
-1 15240 8856 -4664 -3672 1649 17575 1
-1 14416 13444 696 -2794 682 12347 1
-1 14416 13444 696 -2794 682 12347 1
-1 15800 6040 -5524 -4451 -5121 17805 1
-1 15800 6040 -5524 -4451 -5121 17805 1
-1 14352 8036 -1608 -1224 -530 8546 1
-1 14352 8036 -1608 -1224 -530 8546 1
-1 17544 7624 2896 -1352 -2587 12623 1
-1 17544 7624 2896 -1352 -2587 12623 1
-1 15648 4692 -1692 3180 -1623 775 1
-1 15648 4692 -1692 3180 -1623 775 1
-1 18940 6536 -3492 137 1834 -4104 1
-1 18940 6536 -3492 137 1834 -4104 1
-1 17184 5424 -3160 598 -5093 3102 1
-1 17184 5424 -3160 598 -5093 3102 1
-1 17580 4584 -3716 -247 620 -7030 1
-1 17580 4584 -3716 -247 620 -7030 1
-1 15692 7096 -2852 -1362 -490 -873 1
-1 15692 7096 -2852 -1362 -490 -873 1
-1 15740 4948 -2228 -440 2097 -4632 1
-1 15740 4948 -2228 -440 2097 -4632 1
-1 13716 6272 -1784 -231 -391 -915 1
-1 13716 6272 -1784 -231 -391 -915 1
-1 15796 7976 -1516 -840 2008 -7104 1
-1 15796 7976 -1516 -840 2008 -7104 1
-1 13840 8240 -1876 -388 -273 -5015 1
-1 13840 8240 -1876 -388 -273 -5015 1
-1 14388 8660 -2024 -773 -342 -6277 1
-1 14388 8660 -2024 -773 -342 -6277 1
-1 14392 9620 -1752 -1776 -1231 -2408 1
-1 14392 9620 -1752 -1776 -1231 -2408 1
-1 15104 10672 -1092 -168 4967 -9757 1
-1 15104 10672 -1092 -168 4967 -9757 1
-1 13012 10368 -2384 -723 -1228 -4366 1
-1 13012 10368 -2384 -723 -1228 -4366 1
-1 13516 11284 -968 -2109 2448 -9746 1
-1 13516 11284 -968 -2109 2448 -9746 1
-1 12160 10652 -1360 -315 1246 -8249 1
-1 12160 10652 -1360 -315 1246 -8249 1
-1 12144 11012 -2408 -1726 3512 -13596 1
-1 12144 11012 -2408 -1726 3512 -13596 1
-1 11364 11884 -1544 -1016 3066 -7340 1
-1 11364 11884 -1544 -1016 3066 -7340 1
-1 9296 14888 1076 -737 757 -10149 1
-1 9296 14888 1076 -737 757 -10149 1
-1 9084 14308 -888 654 151 -4148 1
-1 9084 14308 -888 654 151 -4148 1
-1 8676 14512 668 -1149 1983 -7162 1
-1 8676 14512 668 -1149 1983 -7162 1
-1 6660 15904 692 -349 -1226 -2678 1
-1 6660 15904 692 -349 -1226 -2678 1
-1 7940 14228 -40 187 882 -4376 1
-1 7940 14228 -40 187 882 -4376 1
-1 6192 15048 176 -1036 4645 -8756 1
-1 6192 15048 176 -1036 4645 -8756 1
-1 5440 16040 1804 29 2406 -5844 1
-1 5440 16040 1804 29 2406 -5844 1
-1 4620 15736 1364 -51 3259 -6218 1
-1 4620 15736 1364 -51 3259 -6218 1
-1 3676 16096 1984 -536 -654 -2808 1
-1 3676 16096 1984 -536 -654 -2808 1
-1 2316 15284 176 618 1595 -4098 1
-1 2316 15284 176 618 1595 -4098 1
-1 3240 15796 1940 -596 1016 -2820 1
-1 3240 15796 1940 -596 1016 -2820 1
-1 1588 15784 1064 -845 389 -2706 1
-1 1588 15784 1064 -845 389 -2706 1
-1 2400 16524 2240 304 1621 -3735 1
-1 2400 16524 2240 304 1621 -3735 1
-1 -164 16456 2020 -2296 2125 -5257 1
-1 -164 16456 2020 -2296 2125 -5257 1
-1 832 16136 1452 -1073 1162 -4996 1
-1 832 16136 1452 -1073 1162 -4996 1
-1 -820 16772 3292 -2270 3818 -7229 1
-1 -820 16772 3292 -2270 3818 -7229 1
-1 -152 15376 2712 1385 3420 -4545 1
-1 -152 15376 2712 1385 3420 -4545 1
-1 -68 15608 1832 -320 5219 -6248 1
-1 -68 15608 1832 -320 5219 -6248 1
-1 -4312 16352 2548 -438 1967 -5142 1
-1 -4312 16352 2548 -438 1967 -5142 1
-1 -2028 15240 2144 -39 3356 -4943 1
-1 -2028 15240 2144 -39 3356 -4943 1
-1 -3868 15252 2708 -172 978 -3754 1
-1 -3868 15252 2708 -172 978 -3754 1
-1 -5344 15788 2920 -909 1154 -5580 1
-1 -5344 15788 2920 -909 1154 -5580 1
-1 -5680 15868 2220 910 1279 -2552 1
-1 -5680 15868 2220 910 1279 -2552 1
-1 -5140 15456 1820 909 -671 -2117 1
-1 -5140 15456 1820 909 -671 -2117 1
-1 -5424 15768 2540 928 1201 880 1
-1 -5424 15768 2540 928 1201 880 1
-1 -5312 15300 3568 1105 -1429 1010 1
-1 -5312 15300 3568 1105 -1429 1010 1
-1 -4768 13752 1356 -1986 3470 -4761 1
-1 -4768 13752 1356 -1986 3470 -4761 1
-1 -7056 14184 2104 -1483 -892 55 1
-1 -7056 14184 2104 -1483 -892 55 1
-1 -4964 13980 136 -1154 866 -2283 1
-1 -4964 13980 136 -1154 866 -2283 1
-1 -5652 14180 3104 1220 91 1007 1
-1 -5652 14180 3104 1220 91 1007 1
-1 -5228 14356 2256 -840 1971 -237 1
-1 -5228 14356 2256 -840 1971 -237 1
-1 -6420 14304 2460 1718 447 4 1
-1 -6420 14304 2460 1718 447 4 1
-1 -6120 14632 1184 -329 512 1200 1
-1 -6120 14632 1184 -329 512 1200 1
-1 -5172 14884 2188 -967 1805 -1037 1
-1 -5172 14884 2188 -967 1805 -1037 1
-1 -6364 14428 2316 1115 -491 2921 1
-1 -6364 14428 2316 1115 -491 2921 1
-1 -5160 14176 1784 1798 -1156 3071 1
-1 -5160 14176 1784 1798 -1156 3071 1
-1 -4160 15048 2892 3180 -2737 9230 1
-1 -4160 15048 2892 3180 -2737 9230 1
-1 -1956 14544 1060 2394 12 8642 1
-1 -1956 14544 1060 2394 12 8642 1
