-1 4820 13656 1368 -1288 -610 2143 1
-1 3104 13268 16 -4823 -563 3428 1
-1 3104 13268 16 -4823 -563 3428 1
-1 4732 14788 4528 161 -1270 2399 1
-1 4732 14788 4528 161 -1270 2399 1
-1 5596 13916 3340 -2673 179 1168 1
-1 5596 13916 3340 -2673 179 1168 1
-1 4964 15452 3392 1204 -227 194 1
-1 4964 15452 3392 1204 -227 194 1
-1 5736 16104 4036 407 -30 -543 1
-1 5736 16104 4036 407 -30 -543 1
-1 5956 15256 2180 170 -297 -428 1
-1 5956 15256 2180 170 -297 -428 1
-1 5076 15820 3028 -227 727 -1841 1
-1 5076 15820 3028 -227 727 -1841 1
-1 4300 15160 1932 955 51 564 1
-1 4300 15160 1932 955 51 564 1
-1 4560 15528 1800 2379 -2409 1581 1
-1 4560 15528 1800 2379 -2409 1581 1
-1 4876 15448 1572 -1057 2094 -1567 1
-1 4876 15448 1572 -1057 2094 -1567 1
-1 3916 16092 2028 2701 -3300 2069 1
-1 3916 16092 2028 2701 -3300 2069 1
-1 4868 15612 1924 488 533 -690 1
-1 4868 15612 1924 488 533 -690 1
-1 4836 15372 1600 -429 1470 -2161 1
-1 4836 15372 1600 -429 1470 -2161 1
-1 4544 15804 2084 952 -1815 1698 1
-1 4544 15804 2084 952 -1815 1698 1
-1 4392 15508 2248 -432 53 -890 1
-1 4392 15508 2248 -432 53 -890 1
-1 4904 15080 1576 460 -2603 1692 1
-1 4904 15080 1576 460 -2603 1692 1
-1 4460 15660 1376 98 -1911 685 1
-1 4460 15660 1376 98 -1911 685 1
-1 5884 15604 1260 1033 -573 -309 1
-1 5884 15604 1260 1033 -573 -309 1
-1 5240 15520 2368 969 -315 -926 1
-1 5240 15520 2368 969 -315 -926 1
-1 3824 15616 612 979 644 -934 1
-1 3824 15616 612 979 644 -934 1
-1 5332 15720 3196 1191 178 193 1
-1 5332 15720 3196 1191 178 193 1
-1 4540 15220 880 1509 -190 -465 1
-1 4540 15220 880 1509 -190 -465 1
-1 4524 15712 1612 254 1386 -1154 1
-1 4524 15712 1612 254 1386 -1154 1
-1 4484 15880 1836 -195 632 -393 1
-1 4484 15880 1836 -195 632 -393 1
-1 4744 15824 2152 247 1829 -1012 1
-1 4744 15824 2152 247 1829 -1012 1
-1 3996 15772 1884 -1080 2944 -1587 1
-1 3996 15772 1884 -1080 2944 -1587 1
-1 4852 15376 1916 25 -353 253 1
-1 4852 15376 1916 25 -353 253 1
-1 3968 15928 2532 455 429 -76 1
-1 3968 15928 2532 455 429 -76 1
-1 4548 15392 1616 -434 481 -568 1
-1 4548 15392 1616 -434 481 -568 1
-1 4168 16004 2384 492 -259 17 1
-1 4168 16004 2384 492 -259 17 1
-1 3840 15628 2184 -45 439 -663 1
-1 3840 15628 2184 -45 439 -663 1
-1 4116 15572 2968 573 -461 374 1
-1 4116 15572 2968 573 -461 374 1
-1 3964 15516 1568 177 -40 -200 1
-1 3964 15516 1568 177 -40 -200 1
-1 3728 15856 2248 220 272 77 1
-1 3728 15856 2248 220 272 77 1
-1 4312 15596 2276 446 306 64 1
-1 4312 15596 2276 446 306 64 1
-1 4080 15708 2156 584 33 -59 1
-1 4080 15708 2156 584 33 -59 1
-1 4160 15704 2076 204 -407 41 1
-1 4160 15704 2076 204 -407 41 1
-1 3824 15648 2244 120 676 -513 1
-1 3824 15648 2244 120 676 -513 1
-1 4028 15544 2204 898 46 218 1
-1 4028 15544 2204 898 46 218 1
-1 4116 15760 2532 584 235 -440 1
-1 4116 15760 2532 584 235 -440 1
-1 4048 15660 2108 37 -217 -355 1
-1 4048 15660 2108 37 -217 -355 1
-1 3768 15892 2220 113 46 -429 1
-1 3768 15892 2220 113 46 -429 1
-1 3736 15812 2340 98 937 -1069 1
-1 3736 15812 2340 98 937 -1069 1
-1 5460 15656 5240 -26 689 -731 1
-1 5460 15656 5240 -26 689 -731 1
-1 2744 15904 2768 -365 1631 -2106 1
-1 2744 15904 2768 -365 1631 -2106 1
-1 4552 15440 2348 854 -1156 546 1
-1 4552 15440 2348 854 -1156 546 1
-1 2892 15808 2704 -262 1312 -2078 1
-1 2892 15808 2704 -262 1312 -2078 1
-1 4212 16412 2848 823 -1212 -118 1
-1 4212 16412 2848 823 -1212 -118 1
-1 2816 16064 3144 470 654 -740 1
-1 2816 16064 3144 470 654 -740 1
-1 2064 15656 2400 -34 584 -1066 1
-1 2064 15656 2400 -34 584 -1066 1
-1 3244 15744 3204 1191 -1167 94 1
-1 3244 15744 3204 1191 -1167 94 1
-1 632 16176 4020 -60 1760 -1531 1
-1 632 16176 4020 -60 1760 -1531 1
-1 5492 16344 3288 952 9 -773 1
-1 5492 16344 3288 952 9 -773 1
-1 2252 16024 2656 340 -130 56 1
-1 2252 16024 2656 340 -130 56 1
-1 2176 15844 2880 604 -28 121 1
-1 2176 15844 2880 604 -28 121 1
-1 1808 15668 2148 1015 47 -391 1
-1 1808 15668 2148 1015 47 -391 1
-1 2292 15784 2680 580 -151 -18 1
-1 2292 15784 2680 580 -151 -18 1
-1 2312 15748 2760 100 621 -1064 1
-1 2312 15748 2760 100 621 -1064 1
-1 1836 14644 2504 -640 -461 509 1
-1 1836 14644 2504 -640 -461 509 1
-1 3276 14436 1404 -26 89 289 1
-1 3276 14436 1404 -26 89 289 1
-1 420 16656 3124 736 -447 528 1
-1 420 16656 3124 736 -447 528 1
-1 3564 16164 3316 1916 224 45 1
-1 3564 16164 3316 1916 224 45 1
-1 3868 17016 4316 860 -44 -234 1
-1 3868 17016 4316 860 -44 -234 1
-1 2864 15056 2148 236 -1707 562 1
-1 2864 15056 2148 236 -1707 562 1
-1 1988 15524 2408 556 -1329 -694 1
-1 1988 15524 2408 556 -1329 -694 1
-1 2724 16664 4008 -8 437 -936 1
-1 2724 16664 4008 -8 437 -936 1
-1 1876 15908 2596 283 717 -415 1
-1 1876 15908 2596 283 717 -415 1
-1 3320 16024 2176 879 1840 -1722 1
-1 3320 16024 2176 879 1840 -1722 1
-1 2464 15664 4040 679 546 -1086 1
-1 2464 15664 4040 679 546 -1086 1
-1 2844 14848 -432 -989 1006 -1207 1
-1 2844 14848 -432 -989 1006 -1207 1
-1 2100 15400 1684 184 79 -345 1
-1 2100 15400 1684 184 79 -345 1
-1 1888 15696 1744 1122 -1091 436 1
-1 1888 15696 1744 1122 -1091 436 1
-1 1656 15952 1916 730 -217 297 1
-1 1656 15952 1916 730 -217 297 1
-1 2568 15368 1548 -60 342 -943 1
-1 2568 15368 1548 -60 342 -943 1
-1 1300 15644 1564 1608 -559 955 1
-1 1300 15644 1564 1608 -559 955 1
-1 2544 15552 2288 165 -248 -277 1
-1 2544 15552 2288 165 -248 -277 1
-1 2020 15192 616 589 -116 187 1
-1 2020 15192 616 589 -116 187 1
-1 1264 17004 2320 38 -40 -1594 1
-1 1264 17004 2320 38 -40 -1594 1
-1 3076 15916 1596 1463 -3310 1169 1
-1 3076 15916 1596 1463 -3310 1169 1
-1 876 17236 2632 1239 -363 868 1
-1 876 17236 2632 1239 -363 868 1
-1 2544 15772 2016 61 -701 -395 1
-1 2544 15772 2016 61 -701 -395 1
-1 2320 15636 2032 -986 2113 -2231 1
-1 2320 15636 2032 -986 2113 -2231 1
-1 1152 15728 2176 -135 1162 -1845 1
-1 1152 15728 2176 -135 1162 -1845 1
-1 1912 15736 1940 -131 1189 -1825 1
-1 1912 15736 1940 -131 1189 -1825 1
-1 536 16372 2312 -116 747 -983 1
-1 536 16372 2312 -116 747 -983 1
-1 420 16908 4472 895 -1066 291 1
-1 420 16908 4472 895 -1066 291 1
-1 188 16060 -92 446 -1104 1030 1
-1 188 16060 -92 446 -1104 1030 1
-1 1964 15572 1324 -225 915 -931 1
-1 1964 15572 1324 -225 915 -931 1
-1 508 15964 2032 387 -9 544 1
-1 508 15964 2032 387 -9 544 1
-1 1304 16208 2188 -106 337 -900 1
-1 1304 16208 2188 -106 337 -900 1
-1 484 16336 2428 1181 -705 1171 1
-1 484 16336 2428 1181 -705 1171 1
-1 1184 16392 2116 657 -757 373 1
-1 1184 16392 2116 657 -757 373 1
-1 576 17040 2680 1153 -2193 791 1
-1 576 17040 2680 1153 -2193 791 1
-1 2256 15836 1324 -903 766 -773 1
-1 2256 15836 1324 -903 766 -773 1
-1 1092 15252 1628 -10 106 -285 1
-1 1092 15252 1628 -10 106 -285 1
-1 1584 14724 1516 -419 -43 -562 1
-1 1584 14724 1516 -419 -43 -562 1
-1 432 16024 2448 163 393 -1326 1
-1 432 16024 2448 163 393 -1326 1
-1 468 16844 2752 489 -488 29 1
-1 468 16844 2752 489 -488 29 1
-1 1624 15716 1644 1302 -1436 1743 1
-1 1624 15716 1644 1302 -1436 1743 1
-1 1276 15880 996 -38 398 -318 1
-1 1276 15880 996 -38 398 -318 1
-1 1924 16056 2388 1502 -246 1050 1
-1 1924 16056 2388 1502 -246 1050 1
-1 700 16268 2940 17 105 -398 1
-1 700 16268 2940 17 105 -398 1
-1 1868 16180 2312 -178 1428 -1359 1
-1 1868 16180 2312 -178 1428 -1359 1
-1 1412 15692 1900 244 345 180 1
-1 1412 15692 1900 244 345 180 1
-1 952 15852 3048 23 -409 -177 1
-1 952 15852 3048 23 -409 -177 1
-1 868 16392 2576 -229 1523 -1444 1
-1 868 16392 2576 -229 1523 -1444 1
-1 1024 16320 3148 1312 -472 2313 1
-1 1024 16320 3148 1312 -472 2313 1
-1 1436 16164 2728 640 -1483 1787 1
-1 1436 16164 2728 640 -1483 1787 1
-1 1596 15452 1904 -170 1347 -602 1
-1 1596 15452 1904 -170 1347 -602 1
-1 1344 16776 3404 1359 -1130 1372 1
-1 1344 16776 3404 1359 -1130 1372 1
-1 1316 15616 1912 -617 553 217 1
-1 1316 15616 1912 -617 553 217 1
-1 2644 14632 1416 -955 -614 614 1
-1 2644 14632 1416 -955 -614 614 1
-1 912 16132 2024 -779 1176 -1091 1
-1 912 16132 2024 -779 1176 -1091 1
-1 1916 15940 1356 -21 460 244 1
-1 1916 15940 1356 -21 460 244 1
-1 2444 15696 2328 314 272 148 1
-1 2444 15696 2328 314 272 148 1
-1 1636 13744 -980 604 421 -1339 1
-1 1636 13744 -980 604 421 -1339 1
-1 2132 14444 2276 1495 -249 46 1
-1 2132 14444 2276 1495 -249 46 1
-1 1636 13400 -1508 -711 -1201 2245 1
-1 1636 13400 -1508 -711 -1201 2245 1
-1 404 18000 3344 1111 530 335 1
-1 404 18000 3344 1111 530 335 1
-1 2836 17200 3952 4666 -842 896 1
-1 2836 17200 3952 4666 -842 896 1
-1 3420 17556 3216 5363 -6136 7696 1
-1 3420 17556 3216 5363 -6136 7696 1
-1 5320 21696 5056 5567 -3783 8659 1
-1 5320 21696 5056 5567 -3783 8659 1
-1 4740 21068 1164 5430 -4160 15211 1
-1 4740 21068 1164 5430 -4160 15211 1
-1 6828 18924 -156 5905 -1216 19605 1
-1 6828 18924 -156 5905 -1216 19605 1
-1 10312 13924 -2844 3492 -2412 24182 1
-1 10312 13924 -2844 3492 -2412 24182 1
-1 10352 11800 -4576 720 883 21623 1
-1 10352 11800 -4576 720 883 21623 1
-1 11820 10256 -3512 606 -3625 23998 1
-1 11820 10256 -3512 606 -3625 23998 1
-1 14092 6480 -2488 2981 -4841 23258 1
-1 14092 6480 -2488 2981 -4841 23258 1
-1 12548 6048 -2892 145 -798 14306 1
-1 12548 6048 -2892 145 -798 14306 1
-1 12216 6480 -1088 2594 265 13084 1
-1 12216 6480 -1088 2594 265 13084 1
-1 14404 4176 -776 51 -118 10883 1
-1 14404 4176 -776 51 -118 10883 1
-1 14560 2124 -3428 1555 -574 10092 1
-1 14560 2124 -3428 1555 -574 10092 1
-1 16900 92 -2240 2135 -574 8316 1
-1 16900 92 -2240 2135 -574 8316 1
-1 14824 -44 -2512 -838 -3954 9732 1
-1 14824 -44 -2512 -838 -3954 9732 1
-1 17088 -1196 -936 2255 2992 2880 1
-1 17088 -1196 -936 2255 2992 2880 1
-1 17552 -1024 -2112 526 317 1694 1
-1 17552 -1024 -2112 526 317 1694 1
-1 17136 -988 -1948 47 2202 -858 1
-1 17136 -988 -1948 47 2202 -858 1
-1 16204 -944 -1764 -1329 357 -2101 1
-1 16204 -944 -1764 -1329 357 -2101 1
-1 17472 280 408 825 -527 -1174 1
-1 17472 280 408 825 -527 -1174 1
-1 16180 2772 20 -182 50 -3012 1
-1 16180 2772 20 -182 50 -3012 1
-1 17648 -1388 -4160 -1280 -330 -1575 1
-1 17648 -1388 -4160 -1280 -330 -1575 1
-1 16688 -792 -988 -1215 -604 -3413 1
-1 16688 -792 -988 -1215 -604 -3413 1
-1 18124 -264 -4160 -243 614 -3093 1
-1 18124 -264 -4160 -243 614 -3093 1
-1 15032 -2544 -6764 -1823 -98 -2288 1
-1 15032 -2544 -6764 -1823 -98 -2288 1
-1 18648 396 -3812 -1458 2234 -3595 1
-1 18648 396 -3812 -1458 2234 -3595 1
-1 17296 2556 -3364 -506 -223 -1914 1
-1 17296 2556 -3364 -506 -223 -1914 1
-1 16252 6688 5620 694 2054 -4357 1
-1 16252 6688 5620 694 2054 -4357 1
-1 15624 4284 -1364 -66 -1363 851 1
-1 15624 4284 -1364 -66 -1363 851 1
-1 17820 2904 -1628 -264 478 -3220 1
-1 17820 2904 -1628 -264 478 -3220 1
-1 16768 2412 -2028 -770 -184 -776 1
-1 16768 2412 -2028 -770 -184 -776 1
-1 17796 2664 -3024 -284 -2047 -507 1
-1 17796 2664 -3024 -284 -2047 -507 1
-1 15860 2592 -2264 782 -3195 1718 1
-1 15860 2592 -2264 782 -3195 1718 1
-1 15964 1628 -4712 -1187 1315 -2607 1
-1 15964 1628 -4712 -1187 1315 -2607 1
-1 16432 4604 -1904 -625 525 -267 1
-1 16432 4604 -1904 -625 525 -267 1
-1 16044 8840 3204 938 457 -1255 1
-1 16044 8840 3204 938 457 -1255 1
-1 16784 4728 -624 -1379 2545 -4824 1
-1 16784 4728 -624 -1379 2545 -4824 1
-1 15612 6160 456 221 -1338 -4677 1
-1 15612 6160 456 221 -1338 -4677 1
-1 16360 5348 -1612 -2566 4727 -13431 1
-1 16360 5348 -1612 -2566 4727 -13431 1
-1 13656 7472 -1032 -2485 1288 -11614 1
-1 13656 7472 -1032 -2485 1288 -11614 1
-1 16612 6520 -1832 -186 1880 -7722 1
-1 16612 6520 -1832 -186 1880 -7722 1
-1 14380 9300 376 -3073 4458 -14342 1
-1 14380 9300 376 -3073 4458 -14342 1
-1 15796 9388 684 -2239 3309 -9928 1
-1 15796 9388 684 -2239 3309 -9928 1
-1 12028 9180 988 -4167 7230 -15678 1
-1 12028 9180 988 -4167 7230 -15678 1
-1 11308 11808 1756 -1080 8380 -17213 1
-1 11308 11808 1756 -1080 8380 -17213 1
-1 11220 10964 1064 -695 3497 -10507 1
-1 11220 10964 1064 -695 3497 -10507 1
-1 8884 14460 2720 -2664 846 -9119 1
-1 8884 14460 2720 -2664 846 -9119 1
-1 9200 13944 2812 -2701 4631 -11079 1
-1 9200 13944 2812 -2701 4631 -11079 1
-1 4872 14348 3304 -72 122 -6171 1
-1 4872 14348 3304 -72 122 -6171 1
-1 6080 14732 4236 -1471 4091 -8548 1
-1 6080 14732 4236 -1471 4091 -8548 1
-1 4696 14476 3436 204 3037 -9471 1
-1 4696 14476 3436 204 3037 -9471 1
-1 4884 14260 2736 -125 3691 -9657 1
-1 4884 14260 2736 -125 3691 -9657 1
-1 2092 14996 1600 5493 2737 -5611 1
-1 2092 14996 1600 5493 2737 -5611 1
-1 1728 16556 6716 5723 1403 -2972 1
-1 1728 16556 6716 5723 1403 -2972 1
-1 1380 15344 -2476 3802 1762 -11261 1
-1 1380 15344 -2476 3802 1762 -11261 1
-1 2140 16276 2976 -3763 3400 -12050 1
-1 2140 16276 2976 -3763 3400 -12050 1
-1 -2896 15832 2996 -1019 3075 -9748 1
-1 -2896 15832 2996 -1019 3075 -9748 1
-1 -2524 15428 3732 -3686 3333 -14026 1
-1 -2524 15428 3732 -3686 3333 -14026 1
-1 -2500 14028 356 -135 -3081 -1434 1
-1 -2500 14028 356 -135 -3081 -1434 1
-1 -2528 14224 2724 -2471 3908 -7410 1
-1 -2528 14224 2724 -2471 3908 -7410 1
-1 -5616 17648 9120 4004 -6815 7961 1
-1 -5616 17648 9120 4004 -6815 7961 1
-1 -4412 13888 3220 -2209 4174 -5186 1
-1 -4412 13888 3220 -2209 4174 -5186 1
-1 -4736 13396 5416 1836 2342 -1893 1
-1 -4736 13396 5416 1836 2342 -1893 1
-1 -3656 14388 5956 -1537 6358 -5757 1
-1 -3656 14388 5956 -1537 6358 -5757 1
-1 -5680 15060 4416 2186 -1291 -1814 1
-1 -5680 15060 4416 2186 -1291 -1814 1
-1 -4804 15212 3068 -1607 3360 -2682 1
-1 -4804 15212 3068 -1607 3360 -2682 1
-1 -6588 12308 1852 -819 3605 -8405 1
-1 -6588 12308 1852 -819 3605 -8405 1
-1 -7148 13336 3908 -1150 3207 -4384 1
-1 -7148 13336 3908 -1150 3207 -4384 1
-1 -8600 13352 1756 -1167 6831 -4691 1
-1 -8600 13352 1756 -1167 6831 -4691 1
-1 -8136 12264 1736 -965 2174 -2924 1
-1 -8136 12264 1736 -965 2174 -2924 1
-1 -8080 12936 2488 -2365 4128 -3264 1
-1 -8080 12936 2488 -2365 4128 -3264 1
-1 -10504 12552 2476 2146 -1768 -6 1
-1 -10504 12552 2476 2146 -1768 -6 1
-1 -8120 11952 1216 -2413 3540 -1256 1
-1 -8120 11952 1216 -2413 3540 -1256 1
-1 -10844 11860 3232 -851 1257 1174 1
-1 -10844 11860 3232 -851 1257 1174 1
-1 -8852 11956 1032 -2541 1109 448 1
-1 -8852 11956 1032 -2541 1109 448 1
-1 -9704 12088 2428 270 1730 2032 1
-1 -9704 12088 2428 270 1730 2032 1
-1 -9140 12080 2892 183 1812 3798 1
-1 -9140 12080 2892 183 1812 3798 1
-1 -7956 12276 2828 -621 1101 -302 1
-1 -7956 12276 2828 -621 1101 -302 1
-1 -9520 11672 3096 -4783 3639 -3463 1
-1 -9520 11672 3096 -4783 3639 -3463 1
-1 -10828 11712 420 -1986 1575 -3350 1
-1 -10828 11712 420 -1986 1575 -3350 1
-1 -9572 12056 3628 892 1419 212 1
-1 -9572 12056 3628 892 1419 212 1
-1 -10336 11612 3104 1112 622 -1419 1
-1 -10336 11612 3104 1112 622 -1419 1
-1 -9236 11512 1488 1436 -2469 3006 1
-1 -9236 11512 1488 1436 -2469 3006 1
-1 -9780 13496 6164 8934 -4551 10375 1
-1 -9780 13496 6164 8934 -4551 10375 1
-1 -5244 14472 -3212 12800 -15787 32224 1
-1 -5244 14472 -3212 12800 -15787 32224 1
-1 -7944 18724 5408 10901 -4983 32767 1
-1 -7944 18724 5408 10901 -4983 32767 1
-1 6816 13480 -5584 -655 -4964 32767 1
-1 6816 13480 -5584 -655 -4964 32767 1
-1 5844 12980 -1208 -2255 -3473 32767 1
-1 5844 12980 -1208 -2255 -3473 32767 1
-1 9840 13608 4776 -5636 -374 23346 1
-1 9840 13608 4776 -5636 -374 23346 1
-1 12056 9424 -4128 -2190 -7947 26199 1
-1 12056 9424 -4128 -2190 -7947 26199 1
-1 14100 10432 1792 -2085 -2061 16318 1
-1 14100 10432 1792 -2085 -2061 16318 1
-1 17624 8948 2528 -3569 -3893 12745 1
-1 17624 8948 2528 -3569 -3893 12745 1
-1 16044 6608 40 4989 -5080 8748 1
-1 16044 6608 40 4989 -5080 8748 1
-1 16336 5872 -1024 4713 -8673 8909 1
-1 16336 5872 -1024 4713 -8673 8909 1
-1 14340 4328 -2640 2778 -474 4482 1
-1 14340 4328 -2640 2778 -474 4482 1
-1 20980 -2072 -5636 -765 2290 -6879 1
-1 20980 -2072 -5636 -765 2290 -6879 1
-1 20696 3620 -5432 -4686 2130 -3943 1
-1 20696 3620 -5432 -4686 2130 -3943 1
-1 16552 4332 -3056 -4086 3536 -8071 1
-1 16552 4332 -3056 -4086 3536 -8071 1
-1 13992 5160 1888 -4434 -236 -6453 1
-1 13992 5160 1888 -4434 -236 -6453 1
-1 16764 6324 -2560 -1457 1576 -6660 1
-1 16764 6324 -2560 -1457 1576 -6660 1
-1 14240 7448 -2876 -516 -1983 -2935 1
-1 14240 7448 -2876 -516 -1983 -2935 1
-1 15160 6692 -4304 1362 -2289 -2449 1
-1 15160 6692 -4304 1362 -2289 -2449 1
-1 14884 7740 -592 -217 -700 -5144 1
-1 14884 7740 -592 -217 -700 -5144 1
-1 14156 9576 944 582 -1412 -1420 1
-1 14156 9576 944 582 -1412 -1420 1
-1 15108 9044 -1772 -657 2143 -5066 1
-1 15108 9044 -1772 -657 2143 -5066 1
-1 10460 9780 1464 -518 -1191 -2586 1
-1 10460 9780 1464 -518 -1191 -2586 1
-1 15652 9080 -4116 -1985 1448 -4876 1
-1 15652 9080 -4116 -1985 1448 -4876 1
-1 14164 8116 -4996 -2630 2315 -6386 1
-1 14164 8116 -4996 -2630 2315 -6386 1
-1 13484 10984 344 -666 717 -9315 1
-1 13484 10984 344 -666 717 -9315 1
-1 12784 11280 -620 -2050 3831 -12039 1
-1 12784 11280 -620 -2050 3831 -12039 1
-1 12244 10980 -128 -1268 2866 -10672 1
-1 12244 10980 -128 -1268 2866 -10672 1
-1 10200 12820 -2076 235 2669 -13580 1
-1 10200 12820 -2076 235 2669 -13580 1
-1 6200 17472 9988 1842 -1583 -7374 1
-1 6200 17472 9988 1842 -1583 -7374 1
-1 8276 13192 -836 -1063 1163 -7192 1
-1 8276 13192 -836 -1063 1163 -7192 1
-1 6840 15952 2300 400 1847 -6999 1
-1 6840 15952 2300 400 1847 -6999 1
-1 8296 13768 536 -1713 3575 -11446 1
-1 8296 13768 536 -1713 3575 -11446 1
-1 6636 15176 -1148 701 937 -3117 1
-1 6636 15176 -1148 701 937 -3117 1
-1 6028 14916 -2300 1414 579 -4680 1
-1 6028 14916 -2300 1414 579 -4680 1
-1 4592 15616 1480 2228 3115 -4993 1
-1 4592 15616 1480 2228 3115 -4993 1
-1 3464 16344 1032 1433 2633 -6158 1
-1 3464 16344 1032 1433 2633 -6158 1
-1 2484 16488 1476 977 662 -5839 1
-1 2484 16488 1476 977 662 -5839 1
-1 4488 14896 -412 2171 3164 -8778 1
-1 4488 14896 -412 2171 3164 -8778 1
-1 128 16924 900 2177 786 -6024 1
-1 128 16924 900 2177 786 -6024 1
-1 -32 16288 -352 509 3946 -10255 1
-1 -32 16288 -352 509 3946 -10255 1
-1 -1404 16200 156 739 1018 -3792 1
-1 -1404 16200 156 739 1018 -3792 1
-1 -1512 15620 -764 233 2485 -6252 1
-1 -1512 15620 -764 233 2485 -6252 1
-1 -1600 16384 1268 457 871 -4287 1
-1 -1600 16384 1268 457 871 -4287 1
-1 -2168 14200 -1804 -1840 1030 -7891 1
-1 -2168 14200 -1804 -1840 1030 -7891 1
-1 -4928 15480 112 711 96 -3925 1
-1 -4928 15480 112 711 96 -3925 1
-1 -3636 15124 -956 -1152 1479 -3527 1
-1 -3636 15124 -956 -1152 1479 -3527 1
-1 -5832 15688 1112 -2674 3693 -6116 1
-1 -5832 15688 1112 -2674 3693 -6116 1
-1 -5068 15296 692 651 940 -2011 1
-1 -5068 15296 692 651 940 -2011 1
-1 -5488 15916 3044 668 2362 -4269 1
-1 -5488 15916 3044 668 2362 -4269 1
-1 -4860 14728 68 450 45 -1127 1
-1 -4860 14728 68 450 45 -1127 1
-1 -6496 14608 1504 1323 3108 -5795 1
-1 -6496 14608 1504 1323 3108 -5795 1
-1 -6532 14184 -740 -181 214 -3369 1
-1 -6532 14184 -740 -181 214 -3369 1
-1 -8244 14364 892 739 323 -2254 1
-1 -8244 14364 892 739 323 -2254 1
-1 -6680 14040 164 541 -421 -2785 1
-1 -6680 14040 164 541 -421 -2785 1
-1 -6856 14236 828 434 -1770 -1520 1
-1 -6856 14236 828 434 -1770 -1520 1
-1 -7416 13820 448 -71 433 -1716 1
-1 -7416 13820 448 -71 433 -1716 1
-1 -7640 13632 -288 -667 -387 -2391 1
