-1 5688 12908 8200 435 -3435 -4731 1
-1 3932 14320 8476 427 -6317 -5781 1
-1 3932 14320 8476 427 -6317 -5781 1
-1 3168 14732 7696 2389 -6011 -5781 1
-1 3168 14732 7696 2389 -6011 -5781 1
-1 1748 14280 5380 1662 -5992 -4032 1
-1 1748 14280 5380 1662 -5992 -4032 1
-1 2684 13896 6120 -4 -6172 -3294 1
-1 2684 13896 6120 -4 -6172 -3294 1
-1 3124 13840 5080 -750 -6842 -5538 1
-1 3124 13840 5080 -750 -6842 -5538 1
-1 -152 13720 4768 -409 -8282 -6845 1
-1 -152 13720 4768 -409 -8282 -6845 1
-1 2724 13528 6432 -123 -8471 -5837 1
-1 2724 13528 6432 -123 -8471 -5837 1
-1 1040 13728 6028 -1744 -4530 -9799 1
-1 1040 13728 6028 -1744 -4530 -9799 1
-1 160 13360 5980 590 -2610 -8512 1
-1 160 13360 5980 590 -2610 -8512 1
-1 856 13692 7132 1004 -3804 -8685 1
-1 856 13692 7132 1004 -3804 -8685 1
-1 1016 13876 6948 424 -4431 -8371 1
-1 1016 13876 6948 424 -4431 -8371 1
-1 -1052 15192 5988 616 -3693 -6607 1
-1 -1052 15192 5988 616 -3693 -6607 1
-1 -2116 15240 5776 1309 -2256 -8472 1
-1 -2116 15240 5776 1309 -2256 -8472 1
-1 -4312 14964 4236 -616 973 -9139 1
-1 -4312 14964 4236 -616 973 -9139 1
-1 -6392 15844 3488 -329 -7580 -4850 1
-1 -6392 15844 3488 -329 -7580 -4850 1
-1 -4660 15848 6236 -2551 -3050 -4955 1
-1 -4660 15848 6236 -2551 -3050 -4955 1
-1 -11320 15968 5780 -2049 -8482 71 1
-1 -11320 15968 5780 -2049 -8482 71 1
-1 -4704 15608 10340 4042 647 -2590 1
-1 -4704 15608 10340 4042 647 -2590 1
-1 -6992 12832 4796 2768 -3867 1268 1
-1 -6992 12832 4796 2768 -3867 1268 1
-1 -5336 12228 5244 3279 -1062 1346 1
-1 -5336 12228 5244 3279 -1062 1346 1
-1 -3676 12932 6488 4781 -5349 2876 1
-1 -3676 12932 6488 4781 -5349 2876 1
-1 -5392 13520 5544 3071 -5476 2471 1
-1 -5392 13520 5544 3071 -5476 2471 1
-1 -2476 15604 8008 3256 -1966 422 1
-1 -2476 15604 8008 3256 -1966 422 1
-1 -2488 15500 6020 3869 -4880 3348 1
-1 -2488 15500 6020 3869 -4880 3348 1
-1 -2924 16624 6364 4704 -3916 3332 1
-1 -2924 16624 6364 4704 -3916 3332 1
-1 -2204 14408 700 3607 -2043 3840 1
-1 -2204 14408 700 3607 -2043 3840 1
-1 1996 14828 3696 4747 -3031 1971 1
-1 1996 14828 3696 4747 -3031 1971 1
-1 -1068 13180 1128 3021 5 -1701 1
-1 -1068 13180 1128 3021 5 -1701 1
-1 720 13456 2428 2794 288 -2498 1
-1 720 13456 2428 2794 288 -2498 1
-1 880 12624 1488 3831 1258 -4885 1
-1 880 12624 1488 3831 1258 -4885 1
-1 -464 12800 480 1889 3335 -7838 1
-1 -464 12800 480 1889 3335 -7838 1
-1 -740 13540 2052 -1246 3581 -9453 1
-1 -740 13540 2052 -1246 3581 -9453 1
-1 -5740 14728 2780 -1534 215 -5065 1
-1 -5740 14728 2780 -1534 215 -5065 1
-1 -1232 14084 5656 -4704 -2797 -1185 1
-1 -1232 14084 5656 -4704 -2797 -1185 1
-1 -3584 14776 5688 -2459 -5579 -762 1
-1 -3584 14776 5688 -2459 -5579 -762 1
-1 -1852 14132 7480 636 -3567 -5078 1
-1 -1852 14132 7480 636 -3567 -5078 1
-1 -2460 13096 6308 457 287 -10011 1
-1 -2460 13096 6308 457 287 -10011 1
-1 -2204 11444 4324 1294 1255 -11795 1
-1 -2204 11444 4324 1294 1255 -11795 1
-1 -9092 12328 7024 3394 528 -13655 1
-1 -9092 12328 7024 3394 528 -13655 1
-1 -6528 8760 3648 4745 4760 -18081 1
-1 -6528 8760 3648 4745 4760 -18081 1
-1 -10472 8212 4080 5073 -2051 -14727 1
-1 -10472 8212 4080 5073 -2051 -14727 1
-1 -7996 5912 564 6499 1696 -20068 1
-1 -7996 5912 564 6499 1696 -20068 1
-1 -19084 9884 -1272 12036 -3528 -16597 1
-1 -19084 9884 -1272 12036 -3528 -16597 1
-1 -14912 6180 -1964 9788 -5293 -13626 1
-1 -14912 6180 -1964 9788 -5293 -13626 1
-1 -18624 5160 -172 1945 -854 -9008 1
-1 -18624 5160 -172 1945 -854 -9008 1
-1 -18552 5960 896 -4320 -2321 -1936 1
-1 -18552 5960 896 -4320 -2321 -1936 1
-1 -15984 6212 1812 -1499 1881 -4712 1
-1 -15984 6212 1812 -1499 1881 -4712 1
-1 -13344 7072 3992 1429 -3678 -1274 1
-1 -13344 7072 3992 1429 -3678 -1274 1
-1 -13472 5332 2912 2126 -2175 -1407 1
-1 -13472 5332 2912 2126 -2175 -1407 1
-1 -15580 4512 1852 1017 -7461 2245 1
-1 -15580 4512 1852 1017 -7461 2245 1
-1 -13180 3516 2444 -102 232 -3631 1
-1 -13180 3516 2444 -102 232 -3631 1
-1 -16712 3948 2928 805 -12398 4309 1
-1 -16712 3948 2928 805 -12398 4309 1
-1 -3092 16064 11932 670 24105 -30669 1
-1 -3092 16064 11932 670 24105 -30669 1
-1 -19296 3748 4532 2963 -232 -6032 1
-1 -19296 3748 4532 2963 -232 -6032 1
-1 -2816 8076 2656 -3674 -3547 -1294 1
-1 -2816 8076 2656 -3674 -3547 -1294 1
-1 -16496 852 7236 33 -152 -4371 1
-1 -16496 852 7236 33 -152 -4371 1
-1 -11828 3592 3452 -5456 -2907 -4181 1
-1 -11828 3592 3452 -5456 -2907 -4181 1
-1 -11300 -672 6492 2514 -8516 -14597 1
-1 -11300 -672 6492 2514 -8516 -14597 1
-1 -14648 -5332 4064 -1333 -6652 -6959 1
-1 -14648 -5332 4064 -1333 -6652 -6959 1
-1 -15164 -1184 15660 6686 -7770 -9116 1
-1 -15164 -1184 15660 6686 -7770 -9116 1
-1 -13692 -7884 3140 8396 -4017 -530 1
-1 -13692 -7884 3140 8396 -4017 -530 1
-1 -14112 -3720 9420 8432 -8644 -4238 1
-1 -14112 -3720 9420 8432 -8644 -4238 1
-1 -13116 -3604 0 8432 -8644 -4238 1
-1 -13116 -3604 0 8432 -8644 -4238 1
-1 -11564 -2504 9928 1569 4750 0 1
-1 -11564 -2504 9928 1569 4750 0 1
-1 -9968 -2004 7072 -4582 6808 511 1
-1 -9968 -2004 7072 -4582 6808 511 1
-1 -9060 0 7072 -4582 6808 511 1
-1 -9060 0 7072 -4582 6808 511 1
-1 -8772 -2568 7032 1343 -9 0 1
-1 -8772 -2568 7032 1343 -9 0 1
-1 1372 16104 404 162 -36 -78 1
-1 1372 16104 404 162 -36 -78 1
-1 1828 16320 1060 256 -157 -160 1
-1 1828 16320 1060 256 -157 -160 1
-1 1820 16436 916 616 419 -228 1
-1 1820 16436 916 616 419 -228 1
-1 1656 16056 412 205 -617 -149 1
-1 1656 16056 412 205 -617 -149 1
-1 1688 16004 368 259 -53 -85 1
-1 1688 16004 368 259 -53 -85 1
-1 1644 15992 820 353 -6 64 1
-1 1644 15992 820 353 -6 64 1
-1 2236 14804 -280 -48 -645 501 1
-1 2236 14804 -280 -48 -645 501 1
-1 1112 15836 676 392 -490 245 1
-1 1112 15836 676 392 -490 245 1
-1 2252 15264 -236 586 -243 197 1
-1 2252 15264 -236 586 -243 197 1
-1 1740 15684 216 -253 -1197 -56 1
-1 1740 15684 216 -253 -1197 -56 1
-1 1724 16724 648 1708 -3061 2793 1
-1 1724 16724 648 1708 -3061 2793 1
-1 680 16168 1368 160 829 -57 1
-1 680 16168 1368 160 829 -57 1
-1 2868 15604 364 335 -192 -315 1
-1 2868 15604 364 335 -192 -315 1
-1 2772 16712 2336 1090 2308 -2066 1
-1 2772 16712 2336 1090 2308 -2066 1
-1 1356 16628 504 -257 788 -1634 1
-1 1356 16628 504 -257 788 -1634 1
-1 420 17068 560 1193 -1093 1716 1
-1 420 17068 560 1193 -1093 1716 1
-1 2160 16900 1476 295 63 -227 1
-1 2160 16900 1476 295 63 -227 1
-1 2320 15836 208 380 248 -437 1
-1 2320 15836 208 380 248 -437 1
-1 604 16336 688 494 243 272 1
-1 604 16336 688 494 243 272 1
-1 1448 16348 1348 2515 -224 1814 1
-1 1448 16348 1348 2515 -224 1814 1
-1 -392 16488 592 2851 -2729 3381 1
-1 -392 16488 592 2851 -2729 3381 1
-1 5232 15520 -456 3060 -689 2196 1
-1 5232 15520 -456 3060 -689 2196 1
-1 1316 16076 -1528 3240 -303 1124 1
-1 1316 16076 -1528 3240 -303 1124 1
-1 3732 16420 1072 -1789 -485 -61 1
-1 3732 16420 1072 -1789 -485 -61 1
-1 1712 16056 -2032 1204 1218 -2063 1
-1 1712 16056 -2032 1204 1218 -2063 1
-1 2916 16520 912 748 -2902 3263 1
-1 2916 16520 912 748 -2902 3263 1
-1 2108 15612 -2528 -142 1189 -1556 1
-1 2108 15612 -2528 -142 1189 -1556 1
-1 1776 16184 -296 646 -69 191 1
-1 1776 16184 -296 646 -69 191 1
-1 2360 16500 -48 616 -276 527 1
-1 2360 16500 -48 616 -276 527 1
-1 3224 15808 -2684 673 -1032 2150 1
-1 3224 15808 -2684 673 -1032 2150 1
-1 2872 16412 76 -18 652 -798 1
-1 2872 16412 76 -18 652 -798 1
-1 2416 16256 -768 -285 -14 -500 1
-1 2416 16256 -768 -285 -14 -500 1
-1 2812 15988 -1356 261 976 -679 1
-1 2812 15988 -1356 261 976 -679 1
-1 3000 16544 644 -283 328 -1539 1
-1 3000 16544 644 -283 328 -1539 1
-1 2168 16576 -120 -432 -122 -317 1
-1 2168 16576 -120 -432 -122 -317 1
-1 1312 17484 60 229 3297 -2804 1
-1 1312 17484 60 229 3297 -2804 1
-1 956 16876 324 919 -1335 1587 1
-1 956 16876 324 919 -1335 1587 1
-1 3804 15136 1272 -853 -1323 371 1
-1 3804 15136 1272 -853 -1323 371 1
-1 2920 16836 2544 1295 -532 -1665 1
-1 2920 16836 2544 1295 -532 -1665 1
-1 1680 15916 -876 -1588 266 -1603 1
-1 1680 15916 -876 -1588 266 -1603 1
-1 1872 16660 -340 63 -100 365 1
-1 1872 16660 -340 63 -100 365 1
-1 2288 16680 -288 -725 -31 -1698 1
-1 2288 16680 -288 -725 -31 -1698 1
-1 2100 16912 -488 277 -1382 38 1
-1 2100 16912 -488 277 -1382 38 1
-1 2408 16256 -584 -436 1209 -574 1
-1 2408 16256 -584 -436 1209 -574 1
-1 3976 15984 -2108 -589 -478 -170 1
-1 3976 15984 -2108 -589 -478 -170 1
-1 96 15900 1020 -1002 3446 -3318 1
-1 96 15900 1020 -1002 3446 -3318 1
-1 2068 16264 680 -1199 -1841 1438 1
-1 2068 16264 680 -1199 -1841 1438 1
-1 2296 15736 1404 -614 -366 102 1
-1 2296 15736 1404 -614 -366 102 1
-1 1404 15696 456 -589 795 -738 1
-1 1404 15696 456 -589 795 -738 1
-1 844 16660 452 -359 -395 481 1
-1 844 16660 452 -359 -395 481 1
-1 4428 14616 -3452 131 -3199 2559 1
-1 4428 14616 -3452 131 -3199 2559 1
-1 956 17668 1772 1424 1735 -398 1
-1 956 17668 1772 1424 1735 -398 1
-1 2596 17612 740 1334 -1098 1859 1
-1 2596 17612 740 1334 -1098 1859 1
-1 4132 18976 5780 4338 -1586 2821 1
-1 4132 18976 5780 4338 -1586 2821 1
-1 3432 20748 3328 4464 245 -213 1
-1 3432 20748 3328 4464 245 -213 1
-1 5332 24636 2572 6342 1341 6185 1
-1 5332 24636 2572 6342 1341 6185 1
-1 584 24636 -988 6795 4747 17715 1
-1 584 24636 -988 6795 4747 17715 1
-1 6028 16036 -5556 -5 5887 18202 1
-1 6028 16036 -5556 -5 5887 18202 1
-1 10112 14680 -1984 -2816 1802 26610 1
-1 10112 14680 -1984 -2816 1802 26610 1
-1 11140 7040 -6996 -4523 -3606 26891 1
-1 11140 7040 -6996 -4523 -3606 26891 1
-1 9956 6324 -6524 -5874 -3794 26738 1
-1 9956 6324 -6524 -5874 -3794 26738 1
-1 12316 5888 -216 -4564 -2170 19283 1
-1 12316 5888 -216 -4564 -2170 19283 1
-1 16096 5064 2436 -6473 -2180 10755 1
-1 16096 5064 2436 -6473 -2180 10755 1
-1 11568 6108 1820 -2159 -1087 8365 1
-1 11568 6108 1820 -2159 -1087 8365 1
-1 14412 4620 76 -784 654 4801 1
-1 14412 4620 76 -784 654 4801 1
-1 17932 3636 60 -279 -1174 6643 1
-1 17932 3636 60 -279 -1174 6643 1
-1 15320 2900 -1228 2011 -1727 8498 1
-1 15320 2900 -1228 2011 -1727 8498 1
-1 16408 2156 -1260 1549 2068 2570 1
-1 16408 2156 -1260 1549 2068 2570 1
-1 17688 1276 -192 2246 -12456 8277 1
-1 17688 1276 -192 2246 -12456 8277 1
-1 17312 364 -1676 1601 -6440 4059 1
-1 17312 364 -1676 1601 -6440 4059 1
-1 14668 768 -1608 1802 -83 1208 1
-1 14668 768 -1608 1802 -83 1208 1
-1 16152 1604 -1864 2172 -5043 3369 1
-1 16152 1604 -1864 2172 -5043 3369 1
-1 13260 7364 1688 1473 2882 -3848 1
-1 13260 7364 1688 1473 2882 -3848 1
-1 14908 3492 -40 -499 280 -2587 1
-1 14908 3492 -40 -499 280 -2587 1
-1 18576 1220 -4068 -1239 949 -3849 1
-1 18576 1220 -4068 -1239 949 -3849 1
-1 18724 -1032 -3856 -2117 672 -3449 1
-1 18724 -1032 -3856 -2117 672 -3449 1
-1 17888 1768 -3040 -949 -2659 357 1
-1 17888 1768 -3040 -949 -2659 357 1
-1 14892 2856 3596 -497 -1338 423 1
-1 14892 2856 3596 -497 -1338 423 1
-1 20720 4364 -7572 -4475 4670 -10151 1
-1 20720 4364 -7572 -4475 4670 -10151 1
-1 19044 2332 -4716 -1706 -890 -3005 1
-1 19044 2332 -4716 -1706 -890 -3005 1
-1 15476 5252 -620 -41 -388 -1279 1
-1 15476 5252 -620 -41 -388 -1279 1
-1 16952 3664 -1812 -1246 2150 -6450 1
-1 16952 3664 -1812 -1246 2150 -6450 1
-1 16524 4968 -1476 -749 -687 -4168 1
-1 16524 4968 -1476 -749 -687 -4168 1
-1 15796 6488 -960 -663 891 -6486 1
-1 15796 6488 -960 -663 891 -6486 1
-1 15532 4992 -884 141 596 -7290 1
-1 15532 4992 -884 141 596 -7290 1
-1 14660 7900 -1136 -478 -532 -8938 1
-1 14660 7900 -1136 -478 -532 -8938 1
-1 14652 7908 -1164 -866 -602 -10180 1
-1 14652 7908 -1164 -866 -602 -10180 1
-1 13920 8600 -2000 -1002 2596 -13188 1
-1 13920 8600 -2000 -1002 2596 -13188 1
-1 13484 10972 -976 1619 4629 -13669 1
-1 13484 10972 -976 1619 4629 -13669 1
-1 11844 12528 164 538 3704 -13965 1
-1 11844 12528 164 538 3704 -13965 1
-1 9912 12580 -1208 1455 -2085 -7284 1
-1 9912 12580 -1208 1455 -2085 -7284 1
-1 10276 13140 -252 -156 1989 -11779 1
-1 10276 13140 -252 -156 1989 -11779 1
-1 10296 13468 -1336 -581 2265 -12854 1
-1 10296 13468 -1336 -581 2265 -12854 1
-1 6224 16784 2592 592 2412 -9693 1
-1 6224 16784 2592 592 2412 -9693 1
-1 6736 15156 108 346 376 -7609 1
-1 6736 15156 108 346 376 -7609 1
-1 6116 14996 -1076 -111 -753 -7707 1
-1 6116 14996 -1076 -111 -753 -7707 1
-1 2764 16336 836 408 1104 -8248 1
-1 2764 16336 836 408 1104 -8248 1
-1 3716 15372 -844 -255 1775 -5837 1
-1 3716 15372 -844 -255 1775 -5837 1
-1 2948 16416 1160 -972 2621 -6480 1
-1 2948 16416 1160 -972 2621 -6480 1
-1 3324 16868 276 -703 412 -3846 1
-1 3324 16868 276 -703 412 -3846 1
-1 2536 17620 3032 -818 2156 -6555 1
-1 2536 17620 3032 -818 2156 -6555 1
-1 2308 15700 -16 -3627 7493 -12583 1
-1 2308 15700 -16 -3627 7493 -12583 1
-1 -564 15168 -720 -3947 3757 -10386 1
-1 -564 15168 -720 -3947 3757 -10386 1
-1 -792 16156 2272 -3076 4504 -10195 1
-1 -792 16156 2272 -3076 4504 -10195 1
-1 -4648 16832 2476 865 2828 -1486 1
-1 -4648 16832 2476 865 2828 -1486 1
-1 -936 16832 4348 1261 1115 -137 1
-1 -936 16832 4348 1261 1115 -137 1
-1 -4640 16304 2340 311 2345 -4652 1
-1 -4640 16304 2340 311 2345 -4652 1
-1 -3608 16332 5376 1489 -464 -2860 1
-1 -3608 16332 5376 1489 -464 -2860 1
-1 -3612 14716 840 3262 -651 2468 1
-1 -3612 14716 840 3262 -651 2468 1
-1 -5944 15736 1836 -194 1658 -3001 1
-1 -5944 15736 1836 -194 1658 -3001 1
-1 -4660 15048 2224 429 1454 -2865 1
-1 -4660 15048 2224 429 1454 -2865 1
-1 -4316 14680 2136 -2969 3737 -7447 1
-1 -4316 14680 2136 -2969 3737 -7447 1
-1 -7400 14692 1024 -699 2019 -3862 1
-1 -7400 14692 1024 -699 2019 -3862 1
-1 -5432 13968 1324 -6795 5334 -13229 1
-1 -5432 13968 1324 -6795 5334 -13229 1
-1 -6972 14780 1656 542 248 336 1
-1 -6972 14780 1656 542 248 336 1
-1 -6400 10376 372 -9701 9315 -19435 1
-1 -6400 10376 372 -9701 9315 -19435 1
-1 -8984 13096 2280 -3136 1813 -4063 1
-1 -8984 13096 2280 -3136 1813 -4063 1
-1 -9144 13604 3532 10508 -4792 19345 1
-1 -9144 13604 3532 10508 -4792 19345 1
-1 -7320 13628 1812 -1060 1808 -630 1
-1 -7320 13628 1812 -1060 1808 -630 1
-1 -7384 13996 4552 2400 -1549 3518 1
-1 -7384 13996 4552 2400 -1549 3518 1
-1 -8232 12408 1932 1383 227 4738 1
-1 -8232 12408 1932 1383 227 4738 1
-1 -5960 14224 2516 2233 542 1709 1
-1 -5960 14224 2516 2233 542 1709 1
-1 -8008 14020 2328 -3402 4017 -9208 1
-1 -8008 14020 2328 -3402 4017 -9208 1
-1 -5912 13312 3844 2375 -2802 3147 1
-1 -5912 13312 3844 2375 -2802 3147 1
-1 -7524 13648 1672 3100 -2539 3347 1
-1 -7524 13648 1672 3100 -2539 3347 1
-1 -6780 13708 748 4601 -3315 5888 1
-1 -6780 13708 748 4601 -3315 5888 1
-1 -6916 14664 3240 5539 -2654 11281 1
-1 -6916 14664 3240 5539 -2654 11281 1
-1 -7320 15744 1568 9955 -6167 25907 1
-1 -7320 15744 1568 9955 -6167 25907 1
-1 332 17556 1300 10724 -8832 32244 1
-1 332 17556 1300 10724 -8832 32244 1
-1 4060 14516 -2060 11873 -1355 32767 1
-1 4060 14516 -2060 11873 -1355 32767 1
-1 11848 7344 -8492 -4205 -384 32727 1
-1 11848 7344 -8492 -4205 -384 32727 1
-1 9120 13752 -1876 -2459 56 23734 1
-1 9120 13752 -1876 -2459 56 23734 1
-1 6920 14128 -1020 -6940 4913 20519 1
-1 6920 14128 -1020 -6940 4913 20519 1
-1 18436 8308 1208 -6810 1460 15885 1
-1 18436 8308 1208 -6810 1460 15885 1
-1 15260 8976 3180 -3894 -5346 13372 1
-1 15260 8976 3180 -3894 -5346 13372 1
-1 14044 8360 -364 523 5105 3728 1
-1 14044 8360 -364 523 5105 3728 1
-1 14160 7380 336 -2627 -1580 8983 1
-1 14160 7380 336 -2627 -1580 8983 1
-1 18300 6544 2440 459 -693 5193 1
-1 18300 6544 2440 459 -693 5193 1
-1 15140 4732 -576 -1299 -13648 2629 1
-1 15140 4732 -576 -1299 -13648 2629 1
-1 20724 3152 -1200 -707 2215 -5487 1
-1 20724 3152 -1200 -707 2215 -5487 1
-1 11812 7668 1664 -982 -845 -3466 1
-1 11812 7668 1664 -982 -845 -3466 1
-1 7928 9348 6184 152 -4116 -2020 1
-1 7928 9348 6184 152 -4116 -2020 1
-1 16792 5716 -5516 -1017 -1148 -3029 1
-1 16792 5716 -5516 -1017 -1148 -3029 1
-1 15860 4108 1076 3851 -7402 5544 1
-1 15860 4108 1076 3851 -7402 5544 1
-1 20816 3776 -10836 428 908 -1356 1
-1 20816 3776 -10836 428 908 -1356 1
-1 9420 9188 8128 1191 3396 -4312 1
-1 9420 9188 8128 1191 3396 -4312 1
-1 14896 7212 -588 463 751 -7418 1
-1 14896 7212 -588 463 751 -7418 1
-1 13776 9316 -948 -2191 1643 -8814 1
-1 13776 9316 -948 -2191 1643 -8814 1
-1 11660 9292 -1132 -5474 7010 -17937 1
-1 11660 9292 -1132 -5474 7010 -17937 1
-1 12940 11032 2288 -6248 2226 -17921 1
-1 12940 11032 2288 -6248 2226 -17921 1
-1 9604 14696 2880 -6317 9161 -19473 1
-1 9604 14696 2880 -6317 9161 -19473 1
-1 6848 13456 968 -1849 4659 -8792 1
-1 6848 13456 968 -1849 4659 -8792 1
-1 8396 13716 2660 -3072 6040 -13913 1
-1 8396 13716 2660 -3072 6040 -13913 1
-1 6720 13756 4128 -4125 8598 -17408 1
-1 6720 13756 4128 -4125 8598 -17408 1
-1 8928 1144 -1428 -4105 -274 -8668 1
-1 8928 1144 -1428 -4105 -274 -8668 1
-1 1604 16104 4828 -4095 8991 -14310 1
-1 1604 16104 4828 -4095 8991 -14310 1
-1 20 14576 5700 -247 6023 -8821 1
-1 20 14576 5700 -247 6023 -8821 1
-1 -252 15312 6736 278 6380 -8039 1
-1 -252 15312 6736 278 6380 -8039 1
-1 -432 14956 6848 -2586 3717 -13224 1
-1 -432 14956 6848 -2586 3717 -13224 1
-1 -952 14116 2836 3115 -1190 -3967 1
-1 -952 14116 2836 3115 -1190 -3967 1
-1 584 14252 4764 -158 1086 -6812 1
-1 584 14252 4764 -158 1086 -6812 1
-1 -1804 13656 3616 3066 565 -4353 1
-1 -1804 13656 3616 3066 565 -4353 1
-1 -3536 13528 2984 3557 3950 -5450 1
-1 -3536 13528 2984 3557 3950 -5450 1
-1 -3788 14952 6144 -50 4281 -9515 1
-1 -3788 14952 6144 -50 4281 -9515 1
-1 -5968 14240 2364 3200 3101 -4459 1
-1 -5968 14240 2364 3200 3101 -4459 1
-1 -4540 14644 3992 2131 2995 -5939 1
-1 -4540 14644 3992 2131 2995 -5939 1
-1 -7460 14112 2800 1316 1691 -3469 1
-1 -7460 14112 2800 1316 1691 -3469 1
-1 -4936 13248 2192 1062 558 -3052 1
-1 -4936 13248 2192 1062 558 -3052 1
-1 -8304 13624 4628 -2293 3867 -6022 1
-1 -8304 13624 4628 -2293 3867 -6022 1
-1 -7420 13452 1272 1996 -3495 2621 1
-1 -7420 13452 1272 1996 -3495 2621 1
-1 -6228 13840 4484 1116 1263 -68 1
-1 -6228 13840 4484 1116 1263 -68 1
-1 -10432 14336 5364 389 282 1905 1
-1 -10432 14336 5364 389 282 1905 1
-1 -6852 14188 3364 1049 -121 644 1
-1 -6852 14188 3364 1049 -121 644 1
-1 -8544 12980 1840 390 1691 -359 1
-1 -8544 12980 1840 390 1691 -359 1
-1 -7032 13248 4460 -5573 1648 -3591 1
-1 -7032 13248 4460 -5573 1648 -3591 1
-1 -8364 13644 3232 1172 1461 2406 1
-1 -8364 13644 3232 1172 1461 2406 1
-1 -7796 12848 2856 2570 1842 3199 1
-1 -7796 12848 2856 2570 1842 3199 1
-1 -6144 14004 5936 566 258 338 1
-1 -6144 14004 5936 566 258 338 1
-1 -6392 13496 3076 190 -509 841 1
-1 -6392 13496 3076 190 -509 841 1
-1 -9564 13540 3692 -1353 2771 2077 1
-1 -9564 13540 3692 -1353 2771 2077 1
-1 -6592 13704 3284 3297 -2113 8176 1
-1 -6592 13704 3284 3297 -2113 8176 1
-1 -5572 14620 2420 6636 -6807 19448 1
-1 -5572 14620 2420 6636 -6807 19448 1
-1 -3736 15944 5148 14578 -11047 29982 1
-1 -3736 15944 5148 14578 -11047 29982 1
-1 7276 14672 -1560 2218 -2645 8343 1
-1 7276 14672 -1560 2218 -2645 8343 1
-1 1780 17432 548 696 -6727 10427 1
-1 1780 17432 548 696 -6727 10427 1
-1 3316 17144 1484 -2102 -1369 4224 1
-1 3316 17144 1484 -2102 -1369 4224 1
-1 4060 16152 1396 -1048 -556 1599 1
-1 4060 16152 1396 -1048 -556 1599 1
-1 2412 14852 -200 -1686 1157 -1314 1
-1 2412 14852 -200 -1686 1157 -1314 1
-1 2976 15840 944 -743 -1783 3016 1
-1 2976 15840 944 -743 -1783 3016 1
-1 3032 14604 -64 -567 -2892 3475 1
-1 3032 14604 -64 -567 -2892 3475 1
-1 3624 15968 1888 241 -2472 2628 1
-1 3624 15968 1888 241 -2472 2628 1
-1 3236 15256 1492 858 -860 652 1
-1 3236 15256 1492 858 -860 652 1
-1 4020 16468 52 1038 -928 -763 1
