-1 -268 16956 96 757 -674 646 1
-1 -168 16540 -364 276 -1064 329 1
-1 -168 16540 -364 276 -1064 329 1
-1 -76 16244 -760 116 -818 579 1
-1 -76 16244 -760 116 -818 579 1
-1 -464 16132 -752 515 -1139 1148 1
-1 -464 16132 -752 515 -1139 1148 1
-1 196 16248 -216 901 562 -639 1
-1 196 16248 -216 901 562 -639 1
-1 -244 15680 -1100 -78 477 -1415 1
-1 -244 15680 -1100 -78 477 -1415 1
-1 12 16032 -592 78 -665 6 1
-1 12 16032 -592 78 -665 6 1
-1 -352 16360 -580 -217 -127 -903 1
-1 -352 16360 -580 -217 -127 -903 1
-1 -292 16128 -1068 -71 -616 -216 1
-1 -292 16128 -1068 -71 -616 -216 1
-1 -612 16760 0 146 -813 96 1
-1 -612 16760 0 146 -813 96 1
-1 -960 16436 -72 72 -33 -549 1
-1 -960 16436 -72 72 -33 -549 1
-1 -592 16844 328 410 -214 122 1
-1 -592 16844 328 410 -214 122 1
-1 -452 16740 332 238 -97 145 1
-1 -452 16740 332 238 -97 145 1
-1 160 16364 -104 -219 -510 725 1
-1 160 16364 -104 -219 -510 725 1
-1 -108 16300 -84 -98 -251 -440 1
-1 -108 16300 -84 -98 -251 -440 1
-1 -140 16292 296 150 -1199 342 1
-1 -140 16292 296 150 -1199 342 1
-1 -340 16824 868 462 -206 -1026 1
-1 -340 16824 868 462 -206 -1026 1
-1 -756 16356 -160 461 -844 409 1
-1 -756 16356 -160 461 -844 409 1
-1 -672 16480 -184 349 -267 -219 1
-1 -672 16480 -184 349 -267 -219 1
-1 -808 16896 692 488 -427 976 1
-1 -808 16896 692 488 -427 976 1
-1 -572 15844 -572 167 277 561 1
-1 -572 15844 -572 167 277 561 1
-1 292 15104 -928 -225 -512 104 1
-1 292 15104 -928 -225 -512 104 1
-1 -424 16168 1024 -270 88 -22 1
-1 -424 16168 1024 -270 88 -22 1
-1 444 16360 568 134 1058 -705 1
-1 444 16360 568 134 1058 -705 1
-1 -212 16192 196 -340 -200 -670 1
-1 -212 16192 196 -340 -200 -670 1
-1 -96 16408 548 -40 -72 -388 1
-1 -96 16408 548 -40 -72 -388 1
-1 -620 16532 460 -367 568 -467 1
-1 -620 16532 460 -367 568 -467 1
-1 -1144 16340 304 -528 -450 2113 1
-1 -1144 16340 304 -528 -450 2113 1
-1 128 16804 792 53 688 15 1
-1 128 16804 792 53 688 15 1
-1 -156 16268 280 78 219 203 1
-1 -156 16268 280 78 219 203 1
-1 -68 16492 976 -119 -6 -181 1
-1 -68 16492 976 -119 -6 -181 1
-1 88 16056 872 -174 122 -348 1
-1 88 16056 872 -174 122 -348 1
-1 -108 16016 64 -390 -127 -406 1
-1 -108 16016 64 -390 -127 -406 1
-1 -744 16488 960 -27 -326 247 1
-1 -744 16488 960 -27 -326 247 1
-1 96 16856 1664 35 -235 542 1
-1 96 16856 1664 35 -235 542 1
-1 476 16156 844 -339 137 -7 1
-1 476 16156 844 -339 137 -7 1
-1 -152 16392 956 98 409 -552 1
-1 -152 16392 956 98 409 -552 1
-1 -424 16020 1120 -4 173 -295 1
-1 -424 16020 1120 -4 173 -295 1
-1 -108 16376 1448 425 -132 23 1
-1 -108 16376 1448 425 -132 23 1
-1 -268 16436 1620 85 331 -445 1
-1 -268 16436 1620 85 331 -445 1
-1 -304 16448 1188 239 207 -108 1
-1 -304 16448 1188 239 207 -108 1
-1 -356 16008 780 181 -92 13 1
-1 -356 16008 780 181 -92 13 1
-1 -248 16148 1380 374 173 -255 1
-1 -248 16148 1380 374 173 -255 1
-1 -248 16396 1488 248 122 -152 1
-1 -248 16396 1488 248 122 -152 1
-1 -304 16044 1012 -8 31 116 1
-1 -304 16044 1012 -8 31 116 1
-1 -152 15908 1288 263 -188 254 1
-1 -152 15908 1288 263 -188 254 1
-1 -272 16436 1428 426 151 -372 1
-1 -272 16436 1428 426 151 -372 1
-1 -104 16528 1548 414 -60 24 1
-1 -104 16528 1548 414 -60 24 1
-1 -232 16524 1684 576 41 201 1
-1 -232 16524 1684 576 41 201 1
-1 -496 17276 1980 1178 -1043 2147 1
-1 -496 17276 1980 1178 -1043 2147 1
-1 -276 19132 2544 2886 -2628 9545 1
-1 -276 19132 2544 2886 -2628 9545 1
-1 2404 19224 628 3906 -5521 15971 1
-1 2404 19224 628 3906 -5521 15971 1
-1 5392 19312 592 3872 -3690 12024 1
-1 5392 19312 592 3872 -3690 12024 1
-1 4492 18172 -1356 4487 17 5051 1
-1 4492 18172 -1356 4487 17 5051 1
-1 6244 17676 -1408 3086 1761 6535 1
-1 6244 17676 -1408 3086 1761 6535 1
-1 6820 15848 -1948 1802 108 5291 1
-1 6820 15848 -1948 1802 108 5291 1
-1 7248 14640 -1584 2818 -1743 6696 1
-1 7248 14640 -1584 2818 -1743 6696 1
-1 7264 13644 -2080 545 -1235 6754 1
-1 7264 13644 -2080 545 -1235 6754 1
-1 7016 12236 -2692 383 -5524 12373 1
-1 7016 12236 -2692 383 -5524 12373 1
-1 8104 12720 -1208 -997 -5193 11630 1
-1 8104 12720 -1208 -997 -5193 11630 1
-1 10524 10684 -2000 -1742 -2923 6797 1
-1 10524 10684 -2000 -1742 -2923 6797 1
-1 9720 10548 -2644 -2539 -2716 11262 1
-1 9720 10548 -2644 -2539 -2716 11262 1
-1 11340 10976 -1840 -1516 -3058 12038 1
-1 11340 10976 -1840 -1516 -3058 12038 1
-1 12956 9964 -1644 -2159 -1009 8845 1
-1 12956 9964 -1644 -2159 -1009 8845 1
-1 13376 9344 -2652 -1672 -88 7229 1
-1 13376 9344 -2652 -1672 -88 7229 1
-1 14548 9388 -1248 -1768 -217 5829 1
-1 14548 9388 -1248 -1768 -217 5829 1
-1 14636 8808 -1692 263 1631 2803 1
-1 14636 8808 -1692 263 1631 2803 1
-1 16496 8016 -1096 493 650 2483 1
-1 16496 8016 -1096 493 650 2483 1
-1 16468 7880 -1012 278 283 1090 1
-1 16468 7880 -1012 278 283 1090 1
-1 15808 7864 -1244 545 292 -361 1
-1 15808 7864 -1244 545 292 -361 1
-1 15296 7884 -1668 982 506 -2003 1
-1 15296 7884 -1668 982 506 -2003 1
-1 15148 8240 -1380 588 -170 -235 1
-1 15148 8240 -1380 588 -170 -235 1
-1 15084 8208 -1624 265 -495 347 1
-1 15084 8208 -1624 265 -495 347 1
-1 15152 7884 -1404 516 -272 -744 1
-1 15152 7884 -1404 516 -272 -744 1
-1 15284 7616 -1720 423 399 -2388 1
-1 15284 7616 -1720 423 399 -2388 1
-1 14980 7936 -1784 74 -42 -1909 1
-1 14980 7936 -1784 74 -42 -1909 1
-1 14712 8488 -1644 261 39 -2231 1
-1 14712 8488 -1644 261 39 -2231 1
-1 14564 8872 -1640 -190 1702 -1738 1
-1 14564 8872 -1640 -190 1702 -1738 1
-1 14516 9036 -1684 -124 146 -556 1
-1 14516 9036 -1684 -124 146 -556 1
-1 14200 9072 -1796 100 369 -2479 1
-1 14200 9072 -1796 100 369 -2479 1
-1 14096 9476 -1472 242 432 -2391 1
-1 14096 9476 -1472 242 432 -2391 1
-1 13944 9940 -1300 369 140 -2307 1
-1 13944 9940 -1300 369 140 -2307 1
-1 13856 9908 -1528 45 443 -1806 1
-1 13856 9908 -1528 45 443 -1806 1
-1 13680 10012 -1400 -228 -18 -1549 1
-1 13680 10012 -1400 -228 -18 -1549 1
-1 13892 9580 -1700 -558 -7 -371 1
-1 13892 9580 -1700 -558 -7 -371 1
-1 13444 10284 -1048 -223 424 -1385 1
-1 13444 10284 -1048 -223 424 -1385 1
-1 13696 10296 -800 -198 475 -1356 1
-1 13696 10296 -800 -198 475 -1356 1
-1 13728 9972 -1188 -189 221 -1212 1
-1 13728 9972 -1188 -189 221 -1212 1
-1 13652 10288 -1100 -464 -4 -1180 1
-1 13652 10288 -1100 -464 -4 -1180 1
-1 13520 10548 -1112 -597 353 -1918 1
-1 13520 10548 -1112 -597 353 -1918 1
-1 13360 10900 -556 -106 -32 -1891 1
-1 13360 10900 -556 -106 -32 -1891 1
-1 12888 11040 -664 -478 -41 -1205 1
-1 12888 11040 -664 -478 -41 -1205 1
-1 12640 11216 -832 -14 583 -2408 1
-1 12640 11216 -832 -14 583 -2408 1
-1 12472 11232 -1148 -3 425 -1237 1
-1 12472 11232 -1148 -3 425 -1237 1
-1 12352 10892 -1324 -192 111 -1212 1
-1 12352 10892 -1324 -192 111 -1212 1
-1 12364 11444 -392 23 1223 -3096 1
-1 12364 11444 -392 23 1223 -3096 1
-1 12060 12024 -388 -82 607 -1905 1
-1 12060 12024 -388 -82 607 -1905 1
-1 12112 11876 -560 -156 429 -1775 1
-1 12112 11876 -560 -156 429 -1775 1
-1 12188 11820 -160 -168 784 -1928 1
-1 12188 11820 -160 -168 784 -1928 1
-1 12028 12016 116 -141 206 -2679 1
-1 12028 12016 116 -141 206 -2679 1
-1 11476 12988 312 575 243 -3203 1
-1 11476 12988 312 575 243 -3203 1
-1 10708 12796 40 457 47 -1508 1
-1 10708 12796 40 457 47 -1508 1
-1 11236 12268 -120 554 414 -1609 1
-1 11236 12268 -120 554 414 -1609 1
-1 10956 12484 -112 -1 1197 -3328 1
-1 10956 12484 -112 -1 1197 -3328 1
-1 10980 12656 -144 -84 1172 -3254 1
-1 10980 12656 -144 -84 1172 -3254 1
-1 10736 12968 856 -817 1515 -9021 1
-1 10736 12968 856 -817 1515 -9021 1
-1 8532 14312 188 41 1191 -6523 1
-1 8532 14312 188 41 1191 -6523 1
-1 8304 14328 496 -40 1841 -6245 1
-1 8304 14328 496 -40 1841 -6245 1
-1 7680 14516 476 -261 1443 -4118 1
-1 7680 14516 476 -261 1443 -4118 1
-1 7596 14948 1260 -263 2660 -6161 1
-1 7596 14948 1260 -263 2660 -6161 1
-1 6852 15096 948 -200 1526 -3767 1
-1 6852 15096 948 -200 1526 -3767 1
-1 6520 15028 852 -148 1470 -2937 1
-1 6520 15028 852 -148 1470 -2937 1
-1 5496 15436 1048 313 2542 -5203 1
-1 5496 15436 1048 313 2542 -5203 1
-1 5464 15900 1612 -11 941 -1346 1
-1 5464 15900 1612 -11 941 -1346 1
-1 5424 15720 1316 -34 1725 -3194 1
-1 5424 15720 1316 -34 1725 -3194 1
-1 4940 15744 1476 165 2085 -3290 1
-1 4940 15744 1476 165 2085 -3290 1
-1 4704 15948 1724 91 1748 -2434 1
-1 4704 15948 1724 91 1748 -2434 1
-1 4572 15596 1388 -359 1387 -2145 1
-1 4572 15596 1388 -359 1387 -2145 1
-1 4492 15840 2080 -1 1353 -2554 1
-1 4492 15840 2080 -1 1353 -2554 1
-1 3700 15968 2100 178 2450 -3698 1
-1 3700 15968 2100 178 2450 -3698 1
-1 3656 15932 1904 299 1298 -2095 1
-1 3656 15932 1904 299 1298 -2095 1
-1 2896 16168 1884 134 859 -1946 1
-1 2896 16168 1884 134 859 -1946 1
-1 2528 15760 1816 -9 1031 -1934 1
-1 2528 15760 1816 -9 1031 -1934 1
-1 2800 15616 2164 -156 544 -1016 1
-1 2800 15616 2164 -156 544 -1016 1
-1 2264 15504 2024 -158 1910 -3157 1
-1 2264 15504 2024 -158 1910 -3157 1
