-1 1100 16184 -3172 -165 -484 -277 1
-1 1100 16184 -3172 -165 -484 -277 1
-1 540 16348 -3340 -523 -475 -115 1
-1 540 16348 -3340 -523 -475 -115 1
-1 148 16708 -2804 -263 124 -522 1
-1 148 16708 -2804 -263 124 -522 1
-1 560 16524 -2664 -283 -239 -255 1
-1 560 16524 -2664 -283 -239 -255 1
-1 188 16776 -2236 -104 320 -362 1
-1 188 16776 -2236 -104 320 -362 1
-1 516 16328 -2820 -238 287 -598 1
-1 516 16328 -2820 -238 287 -598 1
-1 584 16104 -2548 -346 369 -311 1
-1 584 16104 -2548 -346 369 -311 1
-1 824 16008 -2368 -128 -402 -51 1
-1 824 16008 -2368 -128 -402 -51 1
-1 780 16472 -1576 258 675 -1950 1
-1 780 16472 -1576 258 675 -1950 1
-1 -292 16564 -1416 394 482 -1034 1
-1 -292 16564 -1416 394 482 -1034 1
-1 -604 16284 -3784 -230 -607 -1027 1
-1 -604 16284 -3784 -230 -607 -1027 1
-1 -716 16568 -2472 -281 -84 -223 1
-1 -716 16568 -2472 -281 -84 -223 1
-1 188 16640 -1580 -1077 -519 1112 1
-1 188 16640 -1580 -1077 -519 1112 1
-1 684 16008 -2576 68 -603 -557 1
-1 684 16008 -2576 68 -603 -557 1
-1 -68 16164 -2044 366 -559 -425 1
-1 -68 16164 -2044 366 -559 -425 1
-1 -48 16432 -2220 -649 -416 -237 1
-1 -48 16432 -2220 -649 -416 -237 1
-1 136 16540 -1760 -694 -1659 119 1
-1 136 16540 -1760 -694 -1659 119 1
-1 -892 16724 -1608 19 -1021 -825 1
-1 -892 16724 -1608 19 -1021 -825 1
-1 -1128 17032 -1472 -361 -926 35 1
-1 -1128 17032 -1472 -361 -926 35 1
-1 -56 16576 -1308 -353 -672 425 1
-1 -56 16576 -1308 -353 -672 425 1
-1 -232 16280 -2008 -349 -52 -267 1
-1 -232 16280 -2008 -349 -52 -267 1
-1 -264 16204 -1976 24 102 -757 1
-1 -264 16204 -1976 24 102 -757 1
-1 -180 16372 -1308 -139 119 153 1
-1 -180 16372 -1308 -139 119 153 1
-1 368 16644 -984 -836 -88 -23 1
-1 368 16644 -984 -836 -88 -23 1
-1 -60 16508 -1464 -214 -388 -649 1
-1 -60 16508 -1464 -214 -388 -649 1
-1 -468 16980 -672 1 257 -151 1
-1 -468 16980 -672 1 257 -151 1
-1 -512 16440 -848 -166 -402 687 1
-1 -512 16440 -848 -166 -402 687 1
-1 -1008 15788 -1340 796 262 213 1
-1 -1008 15788 -1340 796 262 213 1
-1 964 15368 -1588 1201 -232 987 1
-1 964 15368 -1588 1201 -232 987 1
-1 -292 16412 -1284 846 -214 -422 1
-1 -292 16412 -1284 846 -214 -422 1
-1 -284 16740 -576 846 411 -809 1
-1 -284 16740 -576 846 411 -809 1
-1 -208 16620 -1996 768 546 -2334 1
-1 -208 16620 -1996 768 546 -2334 1
-1 -292 17144 -1184 655 -394 -928 1
-1 -292 17144 -1184 655 -394 -928 1
-1 -536 17348 -624 355 -24 -485 1
-1 -536 17348 -624 355 -24 -485 1
-1 -996 17148 -1300 -172 99 -777 1
-1 -996 17148 -1300 -172 99 -777 1
-1 -1052 16652 -1576 -103 -124 -345 1
-1 -1052 16652 -1576 -103 -124 -345 1
-1 -944 16544 -1592 250 -305 -340 1
-1 -944 16544 -1592 250 -305 -340 1
-1 -472 16804 -556 -23 -30 -172 1
-1 -472 16804 -556 -23 -30 -172 1
-1 -664 16876 -728 -336 98 -84 1
-1 -664 16876 -728 -336 98 -84 1
-1 -1584 17432 -1092 523 43 265 1
-1 -1584 17432 -1092 523 43 265 1
-1 -1452 18308 -836 1070 -199 1361 1
-1 -1452 18308 -836 1070 -199 1361 1
-1 -964 19488 -372 1383 444 2212 1
-1 -964 19488 -372 1383 444 2212 1
-1 -832 19872 -980 1606 289 4525 1
-1 -832 19872 -980 1606 289 4525 1
-1 424 19216 -1480 2598 1321 4116 1
-1 424 19216 -1480 2598 1321 4116 1
-1 460 18164 -1864 2447 551 5654 1
-1 460 18164 -1864 2447 551 5654 1
-1 1984 17456 -2288 1900 1725 4936 1
-1 1984 17456 -2288 1900 1725 4936 1
-1 2984 16308 -2904 1653 -292 4741 1
-1 2984 16308 -2904 1653 -292 4741 1
-1 4172 15432 -2516 2518 790 1800 1
-1 4172 15432 -2516 2518 790 1800 1
-1 1272 16704 -1964 934 -373 2916 1
-1 1272 16704 -1964 934 -373 2916 1
-1 2096 14092 -3696 339 -1589 6424 1
-1 2096 14092 -3696 339 -1589 6424 1
-1 2992 13872 -2952 -1086 -1366 7435 1
-1 2992 13872 -2952 -1086 -1366 7435 1
-1 4800 13788 -1532 -1128 -2122 7370 1
-1 4800 13788 -1532 -1128 -2122 7370 1
-1 5272 12336 -3072 -3468 -3452 12683 1
-1 5272 12336 -3072 -3468 -3452 12683 1
-1 6360 15432 464 -2034 -2661 10081 1
-1 6360 15432 464 -2034 -2661 10081 1
-1 7764 13492 -2500 -2108 -2356 11706 1
-1 7764 13492 -2500 -2108 -2356 11706 1
-1 10116 13428 -1096 -1569 -192 6228 1
-1 10116 13428 -1096 -1569 -192 6228 1
-1 11064 12788 -1620 -1988 -465 3855 1
-1 11064 12788 -1620 -1988 -465 3855 1
-1 11060 13116 -1012 -475 -932 3606 1
-1 11060 13116 -1012 -475 -932 3606 1
-1 9764 13984 -1396 -362 -568 3204 1
-1 9764 13984 -1396 -362 -568 3204 1
-1 10628 13916 -1088 -228 -1887 6484 1
-1 10628 13916 -1088 -228 -1887 6484 1
-1 11344 13372 -888 268 -356 2835 1
-1 11344 13372 -888 268 -356 2835 1
-1 11708 12644 -1092 468 -1135 4514 1
-1 11708 12644 -1092 468 -1135 4514 1
-1 12712 12060 -1184 116 -452 3532 1
-1 12712 12060 -1184 116 -452 3532 1
-1 12632 11520 -1260 361 394 1244 1
-1 12632 11520 -1260 361 394 1244 1
-1 12628 11168 -1492 157 -666 2065 1
-1 12628 11168 -1492 157 -666 2065 1
-1 12520 11756 -1192 169 -113 1227 1
-1 12520 11756 -1192 169 -113 1227 1
-1 12748 11160 -1344 -439 -229 2136 1
-1 12748 11160 -1344 -439 -229 2136 1
-1 13064 10068 -1696 -1270 -3547 9156 1
-1 13064 10068 -1696 -1270 -3547 9156 1
-1 13684 10008 -1112 -320 31 3612 1
-1 13684 10008 -1112 -320 31 3612 1
-1 14116 9868 -1028 -533 -19 503 1
-1 14116 9868 -1028 -533 -19 503 1
-1 14220 9964 -1132 -306 119 -1007 1
-1 14220 9964 -1132 -306 119 -1007 1
-1 13832 9984 -1288 -66 751 -2684 1
-1 13832 9984 -1288 -66 751 -2684 1
-1 13684 10740 -940 -64 114 -1178 1
-1 13684 10740 -940 -64 114 -1178 1
-1 13088 11148 -1376 -191 -516 665 1
-1 13088 11148 -1376 -191 -516 665 1
-1 13880 10096 -1060 -113 -685 318 1
-1 13880 10096 -1060 -113 -685 318 1
-1 13432 10460 -992 318 -593 -609 1
-1 13432 10460 -992 318 -593 -609 1
-1 13300 9832 -1448 -119 -257 -506 1
-1 13300 9832 -1448 -119 -257 -506 1
-1 13564 9300 -1692 -958 -1353 938 1
-1 13564 9300 -1692 -958 -1353 938 1
-1 13000 9848 -1696 -690 -630 -316 1
-1 13000 9848 -1696 -690 -630 -316 1
-1 13420 9992 -1388 -1512 -726 -1275 1
-1 13420 9992 -1388 -1512 -726 -1275 1
-1 12952 10404 -1488 -975 312 -3133 1
-1 12952 10404 -1488 -975 312 -3133 1
-1 12968 11428 -852 -1062 -725 -2683 1
-1 12968 11428 -852 -1062 -725 -2683 1
-1 12116 11764 -1072 -618 188 -2368 1
-1 12116 11764 -1072 -618 188 -2368 1
-1 12536 11440 -880 -881 -193 -2126 1
-1 12536 11440 -880 -881 -193 -2126 1
-1 12568 11620 -728 -732 -849 -1674 1
-1 12568 11620 -728 -732 -849 -1674 1
-1 12400 11624 -992 -708 -1130 -1661 1
-1 12400 11624 -992 -708 -1130 -1661 1
-1 12264 12664 -140 9 -151 -3842 1
-1 12264 12664 -140 9 -151 -3842 1
-1 11348 12996 -388 359 383 -3356 1
-1 11348 12996 -388 359 383 -3356 1
-1 10664 12820 -940 746 411 -4340 1
-1 10664 12820 -940 746 411 -4340 1
-1 10964 13056 -724 557 377 -3929 1
-1 10964 13056 -724 557 377 -3929 1
-1 10040 12980 -1144 742 344 -3111 1
-1 10040 12980 -1144 742 344 -3111 1
-1 10628 13044 -788 679 800 -3513 1
-1 10628 13044 -788 679 800 -3513 1
-1 10312 12900 -1156 153 -184 -269 1
-1 10312 12900 -1156 153 -184 -269 1
-1 10572 13124 -612 -38 440 -2305 1
-1 10572 13124 -612 -38 440 -2305 1
-1 9644 13048 -928 -140 224 -2602 1
-1 9644 13048 -928 -140 224 -2602 1
-1 9000 14244 -48 478 2407 -7731 1
-1 9000 14244 -48 478 2407 -7731 1
-1 8036 14152 -780 145 3142 -9657 1
-1 8036 14152 -780 145 3142 -9657 1
-1 7556 15236 400 -658 3047 -9133 1
-1 7556 15236 400 -658 3047 -9133 1
-1 6268 15592 188 -224 1794 -5462 1
-1 6268 15592 188 -224 1794 -5462 1
-1 6416 15032 -280 -136 402 -3116 1
-1 6416 15032 -280 -136 402 -3116 1
-1 5872 15788 572 514 1368 -5020 1
-1 5872 15788 572 514 1368 -5020 1
-1 5168 16012 872 467 1171 -4650 1
-1 5168 16012 872 467 1171 -4650 1
-1 3968 16068 440 399 1674 -5310 1
-1 3968 16068 440 399 1674 -5310 1
-1 3692 15952 604 83 1481 -4988 1
-1 3692 15952 604 83 1481 -4988 1
-1 2432 16880 588 538 3552 -8239 1
-1 2432 16880 588 538 3552 -8239 1
-1 2328 16596 684 271 3612 -8311 1
-1 2328 16596 684 271 3612 -8311 1
-1 424 16284 904 1753 6675 -14524 1
-1 424 16284 904 1753 6675 -14524 1
-1 56 15980 -156 466 2828 -7423 1
-1 56 15980 -156 466 2828 -7423 1
-1 -820 15804 188 1265 4312 -9970 1
-1 -820 15804 188 1265 4312 -9970 1
-1 -2600 16512 1188 1136 3318 -9271 1
-1 -2600 16512 1188 1136 3318 -9271 1
-1 -4420 16212 156 675 3149 -9061 1
-1 -4420 16212 156 675 3149 -9061 1
-1 -4928 15796 -12 435 1267 -5074 1
-1 -4928 15796 -12 435 1267 -5074 1
-1 -5044 15184 168 966 3245 -8428 1
-1 -5044 15184 168 966 3245 -8428 1
-1 -5940 15020 -344 922 2238 -6660 1
-1 -5940 15020 -344 922 2238 -6660 1
-1 -6748 14284 -1064 138 1604 -6719 1
-1 -6748 14284 -1064 138 1604 -6719 1
-1 -7376 14636 -508 -528 503 -3782 1
-1 -7376 14636 -508 -528 503 -3782 1
-1 -8476 14184 -280 2858 1874 -7612 1
-1 -8476 14184 -280 2858 1874 -7612 1
-1 -10056 13896 -1520 -228 1194 -4181 1
-1 -10056 13896 -1520 -228 1194 -4181 1
-1 -8848 13356 -1028 -995 746 -2370 1
-1 -8848 13356 -1028 -995 746 -2370 1
-1 -8696 13452 -444 176 608 -1580 1
-1 -8696 13452 -444 176 608 -1580 1
-1 -9492 12976 -804 1084 1055 -2627 1
-1 -9492 12976 -804 1084 1055 -2627 1
-1 -9740 12760 -728 1642 844 -2973 1
-1 -9740 12760 -728 1642 844 -2973 1
-1 -10192 12824 -1508 1008 1062 -2418 1
-1 -10192 12824 -1508 1008 1062 -2418 1
-1 -10588 12468 -1520 886 2059 -3492 1
-1 -10588 12468 -1520 886 2059 -3492 1
-1 -11660 12512 -1868 1022 295 -1803 1
