-1 860 352 0 6 0 1928641016 1
-1 860 352 0 6 0 1928641016 1
-1 908 16536 -2848 256 78 -77 1
-1 908 16536 -2848 256 78 -77 1
-1 744 16396 -2824 93 -80 278 1
-1 744 16396 -2824 93 -80 278 1
-1 896 16400 -2800 760 322 878 1
-1 896 16400 -2800 760 322 878 1
-1 1132 15284 -2848 -412 239 -98 1
-1 1132 15284 -2848 -412 239 -98 1
-1 1116 15972 -2260 -175 -41 520 1
-1 1116 15972 -2260 -175 -41 520 1
-1 372 15424 -2788 -470 10 59 1
-1 372 15424 -2788 -470 10 59 1
-1 1052 15700 -2832 -816 -286 99 1
-1 1052 15700 -2832 -816 -286 99 1
-1 1092 15952 -2376 -1028 117 -145 1
-1 1092 15952 -2376 -1028 117 -145 1
-1 1564 16184 -2132 -1214 -548 944 1
-1 1564 16184 -2132 -1214 -548 944 1
-1 948 16232 -2536 -1224 55 -691 1
-1 948 16232 -2536 -1224 55 -691 1
-1 480 16696 -1540 -876 -98 -210 1
-1 480 16696 -1540 -876 -98 -210 1
-1 1772 16752 -1392 -901 39 -1109 1
-1 1772 16752 -1392 -901 39 -1109 1
-1 516 16772 -1884 -1554 101 -814 1
-1 516 16772 -1884 -1554 101 -814 1
-1 772 16812 -1060 -1454 -285 -24 1
-1 772 16812 -1060 -1454 -285 -24 1
-1 328 16220 -960 -2192 271 -243 1
-1 328 16220 -960 -2192 271 -243 1
-1 1464 16396 -1152 -1985 15 -56 1
-1 1464 16396 -1152 -1985 15 -56 1
-1 644 16576 -892 -1125 217 -995 1
-1 644 16576 -892 -1125 217 -995 1
-1 208 17300 508 -878 -109 80 1
-1 208 17300 508 -878 -109 80 1
-1 1056 16684 312 -736 -12 101 1
-1 1056 16684 312 -736 -12 101 1
-1 900 16064 -92 -674 -217 320 1
-1 900 16064 -92 -674 -217 320 1
-1 1120 15712 -400 -786 -354 -203 1
-1 1120 15712 -400 -786 -354 -203 1
-1 536 16164 132 -792 287 -1326 1
-1 536 16164 132 -792 287 -1326 1
-1 164 16236 464 -1341 -329 -52 1
-1 164 16236 464 -1341 -329 -52 1
-1 812 16176 592 -1427 -303 -239 1
-1 812 16176 592 -1427 -303 -239 1
-1 476 16680 1248 -1673 76 -1089 1
-1 476 16680 1248 -1673 76 -1089 1
-1 -348 16440 780 -1343 448 -1433 1
-1 -348 16440 780 -1343 448 -1433 1
-1 -40 16472 1128 -715 -102 -245 1
-1 -40 16472 1128 -715 -102 -245 1
-1 -316 16960 2280 -408 656 -949 1
-1 -316 16960 2280 -408 656 -949 1
-1 -148 16424 1568 -524 232 -106 1
-1 -148 16424 1568 -524 232 -106 1
-1 264 16260 1500 -227 235 -532 1
-1 264 16260 1500 -227 235 -532 1
-1 -356 16112 1960 -253 106 207 1
-1 -356 16112 1960 -253 106 207 1
-1 -488 15640 1520 -580 -52 226 1
-1 -488 15640 1520 -580 -52 226 1
-1 -136 15608 984 -1051 524 -579 1
-1 -136 15608 984 -1051 524 -579 1
-1 -220 16084 2040 -368 232 -396 1
-1 -220 16084 2040 -368 232 -396 1
-1 -552 16356 2332 -1144 648 -408 1
-1 -552 16356 2332 -1144 648 -408 1
-1 308 16180 1904 -590 -91 103 1
-1 308 16180 1904 -590 -91 103 1
-1 -540 16216 2872 -450 379 -720 1
-1 -540 16216 2872 -450 379 -720 1
-1 -1752 15860 2592 -895 -19 473 1
-1 -1752 15860 2592 -895 -19 473 1
-1 212 15596 2860 -594 190 13 1
-1 212 15596 2860 -594 190 13 1
-1 -444 16344 2872 121 -246 300 1
-1 -444 16344 2872 121 -246 300 1
-1 -1152 16148 2904 -92 606 -231 1
-1 -1152 16148 2904 -92 606 -231 1
-1 -416 15512 2184 -102 301 214 1
-1 -416 15512 2184 -102 301 214 1
-1 -504 15820 2552 396 714 -1103 1
-1 -504 15820 2552 396 714 -1103 1
-1 -564 16992 4064 958 159 67 1
-1 -564 16992 4064 958 159 67 1
-1 -1248 16828 3596 1193 1020 -829 1
-1 -1248 16828 3596 1193 1020 -829 1
-1 -420 16268 2980 1028 253 490 1
-1 -420 16268 2980 1028 253 490 1
-1 -624 16212 2792 1902 480 -24 1
-1 -624 16212 2792 1902 480 -24 1
-1 -264 15816 2156 1126 -8 1140 1
-1 -264 15816 2156 1126 -8 1140 1
-1 -212 16092 1736 1212 -253 509 1
-1 -212 16092 1736 1212 -253 509 1
-1 -784 16600 2368 1115 -746 1188 1
-1 -784 16600 2368 1115 -746 1188 1
-1 -324 17292 2252 1360 -157 708 1
-1 -324 17292 2252 1360 -157 708 1
-1 -800 18092 2056 1977 697 -99 1
-1 -800 18092 2056 1977 697 -99 1
-1 -584 18252 2136 2788 714 1031 1
-1 -584 18252 2136 2788 714 1031 1
-1 -820 18768 2388 3607 1564 1953 1
-1 -820 18768 2388 3607 1564 1953 1
-1 -92 17644 988 3644 -39 7172 1
-1 -92 17644 988 3644 -39 7172 1
-1 2528 17340 1556 3693 -1438 12509 1
-1 2528 17340 1556 3693 -1438 12509 1
-1 4592 16468 -312 2981 -7662 19023 1
-1 4592 16468 -312 2981 -7662 19023 1
-1 5904 16148 -460 2523 -12397 25672 1
-1 5904 16148 -460 2523 -12397 25672 1
-1 9292 12664 -2108 150 -9266 26373 1
-1 9292 12664 -2108 150 -9266 26373 1
-1 10184 10520 -1768 -291 -4266 16028 1
-1 10184 10520 -1768 -291 -4266 16028 1
-1 10188 10612 -1164 9 -1004 13363 1
-1 10188 10612 -1164 9 -1004 13363 1
-1 11664 9256 -2712 -2091 -3792 16463 1
-1 11664 9256 -2712 -2091 -3792 16463 1
-1 12472 8332 -2188 788 -2963 13902 1
-1 12472 8332 -2188 788 -2963 13902 1
-1 13232 6712 -2548 -528 -1173 10849 1
-1 13232 6712 -2548 -528 -1173 10849 1
-1 15180 4632 -2984 -956 -967 12659 1
-1 15180 4632 -2984 -956 -967 12659 1
-1 16928 4064 -2228 -1233 -526 7427 1
-1 16928 4064 -2228 -1233 -526 7427 1
-1 19072 5016 176 1377 387 2396 1
-1 19072 5016 176 1377 387 2396 1
-1 15640 4680 -2804 -378 1894 2285 1
-1 15640 4680 -2804 -378 1894 2285 1
-1 15904 4012 -3156 245 -1428 3481 1
-1 15904 4012 -3156 245 -1428 3481 1
-1 17128 4216 -1324 730 -26 1229 1
-1 17128 4216 -1324 730 -26 1229 1
-1 16644 3484 -2028 83 703 2930 1
-1 16644 3484 -2028 83 703 2930 1
-1 17296 3592 -1312 1832 -303 829 1
-1 17296 3592 -1312 1832 -303 829 1
-1 17112 2764 -2244 411 -561 -500 1
-1 17112 2764 -2244 411 -561 -500 1
-1 17092 2400 -2148 -222 463 -2101 1
-1 17092 2400 -2148 -222 463 -2101 1
-1 16476 3044 -2276 12 -167 215 1
-1 16476 3044 -2276 12 -167 215 1
-1 16496 2524 -2804 -26 -160 54 1
-1 16496 2524 -2804 -26 -160 54 1
-1 16936 2964 -2504 -344 63 185 1
-1 16936 2964 -2504 -344 63 185 1
-1 17348 3036 -2360 -412 999 -1646 1
-1 17348 3036 -2360 -412 999 -1646 1
-1 16956 3396 -2160 -412 236 -1678 1
-1 16956 3396 -2160 -412 236 -1678 1
-1 16836 3332 -1940 -862 87 -1277 1
-1 16836 3332 -1940 -862 87 -1277 1
-1 16576 3440 -2376 -914 -649 -1161 1
-1 16576 3440 -2376 -914 -649 -1161 1
-1 17820 3512 -1200 -314 -1121 -63 1
-1 17820 3512 -1200 -314 -1121 -63 1
-1 16712 4144 -2132 -350 623 -2803 1
-1 16712 4144 -2132 -350 623 -2803 1
-1 16340 4288 -2368 -515 702 -3095 1
-1 16340 4288 -2368 -515 702 -3095 1
-1 16372 5856 -1420 -160 842 -3641 1
-1 16372 5856 -1420 -160 842 -3641 1
-1 17096 5628 -1324 -211 895 -2992 1
-1 17096 5628 -1324 -211 895 -2992 1
-1 16176 5716 -1700 1304 1988 -2869 1
-1 16176 5716 -1700 1304 1988 -2869 1
-1 15816 5992 -1156 546 1590 -3684 1
-1 15816 5992 -1156 546 1590 -3684 1
-1 15772 6360 -1240 379 933 -4493 1
-1 15772 6360 -1240 379 933 -4493 1
-1 15380 7152 -1124 204 -241 -2765 1
-1 15380 7152 -1124 204 -241 -2765 1
-1 15228 7608 -1140 -75 633 -4099 1
-1 15228 7608 -1140 -75 633 -4099 1
-1 14428 7668 -1948 17 810 -4243 1
-1 14428 7668 -1948 17 810 -4243 1
-1 14588 7976 -1440 -230 128 -2988 1
-1 14588 7976 -1440 -230 128 -2988 1
-1 15168 8228 -852 -128 694 -3738 1
-1 15168 8228 -852 -128 694 -3738 1
-1 14292 8896 -748 50 1257 -4224 1
-1 14292 8896 -748 50 1257 -4224 1
-1 14008 9120 -960 258 1247 -4029 1
-1 14008 9120 -960 258 1247 -4029 1
-1 15164 9260 -56 -127 884 -4406 1
-1 15164 9260 -56 -127 884 -4406 1
-1 13676 10164 -380 314 569 -6121 1
-1 13676 10164 -380 314 569 -6121 1
-1 12728 10944 -660 922 1026 -7368 1
-1 12728 10944 -660 922 1026 -7368 1
-1 11784 11232 -528 658 997 -6510 1
-1 11784 11232 -528 658 997 -6510 1
-1 11436 12224 -328 764 1639 -6588 1
-1 11436 12224 -328 764 1639 -6588 1
-1 10936 12296 -688 89 1750 -6844 1
-1 10936 12296 -688 89 1750 -6844 1
-1 11180 13140 360 206 1883 -6002 1
-1 11180 13140 360 206 1883 -6002 1
-1 10896 13248 548 305 901 -3326 1
-1 10896 13248 548 305 901 -3326 1
-1 10560 13964 728 920 1634 -6881 1
-1 10560 13964 728 920 1634 -6881 1
-1 8136 14584 -600 625 1835 -4084 1
-1 8136 14584 -600 625 1835 -4084 1
-1 9104 14556 400 -177 2371 -4768 1
-1 9104 14556 400 -177 2371 -4768 1
-1 7940 14328 300 77 2931 -5477 1
-1 7940 14328 300 77 2931 -5477 1
-1 7972 14156 640 -721 1739 -3432 1
-1 7972 14156 640 -721 1739 -3432 1
-1 7372 14444 972 -643 762 -2363 1
-1 7372 14444 972 -643 762 -2363 1
-1 7224 14740 1092 -1335 -655 -57 1
-1 7224 14740 1092 -1335 -655 -57 1
-1 7220 14476 1188 -356 2353 -5630 1
-1 7220 14476 1188 -356 2353 -5630 1
-1 5348 15220 1208 -519 3320 -5178 1
-1 5348 15220 1208 -519 3320 -5178 1
-1 6456 15336 2172 -440 3301 -5189 1
-1 6456 15336 2172 -440 3301 -5189 1
-1 4844 14492 1836 -214 3467 -6502 1
-1 4844 14492 1836 -214 3467 -6502 1
-1 4080 15112 1692 -566 2291 -4927 1
-1 4080 15112 1692 -566 2291 -4927 1
-1 3232 15692 1788 -783 2882 -6387 1
-1 3232 15692 1788 -783 2882 -6387 1
-1 2556 15464 2196 -594 2830 -6302 1
-1 2556 15464 2196 -594 2830 -6302 1
-1 2908 16512 2832 347 2808 -4510 1
-1 2908 16512 2832 347 2808 -4510 1
-1 -1904 14776 2672 -1749 6784 -11164 1
-1 -1904 14776 2672 -1749 6784 -11164 1
-1 560 15776 2404 -757 1896 -1168 1
-1 560 15776 2404 -757 1896 -1168 1
-1 900 15764 2932 -239 1745 -4006 1
-1 900 15764 2932 -239 1745 -4006 1
-1 -296 16556 3292 223 2058 -4059 1
-1 -296 16556 3292 223 2058 -4059 1
-1 -1296 16360 3204 -235 2489 -4531 1
