-1 -172 16500 600 -556 306 -195 1
-1 516 16164 1080 62 634 -553 1
-1 516 16164 1080 62 634 -553 1
-1 -204 15048 -1280 -224 -665 -481 1
-1 -204 15048 -1280 -224 -665 -481 1
-1 -376 16076 568 -1053 96 -770 1
-1 -376 16076 568 -1053 96 -770 1
-1 0 16144 688 -1008 -154 -953 1
-1 0 16144 688 -1008 -154 -953 1
-1 -716 16472 384 -1051 -139 -1463 1
-1 -716 16472 384 -1051 -139 -1463 1
-1 -1184 17024 1076 -863 13 -422 1
-1 -1184 17024 1076 -863 13 -422 1
-1 -944 16864 1556 -643 159 -22 1
-1 -944 16864 1556 -643 159 -22 1
-1 -660 16104 392 -972 138 -414 1
-1 -660 16104 392 -972 138 -414 1
-1 -1172 16544 1564 -568 328 280 1
-1 -1172 16544 1564 -568 328 280 1
-1 -272 16236 1376 -369 242 -483 1
-1 -272 16236 1376 -369 242 -483 1
-1 -264 15860 1108 -507 -203 -126 1
-1 -264 15860 1108 -507 -203 -126 1
-1 -1456 16292 1384 -901 677 -1331 1
-1 -1456 16292 1384 -901 677 -1331 1
-1 -1480 16412 2072 -691 172 15 1
-1 -1480 16412 2072 -691 172 15 1
-1 -848 15972 1664 -805 343 -360 1
-1 -848 15972 1664 -805 343 -360 1
-1 -588 15808 1632 -542 -697 -17 1
-1 -588 15808 1632 -542 -697 -17 1
-1 -1204 16156 2136 -205 -892 320 1
-1 -1204 16156 2136 -205 -892 320 1
-1 -1028 16108 2492 -270 192 -670 1
-1 -1028 16108 2492 -270 192 -670 1
-1 -1060 15984 2308 -589 -20 -445 1
-1 -1060 15984 2308 -589 -20 -445 1
-1 -1264 16080 2228 -480 237 -776 1
-1 -1264 16080 2228 -480 237 -776 1
-1 -1588 16248 2532 -1215 -292 569 1
-1 -1588 16248 2532 -1215 -292 569 1
-1 -896 16124 3212 -912 -135 595 1
-1 -896 16124 3212 -912 -135 595 1
-1 -1068 15640 3080 -696 22 540 1
-1 -1068 15640 3080 -696 22 540 1
-1 -1080 15980 2856 129 -207 -585 1
-1 -1080 15980 2856 129 -207 -585 1
-1 -1332 15624 2824 213 111 -680 1
-1 -1332 15624 2824 213 111 -680 1
-1 -1016 15948 3008 100 416 -1354 1
-1 -1016 15948 3008 100 416 -1354 1
-1 -1784 15732 2792 240 192 -491 1
-1 -1784 15732 2792 240 192 -491 1
-1 -1364 15532 2756 380 -118 -96 1
-1 -1364 15532 2756 380 -118 -96 1
-1 -1576 16880 3796 859 278 -696 1
-1 -1576 16880 3796 859 278 -696 1
-1 -1452 17340 3832 2188 463 -101 1
-1 -1452 17340 3832 2188 463 -101 1
-1 -1148 17084 2616 2628 -1140 2223 1
-1 -1148 17084 2616 2628 -1140 2223 1
-1 -240 17840 2492 3060 -1876 3975 1
-1 -240 17840 2492 3060 -1876 3975 1
-1 -132 18648 2356 4205 -2032 4983 1
-1 -132 18648 2356 4205 -2032 4983 1
-1 -488 17824 1112 4036 3453 -2411 1
-1 -488 17824 1112 4036 3453 -2411 1
-1 -584 18164 1048 3755 -878 4255 1
-1 -584 18164 1048 3755 -878 4255 1
-1 -1124 17588 676 3453 -981 6482 1
-1 -1124 17588 676 3453 -981 6482 1
-1 340 16168 -208 3859 -1313 7394 1
-1 340 16168 -208 3859 -1313 7394 1
-1 2424 15392 -768 3018 -1118 8632 1
-1 2424 15392 -768 3018 -1118 8632 1
-1 3364 14800 -12 2450 -2378 8949 1
-1 3364 14800 -12 2450 -2378 8949 1
-1 3684 14100 -956 1828 -1621 7613 1
-1 3684 14100 -956 1828 -1621 7613 1
-1 4696 13396 -804 791 -2008 9011 1
-1 4696 13396 -804 791 -2008 9011 1
-1 6496 12484 -1420 230 -2150 5724 1
-1 6496 12484 -1420 230 -2150 5724 1
-1 6260 13832 -1520 731 -794 3729 1
-1 6260 13832 -1520 731 -794 3729 1
-1 6916 14428 -1160 771 -2944 9298 1
-1 6916 14428 -1160 771 -2944 9298 1
-1 7440 13904 -2960 644 -3377 10956 1
-1 7440 13904 -2960 644 -3377 10956 1
-1 8948 13732 -1676 -427 -927 5625 1
-1 8948 13732 -1676 -427 -927 5625 1
-1 9096 14076 -1772 -346 -481 3983 1
-1 9096 14076 -1772 -346 -481 3983 1
-1 11088 14300 -1956 -167 728 1920 1
-1 11088 14300 -1956 -167 728 1920 1
-1 10424 13688 -1896 24 356 -135 1
-1 10424 13688 -1896 24 356 -135 1
-1 10156 13816 -932 374 229 2436 1
-1 10156 13816 -932 374 229 2436 1
-1 10968 13172 -916 455 72 864 1
-1 10968 13172 -916 455 72 864 1
-1 10372 13404 -1480 63 300 26 1
-1 10372 13404 -1480 63 300 26 1
-1 10732 12788 -1264 -1568 -141 3996 1
-1 10732 12788 -1264 -1568 -141 3996 1
-1 10400 13264 -828 -560 1118 777 1
-1 10400 13264 -828 -560 1118 777 1
-1 11104 12856 -712 -683 -199 148 1
-1 11104 12856 -712 -683 -199 148 1
-1 10952 12852 -460 -986 214 879 1
-1 10952 12852 -460 -986 214 879 1
-1 10992 12944 -544 -955 -741 -176 1
-1 10992 12944 -544 -955 -741 -176 1
-1 10868 12988 -468 -539 -110 -1324 1
-1 10868 12988 -468 -539 -110 -1324 1
-1 10232 13420 -684 -620 -85 -1757 1
-1 10232 13420 -684 -620 -85 -1757 1
-1 10128 13296 -572 -443 -222 -1454 1
-1 10128 13296 -572 -443 -222 -1454 1
-1 10252 13528 -492 -197 -296 -698 1
-1 10252 13528 -492 -197 -296 -698 1
-1 9504 11880 -60 -818 639 283 1
-1 9504 11880 -60 -818 639 283 1
-1 11516 12060 -384 -1179 -721 1209 1
-1 11516 12060 -384 -1179 -721 1209 1
-1 10124 13300 -28 167 570 -2711 1
-1 10124 13300 -28 167 570 -2711 1
-1 9492 13628 56 -389 -153 -1935 1
-1 9492 13628 56 -389 -153 -1935 1
-1 9616 13924 -72 -289 169 -1837 1
-1 9616 13924 -72 -289 169 -1837 1
-1 9696 14100 644 -71 569 -2296 1
-1 9696 14100 644 -71 569 -2296 1
-1 9608 13888 80 287 140 -1964 1
-1 9608 13888 80 287 140 -1964 1
-1 9332 14140 420 464 855 -2790 1
-1 9332 14140 420 464 855 -2790 1
-1 9168 14224 -8 349 893 -2734 1
-1 9168 14224 -8 349 893 -2734 1
-1 8596 14596 376 534 979 -2154 1
-1 8596 14596 376 534 979 -2154 1
-1 8760 13780 -232 425 502 -510 1
-1 8760 13780 -232 425 502 -510 1
-1 8712 14160 -40 371 548 -1005 1
-1 8712 14160 -40 371 548 -1005 1
-1 8452 14004 828 190 1440 -803 1
-1 8452 14004 828 190 1440 -803 1
-1 8352 14848 788 417 543 -1146 1
-1 8352 14848 788 417 543 -1146 1
-1 8300 14100 268 237 580 -1295 1
-1 8300 14100 268 237 580 -1295 1
-1 8152 14352 216 214 466 -1978 1
-1 8152 14352 216 214 466 -1978 1
-1 7904 14620 540 400 1068 -2951 1
-1 7904 14620 540 400 1068 -2951 1
-1 7224 14956 1132 628 1042 -2728 1
-1 7224 14956 1132 628 1042 -2728 1
-1 7212 14084 76 429 582 -2948 1
-1 7212 14084 76 429 582 -2948 1
-1 6692 15080 932 290 323 -3048 1
-1 6692 15080 932 290 323 -3048 1
-1 6192 14744 304 719 1541 -5485 1
-1 6192 14744 304 719 1541 -5485 1
-1 4976 15700 600 127 1994 -6196 1
-1 4976 15700 600 127 1994 -6196 1
-1 4796 15752 884 33 2243 -6259 1
-1 4796 15752 884 33 2243 -6259 1
-1 4148 16168 520 -150 3264 -7648 1
-1 4148 16168 520 -150 3264 -7648 1
-1 1952 16528 1212 766 4437 -11538 1
-1 1952 16528 1212 766 4437 -11538 1
-1 1288 17148 984 155 2556 -9264 1
-1 1288 17148 984 155 2556 -9264 1
-1 -676 16248 132 -156 2246 -5151 1
-1 -676 16248 132 -156 2246 -5151 1
-1 368 15984 1492 -183 3011 -6003 1
-1 368 15984 1492 -183 3011 -6003 1
-1 -792 16152 1428 125 2246 -5593 1
-1 -792 16152 1428 125 2246 -5593 1
-1 -836 16128 1452 460 1939 -5093 1
-1 -836 16128 1452 460 1939 -5093 1
-1 -2688 15832 488 312 2288 -5216 1
-1 -2688 15832 488 312 2288 -5216 1
-1 -2888 16564 1224 517 1319 -4143 1
-1 -2888 16564 1224 517 1319 -4143 1
-1 -3792 15932 1388 235 1853 -4948 1
-1 -3792 15932 1388 235 1853 -4948 1
-1 -4280 15264 808 199 879 -3713 1
-1 -4280 15264 808 199 879 -3713 1
-1 -4744 16104 560 -369 1718 -6883 1
-1 -4744 16104 560 -369 1718 -6883 1
-1 -4728 15384 1180 -98 1477 -1948 1
-1 -4728 15384 1180 -98 1477 -1948 1
-1 -5156 14812 1196 206 775 -1414 1
-1 -5156 14812 1196 206 775 -1414 1
-1 -5224 14772 428 434 1816 -3141 1
-1 -5224 14772 428 434 1816 -3141 1
-1 -5624 14848 588 -258 1381 -3858 1
-1 -5624 14848 588 -258 1381 -3858 1
-1 -5872 14644 1132 285 1160 -2704 1
-1 -5872 14644 1132 285 1160 -2704 1
-1 -6528 14304 400 743 2049 -4171 1
-1 -6528 14304 400 743 2049 -4171 1
-1 -7244 14320 440 -356 1069 -1973 1
-1 -7244 14320 440 -356 1069 -1973 1
-1 -7116 16392 320 452 2411 -4884 1
-1 -7116 16392 320 452 2411 -4884 1
-1 -8092 13848 -828 -1711 373 -2370 1
-1 -8092 13848 -828 -1711 373 -2370 1
-1 -8336 15612 2632 -115 -2493 -2058 1
-1 -8336 15612 2632 -115 -2493 -2058 1
-1 -8504 13224 1492 30 1053 -2661 1
-1 -8504 13224 1492 30 1053 -2661 1
-1 -9328 13888 260 -796 -595 -1728 1
-1 -9328 13888 260 -796 -595 -1728 1
-1 -8252 13312 1044 -912 514 -276 1
-1 -8252 13312 1044 -912 514 -276 1
-1 -8320 14184 1476 -541 1261 -499 1
-1 -8320 14184 1476 -541 1261 -499 1
-1 -7740 13656 552 -114 907 220 1
-1 -7740 13656 552 -114 907 220 1
-1 -7692 13248 1764 -145 161 -1454 1
-1 -7692 13248 1764 -145 161 -1454 1
-1 -8244 13612 1248 102 -539 1194 1
-1 -8244 13612 1248 102 -539 1194 1
-1 -8160 13340 1996 247 -1842 2454 1
-1 -8160 13340 1996 247 -1842 2454 1
-1 -7496 13504 1188 -31 1326 -1006 1
-1 -7496 13504 1188 -31 1326 -1006 1
-1 -6736 13588 1712 661 -896 753 1
-1 -6736 13588 1712 661 -896 753 1
-1 -7132 15628 2220 1051 -80 103 1
-1 -7132 15628 2220 1051 -80 103 1
-1 -7748 14072 1632 976 566 -1224 1
-1 -7748 14072 1632 976 566 -1224 1
-1 -7936 13516 1132 877 -84 -786 1
-1 -7936 13516 1132 877 -84 -786 1
-1 -8352 13460 1280 -55 313 -1794 1
-1 -8352 13460 1280 -55 313 -1794 1
-1 -7464 12888 1076 628 -709 989 1
-1 -7464 12888 1076 628 -709 989 1
-1 -8048 13176 1188 565 -480 630 1
-1 -8048 13176 1188 565 -480 630 1
-1 -8304 13156 1424 789 133 -140 1
-1 -8304 13156 1424 789 133 -140 1
-1 -8476 13192 1312 893 9 383 1
-1 -8476 13192 1312 893 9 383 1
-1 -8316 13644 1360 1438 302 1270 1
-1 -8316 13644 1360 1438 302 1270 1
