-1 76 16992 -1808 -289 247 -462 1
-1 76 16992 -1808 -289 247 -462 1
-1 352 16792 -1468 -349 440 -286 1
-1 352 16792 -1468 -349 440 -286 1
-1 324 16268 -1560 -461 203 315 1
-1 324 16268 -1560 -461 203 315 1
-1 888 16084 -1876 -630 -1506 1177 1
-1 888 16084 -1876 -630 -1506 1177 1
-1 -404 16956 -1108 -142 -12 -939 1
-1 -404 16956 -1108 -142 -12 -939 1
-1 852 16424 -1424 -379 -113 -432 1
-1 852 16424 -1424 -379 -113 -432 1
-1 504 16372 -1524 -221 -119 -495 1
-1 504 16372 -1524 -221 -119 -495 1
-1 452 16740 -1032 -117 -34 -551 1
-1 452 16740 -1032 -117 -34 -551 1
-1 -60 16572 -916 -170 -260 -104 1
-1 -60 16572 -916 -170 -260 -104 1
-1 616 15924 -1172 -208 -1086 1414 1
-1 616 15924 -1172 -208 -1086 1414 1
-1 788 15868 -1316 -326 -271 -1459 1
-1 788 15868 -1316 -326 -271 -1459 1
-1 -104 16012 -1156 -620 -33 -1576 1
-1 -104 16012 -1156 -620 -33 -1576 1
-1 -1148 16712 -952 -1322 220 -636 1
-1 -1148 16712 -952 -1322 220 -636 1
-1 368 16404 -644 -815 413 -423 1
-1 368 16404 -644 -815 413 -423 1
-1 -376 17008 -496 -517 206 -778 1
-1 -376 17008 -496 -517 206 -778 1
-1 -656 17208 -192 -668 118 718 1
-1 -656 17208 -192 -668 118 718 1
-1 -28 16316 -232 -715 377 -115 1
-1 -28 16316 -232 -715 377 -115 1
-1 -240 16364 -304 -239 265 148 1
-1 -240 16364 -304 -239 265 148 1
-1 224 16168 -628 -559 108 -51 1
-1 224 16168 -628 -559 108 -51 1
-1 -400 16468 216 -438 445 -620 1
-1 -400 16468 216 -438 445 -620 1
-1 228 16452 416 -457 127 -11 1
-1 228 16452 416 -457 127 -11 1
-1 -40 16328 -104 -449 186 -607 1
-1 -40 16328 -104 -449 186 -607 1
-1 -352 16620 432 -245 252 -376 1
-1 -352 16620 432 -245 252 -376 1
-1 -704 16156 -8 -377 491 -120 1
-1 -704 16156 -8 -377 491 -120 1
-1 -300 15988 560 -832 -240 965 1
-1 -300 15988 560 -832 -240 965 1
-1 88 16140 512 -476 391 -351 1
-1 88 16140 512 -476 391 -351 1
-1 -108 16012 544 -424 294 -519 1
-1 -108 16012 544 -424 294 -519 1
-1 -644 15952 900 -353 157 83 1
-1 -644 15952 900 -353 157 83 1
-1 -936 16324 728 -433 1692 -962 1
-1 -936 16324 728 -433 1692 -962 1
-1 -592 16320 884 -422 206 930 1
-1 -592 16320 884 -422 206 930 1
-1 -492 15884 1092 -606 137 -278 1
-1 -492 15884 1092 -606 137 -278 1
-1 84 15572 868 -651 747 -338 1
-1 84 15572 868 -651 747 -338 1
-1 -524 16164 1080 -198 -333 94 1
-1 -524 16164 1080 -198 -333 94 1
-1 -296 16224 1064 -301 -81 -754 1
-1 -296 16224 1064 -301 -81 -754 1
-1 -544 16316 1608 -443 -102 -583 1
-1 -544 16316 1608 -443 -102 -583 1
-1 -1192 16860 1596 -368 55 -513 1
-1 -1192 16860 1596 -368 55 -513 1
-1 -368 16128 1124 -271 -301 461 1
-1 -368 16128 1124 -271 -301 461 1
-1 -8 15996 1548 284 -581 -1888 1
-1 -8 15996 1548 284 -581 -1888 1
-1 -1004 16284 1772 -320 -1076 1095 1
-1 -1004 16284 1772 -320 -1076 1095 1
-1 -776 16616 1868 -131 -78 487 1
-1 -776 16616 1868 -131 -78 487 1
-1 -968 16404 1340 148 477 -648 1
-1 -968 16404 1340 148 477 -648 1
-1 -1268 16532 1592 205 460 317 1
-1 -1268 16532 1592 205 460 317 1
-1 -792 16356 1916 201 405 -135 1
-1 -792 16356 1916 201 405 -135 1
-1 -840 16596 2192 467 426 -533 1
-1 -840 16596 2192 467 426 -533 1
-1 -612 16464 2036 671 157 -119 1
-1 -612 16464 2036 671 157 -119 1
-1 -1312 17040 2560 1025 530 -740 1
-1 -1312 17040 2560 1025 530 -740 1
-1 -1140 19244 3904 2365 633 -810 1
-1 -1140 19244 3904 2365 633 -810 1
-1 -1592 19052 1652 4157 1135 70 1
-1 -1592 19052 1652 4157 1135 70 1
-1 -824 19300 560 4433 -992 4873 1
-1 -824 19300 560 4433 -992 4873 1
-1 -44 19436 328 5601 -1542 6834 1
-1 -44 19436 328 5601 -1542 6834 1
-1 -800 18384 -1308 5480 -2301 10271 1
-1 -800 18384 -1308 5480 -2301 10271 1
-1 2056 15888 -2604 4054 -1835 11758 1
-1 2056 15888 -2604 4054 -1835 11758 1
-1 2516 15816 -612 2426 -2570 12251 1
-1 2516 15816 -612 2426 -2570 12251 1
-1 4168 14356 -2284 2369 -2423 10678 1
-1 4168 14356 -2284 2369 -2423 10678 1
-1 5280 13008 -2660 18 -2514 11732 1
-1 5280 13008 -2660 18 -2514 11732 1
-1 6800 12304 -2932 439 -2025 9128 1
-1 6800 12304 -2932 439 -2025 9128 1
-1 8252 11664 -3508 -391 -2779 10818 1
-1 8252 11664 -3508 -391 -2779 10818 1
-1 9408 12292 -1532 -1392 -1283 7562 1
-1 9408 12292 -1532 -1392 -1283 7562 1
-1 10188 10840 -2572 -677 -3695 9381 1
-1 10188 10840 -2572 -677 -3695 9381 1
-1 9584 13728 -416 -971 159 6740 1
-1 9584 13728 -416 -971 159 6740 1
-1 9892 12368 -2892 -1087 1601 2422 1
-1 9892 12368 -2892 -1087 1601 2422 1
-1 11036 12380 -1844 -1071 616 1912 1
-1 11036 12380 -1844 -1071 616 1912 1
-1 12396 12048 -1828 -442 -331 2553 1
-1 12396 12048 -1828 -442 -331 2553 1
-1 12764 12168 -1508 -314 -165 293 1
-1 12764 12168 -1508 -314 -165 293 1
-1 13064 12824 -548 -133 423 -62 1
-1 13064 12824 -548 -133 423 -62 1
-1 11780 12164 -1508 308 -720 1906 1
-1 11780 12164 -1508 308 -720 1906 1
-1 13124 11260 -972 -1071 1059 3317 1
-1 13124 11260 -972 -1071 1059 3317 1
-1 11980 12520 -1660 -643 764 2777 1
-1 11980 12520 -1660 -643 764 2777 1
-1 12488 12040 -532 37 1937 -3174 1
-1 12488 12040 -532 37 1937 -3174 1
-1 12260 11560 -1304 -338 1115 -46 1
-1 12260 11560 -1304 -338 1115 -46 1
-1 11592 11972 -860 327 1234 -1679 1
-1 11592 11972 -860 327 1234 -1679 1
-1 12316 11744 -720 -260 227 -1183 1
-1 12316 11744 -720 -260 227 -1183 1
-1 11904 11208 -1444 -484 -112 -751 1
-1 11904 11208 -1444 -484 -112 -751 1
-1 12080 11688 -720 -723 299 -1542 1
-1 12080 11688 -720 -723 299 -1542 1
-1 11752 12300 -440 -277 598 -2308 1
-1 11752 12300 -440 -277 598 -2308 1
-1 10916 12276 -984 391 534 -2757 1
-1 10916 12276 -984 391 534 -2757 1
-1 11064 12796 -16 -15 526 -3365 1
-1 11064 12796 -16 -15 526 -3365 1
-1 11264 12340 -384 -347 397 -2806 1
-1 11264 12340 -384 -347 397 -2806 1
-1 10576 13320 -4 -132 1289 -4924 1
-1 10576 13320 -4 -132 1289 -4924 1
-1 10228 12664 -476 -1345 435 -5445 1
-1 10228 12664 -476 -1345 435 -5445 1
-1 8572 14884 1096 43 1 -7962 1
-1 8572 14884 1096 43 1 -7962 1
-1 6964 14868 -224 -66 -94 -4007 1
-1 6964 14868 -224 -66 -94 -4007 1
-1 7908 15080 828 98 578 -4476 1
-1 7908 15080 828 98 578 -4476 1
-1 6336 15012 36 -70 245 -2593 1
-1 6336 15012 36 -70 245 -2593 1
-1 7688 14384 552 108 588 -3894 1
-1 7688 14384 552 108 588 -3894 1
-1 6644 14788 996 290 1428 -4973 1
-1 6644 14788 996 290 1428 -4973 1
-1 5672 14556 776 -86 3123 -8719 1
-1 5672 14556 776 -86 3123 -8719 1
-1 4020 15348 496 -119 3515 -9988 1
-1 4020 15348 496 -119 3515 -9988 1
-1 3224 15788 772 -934 4082 -11269 1
-1 3224 15788 772 -934 4082 -11269 1
-1 2468 16344 1292 -1130 3187 -10176 1
-1 2468 16344 1292 -1130 3187 -10176 1
-1 256 16460 1104 -1584 2550 -6793 1
-1 256 16460 1104 -1584 2550 -6793 1
-1 28 16428 1668 -1250 2230 -6814 1
-1 28 16428 1668 -1250 2230 -6814 1
-1 -268 16232 1692 -881 3174 -6964 1
-1 -268 16232 1692 -881 3174 -6964 1
-1 -1008 17836 4340 1214 3829 -6808 1
-1 -1008 17836 4340 1214 3829 -6808 1
-1 -740 14832 1964 190 284 -3410 1
-1 -740 14832 1964 190 284 -3410 1
-1 -1796 14976 1680 1081 623 -2447 1
-1 -1796 14976 1680 1081 623 -2447 1
-1 -2464 14424 1492 -36 -45 -2134 1
-1 -2464 14424 1492 -36 -45 -2134 1
-1 -3760 17512 1756 120 1042 -4971 1
-1 -3760 17512 1756 120 1042 -4971 1
-1 -2880 16900 1824 483 479 -3736 1
-1 -2880 16900 1824 483 479 -3736 1
-1 -3560 16128 2384 131 861 -3220 1
-1 -3560 16128 2384 131 861 -3220 1
-1 -5232 14088 -868 -528 2689 -6342 1
-1 -5232 14088 -868 -528 2689 -6342 1
-1 -5544 15204 1244 423 1092 -5863 1
-1 -5544 15204 1244 423 1092 -5863 1
-1 -4976 13772 1272 -555 -299 -2301 1
-1 -4976 13772 1272 -555 -299 -2301 1
-1 -4548 14260 1392 -678 33 -628 1
-1 -4548 14260 1392 -678 33 -628 1
-1 -5640 15656 2492 -663 1067 -2107 1
-1 -5640 15656 2492 -663 1067 -2107 1
-1 -5580 14924 2280 -608 986 -901 1
-1 -5580 14924 2280 -608 986 -901 1
-1 -5880 15068 2752 -59 1207 -1894 1
-1 -5880 15068 2752 -59 1207 -1894 1
-1 -6448 15132 2440 257 866 -2732 1
-1 -6448 15132 2440 257 866 -2732 1
-1 -6880 15084 2320 429 434 -412 1
-1 -6880 15084 2320 429 434 -412 1
-1 -6208 14852 1704 480 -408 614 1
-1 -6208 14852 1704 480 -408 614 1
-1 -6116 14732 1352 274 9 -828 1
-1 -6116 14732 1352 274 9 -828 1
-1 -6896 15268 1996 220 -248 -2445 1
-1 -6896 15268 1996 220 -248 -2445 1
-1 -5400 14432 1444 1171 -3994 1528 1
-1 -5400 14432 1444 1171 -3994 1528 1
-1 -6396 14260 1472 399 -1475 1475 1
-1 -6396 14260 1472 399 -1475 1475 1
-1 -5756 14240 2616 -690 -25 1026 1
-1 -5756 14240 2616 -690 -25 1026 1
-1 -5508 14324 2112 -224 104 461 1
-1 -5508 14324 2112 -224 104 461 1
-1 -5664 14648 2944 -124 329 53 1
-1 -5664 14648 2944 -124 329 53 1
-1 -6028 14540 2140 -52 1491 -2247 1
-1 -6028 14540 2140 -52 1491 -2247 1
-1 -6508 14892 2808 140 267 -1217 1
-1 -6508 14892 2808 140 267 -1217 1
-1 -7432 14908 2796 430 773 -2015 1
-1 -7432 14908 2796 430 773 -2015 1
-1 -5996 14492 2876 230 -483 581 1
-1 -5996 14492 2876 230 -483 581 1
-1 -5168 14056 2716 384 -654 675 1
-1 -5168 14056 2716 384 -654 675 1
-1 -5184 14156 2612 639 -576 426 1
-1 -5184 14156 2612 639 -576 426 1
-1 -6188 13764 2080 296 -995 985 1
-1 -6188 13764 2080 296 -995 985 1
-1 -5768 14132 2452 311 -627 1074 1
