-1 720 16240 -2868 -161 -105 929 1
-1 1676 17200 -1376 515 -1423 2467 1
-1 1676 17200 -1376 515 -1423 2467 1
-1 600 16548 -2312 512 -670 942 1
-1 600 16548 -2312 512 -670 942 1
-1 1712 16856 -2104 452 -955 1862 1
-1 1712 16856 -2104 452 -955 1862 1
-1 1236 15892 -2204 208 -135 1310 1
-1 1236 15892 -2204 208 -135 1310 1
-1 1616 15920 -2040 28 617 -1029 1
-1 1616 15920 -2040 28 617 -1029 1
-1 944 15836 -2108 246 -103 -226 1
-1 944 15836 -2108 246 -103 -226 1
-1 688 15888 -2484 -233 -334 -292 1
-1 688 15888 -2484 -233 -334 -292 1
-1 488 16060 -2880 -389 -578 -529 1
-1 488 16060 -2880 -389 -578 -529 1
-1 -292 16784 -2568 4 359 -2320 1
-1 -292 16784 -2568 4 359 -2320 1
-1 -308 17060 -1848 -368 1203 -1047 1
-1 -308 17060 -1848 -368 1203 -1047 1
-1 912 16348 -2340 -1009 -172 821 1
-1 912 16348 -2340 -1009 -172 821 1
-1 880 15932 -2948 -1201 -48 161 1
-1 880 15932 -2948 -1201 -48 161 1
-1 352 16140 -2508 -1162 308 -327 1
-1 352 16140 -2508 -1162 308 -327 1
-1 1128 16304 -1052 -1395 27 243 1
-1 1128 16304 -1052 -1395 27 243 1
-1 612 15860 -2200 -1432 -825 -11 1
-1 612 15860 -2200 -1432 -825 -11 1
-1 340 16664 -1368 -1525 -215 -1016 1
-1 340 16664 -1368 -1525 -215 -1016 1
-1 284 16660 -1580 -1760 -163 -432 1
-1 284 16660 -1580 -1760 -163 -432 1
-1 476 16848 -812 -1521 89 -117 1
-1 476 16848 -812 -1521 89 -117 1
-1 -244 16784 -324 -1163 -171 844 1
-1 -244 16784 -324 -1163 -171 844 1
-1 440 16524 -472 -741 -226 389 1
-1 440 16524 -472 -741 -226 389 1
-1 1396 16864 560 -104 -522 72 1
-1 1396 16864 560 -104 -522 72 1
-1 180 16416 -252 -454 -72 -299 1
-1 180 16416 -252 -454 -72 -299 1
-1 504 16764 1040 -387 123 258 1
-1 504 16764 1040 -387 123 258 1
-1 708 16176 132 -481 44 -48 1
-1 708 16176 132 -481 44 -48 1
-1 620 16240 400 -807 335 -433 1
-1 620 16240 400 -807 335 -433 1
-1 652 15888 120 -984 178 95 1
-1 652 15888 120 -984 178 95 1
-1 424 15900 328 -611 830 -1412 1
-1 424 15900 328 -611 830 -1412 1
-1 560 15888 960 -846 107 -742 1
-1 560 15888 960 -846 107 -742 1
-1 164 16204 600 -942 -196 -668 1
-1 164 16204 600 -942 -196 -668 1
-1 -916 16736 1216 -1201 -121 125 1
-1 -916 16736 1216 -1201 -121 125 1
-1 272 16744 1236 -1633 438 -353 1
-1 272 16744 1236 -1633 438 -353 1
-1 -128 16428 1112 -965 975 -1145 1
-1 -128 16428 1112 -965 975 -1145 1
-1 -700 16384 884 -1057 738 -307 1
-1 -700 16384 884 -1057 738 -307 1
-1 -288 16436 1892 -779 -174 897 1
-1 -288 16436 1892 -779 -174 897 1
-1 -288 15928 1576 -536 -686 1175 1
-1 -288 15928 1576 -536 -686 1175 1
-1 192 15392 1428 -754 -1790 1878 1
-1 192 15392 1428 -754 -1790 1878 1
-1 668 15588 1776 -644 643 -2000 1
-1 668 15588 1776 -644 643 -2000 1
-1 -1024 15944 1956 87 598 -1742 1
-1 -1024 15944 1956 87 598 -1742 1
-1 -128 15320 1580 -1502 582 -228 1
-1 -128 15320 1580 -1502 582 -228 1
-1 716 15732 2436 -1717 686 -926 1
-1 716 15732 2436 -1717 686 -926 1
-1 -1360 16364 2640 -1396 1245 -1917 1
-1 -1360 16364 2640 -1396 1245 -1917 1
-1 -1036 16552 3024 -854 342 -144 1
-1 -1036 16552 3024 -854 342 -144 1
-1 -664 16144 3500 -489 -483 -421 1
-1 -664 16144 3500 -489 -483 -421 1
-1 -596 16940 4036 635 -30 403 1
-1 -596 16940 4036 635 -30 403 1
-1 -200 16972 3952 1182 -518 1568 1
-1 -200 16972 3952 1182 -518 1568 1
-1 292 16660 4756 2716 -1223 4335 1
-1 292 16660 4756 2716 -1223 4335 1
-1 496 18032 3092 4817 -2955 14137 1
-1 496 18032 3092 4817 -2955 14137 1
-1 2268 16828 2172 2788 464 10374 1
-1 2268 16828 2172 2788 464 10374 1
-1 3572 17464 1996 2422 87 1603 1
-1 3572 17464 1996 2422 87 1603 1
-1 2976 17296 1160 2491 -833 3894 1
-1 2976 17296 1160 2491 -833 3894 1
-1 4016 17128 1060 3045 -920 4197 1
-1 4016 17128 1060 3045 -920 4197 1
-1 4280 17172 1260 2872 31 4361 1
-1 4280 17172 1260 2872 31 4361 1
-1 4588 16800 332 3204 -2435 7709 1
-1 4588 16800 332 3204 -2435 7709 1
-1 4636 17164 -468 1381 -3582 11506 1
-1 4636 17164 -468 1381 -3582 11506 1
-1 6972 14648 -380 1980 -261 6179 1
-1 6972 14648 -380 1980 -261 6179 1
-1 8300 12620 -1676 1133 -2410 9436 1
-1 8300 12620 -1676 1133 -2410 9436 1
-1 8932 12712 -504 875 -2686 7279 1
-1 8932 12712 -504 875 -2686 7279 1
-1 8788 12436 -728 912 -4449 9386 1
-1 8788 12436 -728 912 -4449 9386 1
-1 8572 11912 -1836 670 -2323 5513 1
-1 8572 11912 -1836 670 -2323 5513 1
-1 9792 11180 -1736 -156 -3204 7719 1
-1 9792 11180 -1736 -156 -3204 7719 1
-1 10500 11536 -520 -1027 -1599 5346 1
-1 10500 11536 -520 -1027 -1599 5346 1
-1 11964 10776 -1192 -901 867 1651 1
-1 11964 10776 -1192 -901 867 1651 1
-1 12228 10884 -852 -1086 1755 1451 1
-1 12228 10884 -852 -1086 1755 1451 1
-1 12684 11420 -916 -470 -1392 5712 1
-1 12684 11420 -916 -470 -1392 5712 1
-1 12472 11180 -1088 -937 499 1096 1
-1 12472 11180 -1088 -937 499 1096 1
-1 11840 12176 -700 -94 -251 2374 1
-1 11840 12176 -700 -94 -251 2374 1
-1 12988 11388 -276 911 674 1153 1
-1 12988 11388 -276 911 674 1153 1
-1 12924 10720 -832 836 87 1134 1
-1 12924 10720 -832 836 87 1134 1
-1 12908 10940 -952 470 -497 1606 1
-1 12908 10940 -952 470 -497 1606 1
-1 13812 10796 -680 989 -600 1955 1
-1 13812 10796 -680 989 -600 1955 1
-1 13312 10860 -768 886 -1312 2785 1
-1 13312 10860 -768 886 -1312 2785 1
-1 13280 10668 -1036 407 -583 1868 1
-1 13280 10668 -1036 407 -583 1868 1
-1 14540 9584 -1184 -128 377 418 1
-1 14540 9584 -1184 -128 377 418 1
-1 13804 9864 -872 -88 -358 640 1
-1 13804 9864 -872 -88 -358 640 1
-1 13468 9732 -1580 -347 -1042 1678 1
-1 13468 9732 -1580 -347 -1042 1678 1
-1 13884 9512 -1588 -193 -1358 1604 1
-1 13884 9512 -1588 -193 -1358 1604 1
-1 13856 9672 -1612 -14 -1029 1592 1
-1 13856 9672 -1612 -14 -1029 1592 1
-1 13872 9564 -1456 -243 30 286 1
-1 13872 9564 -1456 -243 30 286 1
-1 14184 9132 -1336 830 2907 -55 1
-1 14184 9132 -1336 830 2907 -55 1
-1 14196 8728 -1452 -74 1847 851 1
-1 14196 8728 -1452 -74 1847 851 1
-1 16096 11132 1132 1471 -3338 5598 1
-1 16096 11132 1132 1471 -3338 5598 1
-1 14432 9896 -1320 -208 -294 575 1
-1 14432 9896 -1320 -208 -294 575 1
-1 14648 8804 -840 -259 -231 -44 1
-1 14648 8804 -840 -259 -231 -44 1
-1 14772 9576 -1448 -145 -839 -51 1
-1 14772 9576 -1448 -145 -839 -51 1
-1 13796 9704 -1780 -29 -601 169 1
-1 13796 9704 -1780 -29 -601 169 1
-1 13960 10472 -716 -410 -196 -167 1
-1 13960 10472 -716 -410 -196 -167 1
-1 13468 9244 -1340 -458 1146 -2256 1
-1 13468 9244 -1340 -458 1146 -2256 1
-1 13928 9740 -364 -547 -290 -928 1
-1 13928 9740 -364 -547 -290 -928 1
-1 14296 9788 -216 -655 -400 -932 1
-1 14296 9788 -216 -655 -400 -932 1
-1 13824 9888 -600 -754 -310 -371 1
-1 13824 9888 -600 -754 -310 -371 1
-1 13812 9972 -700 -435 -327 26 1
-1 13812 9972 -700 -435 -327 26 1
-1 13200 10096 -948 -709 -182 -514 1
-1 13200 10096 -948 -709 -182 -514 1
-1 13816 10068 -652 -1142 244 44 1
-1 13816 10068 -652 -1142 244 44 1
-1 14328 9732 124 -801 77 -1148 1
-1 14328 9732 124 -801 77 -1148 1
-1 13656 10108 -340 -449 131 -1968 1
-1 13656 10108 -340 -449 131 -1968 1
-1 13348 10604 -216 -432 14 -1409 1
-1 13348 10604 -216 -432 14 -1409 1
-1 13308 10684 20 -592 -98 -545 1
-1 13308 10684 20 -592 -98 -545 1
-1 13128 10148 -468 -465 -476 -333 1
-1 13128 10148 -468 -465 -476 -333 1
-1 13428 10524 -24 -235 202 -1405 1
-1 13428 10524 -24 -235 202 -1405 1
-1 13992 10072 -600 -787 -1101 -767 1
-1 13992 10072 -600 -787 -1101 -767 1
-1 14008 9360 -332 -1001 1310 -5154 1
-1 14008 9360 -332 -1001 1310 -5154 1
-1 12748 10252 312 105 58 -1781 1
-1 12748 10252 312 105 58 -1781 1
-1 12704 11640 -4 -428 -2 -1567 1
-1 12704 11640 -4 -428 -2 -1567 1
-1 12584 11300 36 -11 18 -1479 1
-1 12584 11300 36 -11 18 -1479 1
-1 12648 11684 352 26 -388 -973 1
-1 12648 11684 352 26 -388 -973 1
-1 12748 11508 208 -113 -269 -1394 1
-1 12748 11508 208 -113 -269 -1394 1
-1 12548 11856 540 -10 -593 -1329 1
-1 12548 11856 540 -10 -593 -1329 1
-1 12008 11572 -204 325 26 -2324 1
-1 12008 11572 -204 325 26 -2324 1
-1 12100 11720 108 140 -1134 467 1
-1 12100 11720 108 140 -1134 467 1
-1 12152 12440 272 1547 -1562 303 1
-1 12152 12440 272 1547 -1562 303 1
-1 12992 12596 636 918 -1143 -448 1
-1 12992 12596 636 918 -1143 -448 1
-1 12280 11712 -304 -337 465 -3393 1
-1 12280 11712 -304 -337 465 -3393 1
-1 11628 11732 -496 0 322 -2859 1
-1 11628 11732 -496 0 322 -2859 1
-1 11172 11980 -468 290 162 -2643 1
-1 11172 11980 -468 290 162 -2643 1
-1 10948 12236 -752 197 427 -3182 1
-1 10948 12236 -752 197 427 -3182 1
-1 11376 12464 20 -175 402 -2706 1
-1 11376 12464 20 -175 402 -2706 1
-1 10336 12528 -360 -236 768 -3236 1
-1 10336 12528 -360 -236 768 -3236 1
-1 10052 13016 -72 -44 1731 -3892 1
-1 10052 13016 -72 -44 1731 -3892 1
-1 9800 13276 244 -142 2391 -5479 1
-1 9800 13276 244 -142 2391 -5479 1
-1 9160 14528 952 -484 2386 -6858 1
-1 9160 14528 952 -484 2386 -6858 1
-1 8216 14356 736 -353 1379 -3488 1
-1 8216 14356 736 -353 1379 -3488 1
-1 7836 14452 1052 -525 3020 -7210 1
-1 7836 14452 1052 -525 3020 -7210 1
-1 7828 14872 1792 -183 2670 -7899 1
-1 7828 14872 1792 -183 2670 -7899 1
-1 5968 15412 1228 271 2723 -8307 1
-1 5968 15412 1228 271 2723 -8307 1
