-1 880 16492 -900 -524 -223 507 1
-1 880 16492 -900 -524 -223 507 1
-1 1012 16388 -980 -747 -420 262 1
-1 1012 16388 -980 -747 -420 262 1
-1 380 16644 -652 -824 54 -39 1
-1 380 16644 -652 -824 54 -39 1
-1 836 16544 -476 -716 -428 -78 1
-1 836 16544 -476 -716 -428 -78 1
-1 168 16044 -576 -986 -1444 1381 1
-1 168 16044 -576 -986 -1444 1381 1
-1 1048 16276 -440 -247 -476 680 1
-1 1048 16276 -440 -247 -476 680 1
-1 848 16556 -128 -179 -627 408 1
-1 848 16556 -128 -179 -627 408 1
-1 1264 16508 100 -243 -291 47 1
-1 1264 16508 100 -243 -291 47 1
-1 1092 16212 52 -29 -319 -196 1
-1 1092 16212 52 -29 -319 -196 1
-1 1376 16004 -220 35 1 -812 1
-1 1376 16004 -220 35 1 -812 1
-1 784 16108 8 261 -709 -59 1
-1 784 16108 8 261 -709 -59 1
-1 700 16500 368 637 -522 -316 1
-1 700 16500 368 637 -522 -316 1
-1 672 16404 -96 169 -618 -331 1
-1 672 16404 -96 169 -618 -331 1
-1 552 16960 560 553 331 -458 1
-1 552 16960 560 553 331 -458 1
-1 332 16548 552 177 1 -507 1
-1 332 16548 552 177 1 -507 1
-1 1244 15972 136 44 -228 92 1
-1 1244 15972 136 44 -228 92 1
-1 920 15784 -484 206 -4 -661 1
-1 920 15784 -484 206 -4 -661 1
-1 -300 16768 592 57 486 -509 1
-1 -300 16768 592 57 486 -509 1
-1 372 16280 200 -302 280 -366 1
-1 372 16280 200 -302 280 -366 1
-1 420 16620 376 153 824 -476 1
-1 420 16620 376 153 824 -476 1
-1 800 15952 -124 344 288 4 1
-1 800 15952 -124 344 288 4 1
-1 36 16376 528 -761 100 -922 1
-1 36 16376 528 -761 100 -922 1
-1 8 15924 -308 -667 -171 -192 1
-1 8 15924 -308 -667 -171 -192 1
-1 -756 16616 660 -240 100 624 1
-1 -756 16616 660 -240 100 624 1
-1 440 16668 1680 -508 1025 -992 1
-1 440 16668 1680 -508 1025 -992 1
-1 -152 16084 568 -617 346 -666 1
-1 -152 16084 568 -617 346 -666 1
-1 -108 16500 860 -438 644 -682 1
-1 -108 16500 860 -438 644 -682 1
-1 -508 16380 1188 -759 681 -160 1
-1 -508 16380 1188 -759 681 -160 1
-1 468 16164 680 -746 119 424 1
-1 468 16164 680 -746 119 424 1
-1 244 16220 1032 -408 433 -655 1
-1 244 16220 1032 -408 433 -655 1
-1 200 16368 1508 -323 -183 65 1
-1 200 16368 1508 -323 -183 65 1
-1 152 16064 1320 -474 344 -915 1
-1 152 16064 1320 -474 344 -915 1
-1 20 15872 1004 -518 11 -606 1
-1 20 15872 1004 -518 11 -606 1
-1 -552 16524 2188 -47 657 -1008 1
-1 -552 16524 2188 -47 657 -1008 1
-1 -580 16436 2168 -136 1 171 1
-1 -580 16436 2168 -136 1 171 1
-1 -600 16040 1228 -47 -131 -453 1
-1 -600 16040 1228 -47 -131 -453 1
-1 -536 16508 2184 18 -126 487 1
-1 -536 16508 2184 18 -126 487 1
-1 316 15600 1220 81 -148 -282 1
-1 316 15600 1220 81 -148 -282 1
-1 -412 16112 1740 180 34 -139 1
-1 -412 16112 1740 180 34 -139 1
-1 -140 16352 2200 -26 -404 483 1
-1 -140 16352 2200 -26 -404 483 1
-1 -196 16288 1980 55 13 153 1
-1 -196 16288 1980 55 13 153 1
-1 16 16288 2008 70 -348 406 1
-1 16 16288 2008 70 -348 406 1
-1 0 16312 1996 375 104 -56 1
-1 0 16312 1996 375 104 -56 1
-1 -620 16792 2304 894 506 -589 1
-1 -620 16792 2304 894 506 -589 1
-1 -392 17552 2708 1709 647 -1083 1
-1 -392 17552 2708 1709 647 -1083 1
-1 -600 17788 2276 2643 297 -387 1
-1 -600 17788 2276 2643 297 -387 1
-1 -132 18632 2508 3196 1547 -2610 1
-1 -132 18632 2508 3196 1547 -2610 1
-1 -1808 18484 636 3920 110 -192 1
-1 -1808 18484 636 3920 110 -192 1
-1 -408 18708 448 3594 -356 4052 1
-1 -408 18708 448 3594 -356 4052 1
-1 96 18264 4 3258 -982 5285 1
-1 96 18264 4 3258 -982 5285 1
-1 608 16796 -1236 2272 1682 9047 1
-1 608 16796 -1236 2272 1682 9047 1
-1 3380 15712 1620 3483 -549 17156 1
-1 3380 15712 1620 3483 -549 17156 1
-1 3944 13620 -1840 2390 -757 8185 1
-1 3944 13620 -1840 2390 -757 8185 1
-1 5020 13680 -2248 1789 -3995 6789 1
-1 5020 13680 -2248 1789 -3995 6789 1
-1 1792 14720 -2748 2239 -1859 7566 1
-1 1792 14720 -2748 2239 -1859 7566 1
-1 4888 13940 -1768 522 115 7677 1
-1 4888 13940 -1768 522 115 7677 1
-1 6208 14044 -2040 -48 -3596 9659 1
-1 6208 14044 -2040 -48 -3596 9659 1
-1 7324 13300 -2016 -995 -2774 10815 1
-1 7324 13300 -2016 -995 -2774 10815 1
-1 9580 12132 -1932 -1011 -2128 9033 1
-1 9580 12132 -1932 -1011 -2128 9033 1
-1 7708 11728 -3084 -1747 -1554 8406 1
-1 7708 11728 -3084 -1747 -1554 8406 1
-1 11716 13240 -1056 -1687 -2320 8647 1
-1 11716 13240 -1056 -1687 -2320 8647 1
-1 11020 11944 -1256 -938 -1056 6192 1
-1 11020 11944 -1256 -938 -1056 6192 1
-1 12784 11332 -1108 -261 -319 3605 1
-1 12784 11332 -1108 -261 -319 3605 1
-1 11212 11408 -1232 -303 -1269 2379 1
-1 11212 11408 -1232 -303 -1269 2379 1
-1 12724 12628 -928 722 142 1724 1
-1 12724 12628 -928 722 142 1724 1
-1 12732 12512 -1048 984 456 2233 1
-1 12732 12512 -1048 984 456 2233 1
-1 12908 10708 -1224 321 328 2916 1
-1 12908 10708 -1224 321 328 2916 1
-1 13276 10464 -1316 357 239 1365 1
-1 13276 10464 -1316 357 239 1365 1
-1 13116 10960 -852 -233 42 804 1
-1 13116 10960 -852 -233 42 804 1
-1 13748 10608 -1232 308 85 -84 1
-1 13748 10608 -1232 308 85 -84 1
-1 12988 11036 -840 92 493 -818 1
-1 12988 11036 -840 92 493 -818 1
-1 13828 10696 -1064 -734 -979 473 1
-1 13828 10696 -1064 -734 -979 473 1
-1 12996 10648 -1232 -248 -751 445 1
-1 12996 10648 -1232 -248 -751 445 1
-1 13548 11560 -204 -246 75 -621 1
-1 13548 11560 -204 -246 75 -621 1
-1 13464 10584 -2072 -410 222 1334 1
-1 13464 10584 -2072 -410 222 1334 1
-1 13300 10268 -1064 -130 498 504 1
-1 13300 10268 -1064 -130 498 504 1
-1 13488 10480 -1036 -552 -106 59 1
-1 13488 10480 -1036 -552 -106 59 1
-1 12864 10384 -1392 -621 -223 397 1
-1 12864 10384 -1392 -621 -223 397 1
-1 13232 10880 -532 -549 -413 -69 1
-1 13232 10880 -532 -549 -413 -69 1
-1 13400 9952 -1752 -616 -7 -1459 1
-1 13400 9952 -1752 -616 -7 -1459 1
-1 13708 10748 -564 -453 243 -2226 1
-1 13708 10748 -564 -453 243 -2226 1
-1 12216 11200 -936 -673 -317 -1013 1
-1 12216 11200 -936 -673 -317 -1013 1
-1 13000 11020 -740 -414 -446 -1535 1
-1 13000 11020 -740 -414 -446 -1535 1
-1 12804 11416 -428 -536 -406 -948 1
-1 12804 11416 -428 -536 -406 -948 1
-1 12504 11692 -548 -360 135 -1735 1
-1 12504 11692 -548 -360 135 -1735 1
-1 12844 11376 -40 -556 -268 -910 1
-1 12844 11376 -40 -556 -268 -910 1
-1 12276 11472 -460 -282 251 -1753 1
-1 12276 11472 -460 -282 251 -1753 1
-1 12652 11428 -264 -432 -285 -1123 1
-1 12652 11428 -264 -432 -285 -1123 1
-1 12160 11552 -620 -548 261 -1695 1
-1 12160 11552 -620 -548 261 -1695 1
-1 11960 11960 -348 -431 174 -1432 1
-1 11960 11960 -348 -431 174 -1432 1
-1 11660 12364 216 -190 662 -2180 1
-1 11660 12364 216 -190 662 -2180 1
-1 11648 11828 -316 -397 -289 -1073 1
-1 11648 11828 -316 -397 -289 -1073 1
-1 11876 12380 444 301 99 -2039 1
-1 11876 12380 444 301 99 -2039 1
-1 11680 12032 28 411 245 -3003 1
-1 11680 12032 28 411 245 -3003 1
-1 11156 12364 316 589 -184 -3045 1
-1 11156 12364 316 589 -184 -3045 1
-1 10600 12848 -96 515 1135 -4308 1
-1 10600 12848 -96 515 1135 -4308 1
-1 10516 13792 168 653 249 -3066 1
-1 10516 13792 168 653 249 -3066 1
-1 10080 14080 280 721 759 -3645 1
-1 10080 14080 280 721 759 -3645 1
-1 9748 14184 136 672 1360 -5414 1
-1 9748 14184 136 672 1360 -5414 1
-1 9284 14400 860 488 1272 -5623 1
-1 9284 14400 860 488 1272 -5623 1
-1 8028 15016 316 -175 1237 -6821 1
-1 8028 15016 316 -175 1237 -6821 1
-1 7964 13852 296 784 1886 -7439 1
-1 7964 13852 296 784 1886 -7439 1
-1 6828 15320 472 -565 2095 -10598 1
-1 6828 15320 472 -565 2095 -10598 1
-1 6084 15432 424 776 2226 -7631 1
-1 6084 15432 424 776 2226 -7631 1
-1 4188 16016 344 454 1418 -5052 1
-1 4188 16016 344 454 1418 -5052 1
-1 4548 15696 340 508 1885 -5166 1
-1 4548 15696 340 508 1885 -5166 1
-1 4004 16144 844 497 2753 -6917 1
-1 4004 16144 844 497 2753 -6917 1
-1 3412 16212 1028 118 1086 -6880 1
-1 3412 16212 1028 118 1086 -6880 1
-1 2628 16092 1076 533 1492 -5911 1
-1 2628 16092 1076 533 1492 -5911 1
-1 1560 16088 880 780 676 -3898 1
-1 1560 16088 880 780 676 -3898 1
-1 816 16340 604 656 573 -3898 1
-1 816 16340 604 656 573 -3898 1
-1 292 16308 744 580 1424 -4641 1
-1 292 16308 744 580 1424 -4641 1
-1 -348 16168 552 30 1158 -4045 1
-1 -348 16168 552 30 1158 -4045 1
-1 -208 15712 780 -168 1020 -4969 1
-1 -208 15712 780 -168 1020 -4969 1
-1 -1332 15960 824 186 1159 -3890 1
-1 -1332 15960 824 186 1159 -3890 1
-1 -1572 16024 988 221 1216 -3263 1
-1 -1572 16024 988 221 1216 -3263 1
-1 -1928 15736 536 436 1785 -5308 1
-1 -1928 15736 536 436 1785 -5308 1
-1 -2888 16100 1056 610 989 -3940 1
-1 -2888 16100 1056 610 989 -3940 1
-1 -3340 15452 492 658 2221 -5839 1
-1 -3340 15452 492 658 2221 -5839 1
-1 -4132 15792 192 -359 2465 -5823 1
-1 -4132 15792 192 -359 2465 -5823 1
-1 -4792 16060 996 -555 971 -1999 1
-1 -4792 16060 996 -555 971 -1999 1
-1 -3732 15564 608 -348 1473 -3788 1
-1 -3732 15564 608 -348 1473 -3788 1
-1 -4836 16092 1604 -561 115 -1434 1
-1 -4836 16092 1604 -561 115 -1434 1
-1 -5352 15224 836 -251 818 -1995 1
-1 -5352 15224 836 -251 818 -1995 1
-1 -5216 15144 984 -361 168 -914 1
