-1 1840 16060 -3556 -471 -782 459 1
-1 1840 16060 -3556 -471 -782 459 1
-1 912 16672 -3952 -619 -102 490 1
-1 912 16672 -3952 -619 -102 490 1
-1 1288 16400 -3672 -445 -151 658 1
-1 1288 16400 -3672 -445 -151 658 1
-1 2312 16300 -2992 -636 486 -279 1
-1 2312 16300 -2992 -636 486 -279 1
-1 1656 16704 -2936 -575 701 -335 1
-1 1656 16704 -2936 -575 701 -335 1
-1 1652 16836 -2528 -526 365 132 1
-1 1652 16836 -2528 -526 365 132 1
-1 1560 16600 -2200 -540 666 -296 1
-1 1560 16600 -2200 -540 666 -296 1
-1 1296 16472 -2692 -745 45 312 1
-1 1296 16472 -2692 -745 45 312 1
-1 1772 15876 -2644 -1008 253 -214 1
-1 1772 15876 -2644 -1008 253 -214 1
-1 2076 16288 -2520 -1095 -299 -7 1
-1 2076 16288 -2520 -1095 -299 -7 1
-1 1456 16452 -2604 -1182 130 -950 1
-1 1456 16452 -2604 -1182 130 -950 1
-1 1068 16588 -2288 -1130 -30 -209 1
-1 1068 16588 -2288 -1130 -30 -209 1
-1 820 16872 -1904 -1057 72 42 1
-1 820 16872 -1904 -1057 72 42 1
-1 1344 16676 -1648 -810 766 -793 1
-1 1344 16676 -1648 -810 766 -793 1
-1 1408 16168 -1868 -694 139 -141 1
-1 1408 16168 -1868 -694 139 -141 1
-1 1480 16344 -1712 -657 619 -535 1
-1 1480 16344 -1712 -657 619 -535 1
-1 1200 16112 -1664 -706 389 -776 1
-1 1200 16112 -1664 -706 389 -776 1
-1 1464 16384 -1164 -569 50 -271 1
-1 1464 16384 -1164 -569 50 -271 1
-1 1068 16364 -796 -755 900 -1591 1
-1 1068 16364 -796 -755 900 -1591 1
-1 1020 15736 -1536 -1186 -60 -686 1
-1 1020 15736 -1536 -1186 -60 -686 1
-1 1284 16044 -792 -903 -411 -646 1
-1 1284 16044 -792 -903 -411 -646 1
-1 976 16196 -964 -1004 -126 -1713 1
-1 976 16196 -964 -1004 -126 -1713 1
-1 444 16820 -640 -935 321 -1206 1
-1 444 16820 -640 -935 321 -1206 1
-1 376 16984 -132 -761 607 -682 1
-1 376 16984 -132 -761 607 -682 1
-1 -28 16592 -420 -931 -273 -471 1
-1 -28 16592 -420 -931 -273 -471 1
-1 764 16276 -8 -963 -639 -16 1
-1 764 16276 -8 -963 -639 -16 1
-1 872 16348 116 -776 -101 -1250 1
-1 872 16348 116 -776 -101 -1250 1
-1 260 16732 1048 -249 115 -1668 1
-1 260 16732 1048 -249 115 -1668 1
-1 980 17376 1520 -217 335 1652 1
-1 980 17376 1520 -217 335 1652 1
-1 124 16904 304 420 232 -421 1
-1 124 16904 304 420 232 -421 1
-1 212 16784 108 291 -733 -464 1
-1 212 16784 108 291 -733 -464 1
-1 -308 16652 404 386 202 -1419 1
-1 -308 16652 404 386 202 -1419 1
-1 76 16732 560 406 -169 -541 1
-1 76 16732 560 406 -169 -541 1
-1 564 16992 1016 24 50 168 1
-1 564 16992 1016 24 50 168 1
-1 -268 16768 480 391 206 -195 1
-1 -268 16768 480 391 206 -195 1
-1 -504 16724 556 791 335 -180 1
-1 -504 16724 556 791 335 -180 1
-1 396 16636 376 418 416 270 1
-1 396 16636 376 418 416 270 1
-1 300 16572 316 951 419 -394 1
-1 300 16572 316 951 419 -394 1
-1 -112 17000 756 1704 -136 -378 1
-1 -112 17000 756 1704 -136 -378 1
-1 -268 17864 1096 1541 90 19 1
-1 -268 17864 1096 1541 90 19 1
-1 72 18528 864 1600 -10 640 1
-1 72 18528 864 1600 -10 640 1
-1 -44 18100 448 818 -624 2896 1
-1 -44 18100 448 818 -624 2896 1
-1 704 17000 -464 1871 439 1362 1
-1 704 17000 -464 1871 439 1362 1
-1 992 18140 -500 2029 -1079 3625 1
-1 992 18140 -500 2029 -1079 3625 1
-1 1316 17796 -784 2137 -173 2562 1
-1 1316 17796 -784 2137 -173 2562 1
-1 924 17892 -1412 2381 -181 4113 1
-1 924 17892 -1412 2381 -181 4113 1
-1 2352 16636 -1544 1667 -181 5287 1
-1 2352 16636 -1544 1667 -181 5287 1
-1 2304 16048 -2084 1713 345 4333 1
-1 2304 16048 -2084 1713 345 4333 1
-1 1996 16360 -1456 1647 2 5286 1
-1 1996 16360 -1456 1647 2 5286 1
-1 2608 16192 -1632 1886 -699 6431 1
-1 2608 16192 -1632 1886 -699 6431 1
-1 4100 15024 -1868 2007 -870 6853 1
-1 4100 15024 -1868 2007 -870 6853 1
-1 4380 14708 -1452 2206 -1454 6796 1
-1 4380 14708 -1452 2206 -1454 6796 1
-1 5332 13272 -2284 390 -1289 6507 1
-1 5332 13272 -2284 390 -1289 6507 1
-1 6028 12744 -3136 -1958 -1028 7250 1
-1 6028 12744 -3136 -1958 -1028 7250 1
-1 7112 12452 -2812 -2458 -286 6614 1
-1 7112 12452 -2812 -2458 -286 6614 1
-1 7868 12936 -1824 -3020 -2395 7080 1
-1 7868 12936 -1824 -3020 -2395 7080 1
-1 8876 13456 -1484 -2682 -1033 6511 1
-1 8876 13456 -1484 -2682 -1033 6511 1
-1 10172 14308 -512 -1846 -790 3944 1
-1 10172 14308 -512 -1846 -790 3944 1
-1 10048 14452 -220 -724 58 3906 1
-1 10048 14452 -220 -724 58 3906 1
-1 9376 14416 -1136 334 -2082 7557 1
-1 9376 14416 -1136 334 -2082 7557 1
-1 10436 12928 -1600 270 -1222 7087 1
-1 10436 12928 -1600 270 -1222 7087 1
-1 11252 12424 -1644 -609 -1650 7274 1
-1 11252 12424 -1644 -609 -1650 7274 1
-1 12572 11176 -1264 -1397 -1371 9296 1
-1 12572 11176 -1264 -1397 -1371 9296 1
-1 14156 11036 -424 -1734 -1100 7906 1
-1 14156 11036 -424 -1734 -1100 7906 1
-1 14636 9828 -720 -1091 -43 4303 1
-1 14636 9828 -720 -1091 -43 4303 1
-1 13904 9588 -1420 -1605 -96 1722 1
-1 13904 9588 -1420 -1605 -96 1722 1
-1 13724 9468 -1016 -1240 -1863 6488 1
-1 13724 9468 -1016 -1240 -1863 6488 1
-1 14376 8456 -580 -1026 -1620 7112 1
-1 14376 8456 -580 -1026 -1620 7112 1
-1 14532 8424 -1088 -1452 -688 7229 1
-1 14532 8424 -1088 -1452 -688 7229 1
-1 15836 6648 -964 -1249 -422 6227 1
-1 15836 6648 -964 -1249 -422 6227 1
-1 16120 6628 -1328 -992 -268 4591 1
-1 16120 6628 -1328 -992 -268 4591 1
-1 16696 6220 -836 -418 1820 -467 1
-1 16696 6220 -836 -418 1820 -467 1
-1 16556 5848 -656 -452 767 -1879 1
-1 16556 5848 -656 -452 767 -1879 1
-1 15284 6572 -236 306 357 -1869 1
-1 15284 6572 -236 306 357 -1869 1
-1 15220 7028 -44 152 -115 -610 1
-1 15220 7028 -44 152 -115 -610 1
-1 14848 6284 -848 -447 1266 -1317 1
-1 14848 6284 -848 -447 1266 -1317 1
-1 15588 6688 -632 -879 111 -2123 1
-1 15588 6688 -632 -879 111 -2123 1
-1 15784 7744 368 -895 655 -3829 1
-1 15784 7744 368 -895 655 -3829 1
-1 15008 7924 -224 -1064 676 -4430 1
-1 15008 7924 -224 -1064 676 -4430 1
-1 15156 8692 868 -1909 -160 -3628 1
-1 15156 8692 868 -1909 -160 -3628 1
-1 14456 8336 -184 -750 -316 -2330 1
-1 14456 8336 -184 -750 -316 -2330 1
-1 15100 9376 764 -169 88 -3913 1
-1 15100 9376 764 -169 88 -3913 1
-1 13572 9264 56 -224 693 -3573 1
-1 13572 9264 56 -224 693 -3573 1
-1 13116 9636 304 -315 -716 -1112 1
-1 13116 9636 304 -315 -716 -1112 1
-1 13880 9976 784 -615 334 -2325 1
-1 13880 9976 784 -615 334 -2325 1
-1 13640 9264 188 92 1132 -4385 1
-1 13640 9264 188 92 1132 -4385 1
-1 12896 11120 1136 621 2141 -6734 1
-1 12896 11120 1136 621 2141 -6734 1
-1 12260 11656 1236 67 1658 -6150 1
-1 12260 11656 1236 67 1658 -6150 1
-1 11732 12076 1400 459 1810 -7394 1
-1 11732 12076 1400 459 1810 -7394 1
-1 10808 11608 152 -363 1219 -5657 1
-1 10808 11608 152 -363 1219 -5657 1
-1 11200 12316 1192 532 1224 -6218 1
-1 11200 12316 1192 532 1224 -6218 1
-1 10444 13220 1764 824 1586 -6561 1
-1 10444 13220 1764 824 1586 -6561 1
-1 9632 13608 1512 724 1514 -5885 1
-1 9632 13608 1512 724 1514 -5885 1
-1 8596 14000 1336 968 1201 -5340 1
-1 8596 14000 1336 968 1201 -5340 1
-1 9356 15096 3076 2261 1222 -7174 1
-1 9356 15096 3076 2261 1222 -7174 1
-1 7220 14804 1752 186 1418 -9540 1
-1 7220 14804 1752 186 1418 -9540 1
-1 6568 15124 1920 900 1476 -9628 1
-1 6568 15124 1920 900 1476 -9628 1
-1 4592 15480 1540 1178 2257 -10989 1
-1 4592 15480 1540 1178 2257 -10989 1
-1 4256 15396 948 872 628 -6661 1
-1 4256 15396 948 872 628 -6661 1
-1 4284 15480 1188 477 1242 -8358 1
-1 4284 15480 1188 477 1242 -8358 1
-1 2644 15876 1716 1048 1170 -8502 1
-1 2644 15876 1716 1048 1170 -8502 1
-1 2356 16060 1784 1090 829 -7321 1
-1 2356 16060 1784 1090 829 -7321 1
-1 100 15060 516 1169 558 -5395 1
-1 100 15060 516 1169 558 -5395 1
-1 552 15764 1168 456 301 -4487 1
-1 552 15764 1168 456 301 -4487 1
-1 316 16284 1916 288 1050 -5904 1
-1 316 16284 1916 288 1050 -5904 1
-1 -1836 16728 1452 413 1540 -5964 1
-1 -1836 16728 1452 413 1540 -5964 1
-1 -1912 16980 1496 1014 135 -4780 1
-1 -1912 16980 1496 1014 135 -4780 1
-1 -2964 16192 904 1907 979 -5144 1
-1 -2964 16192 904 1907 979 -5144 1
-1 -3332 16072 852 437 797 -3716 1
-1 -3332 16072 852 437 797 -3716 1
-1 -3140 16348 1452 -229 1561 -5824 1
-1 -3140 16348 1452 -229 1561 -5824 1
-1 -4008 16152 1740 836 2285 -7468 1
-1 -4008 16152 1740 836 2285 -7468 1
-1 -4856 15380 1256 -535 1678 -6146 1
-1 -4856 15380 1256 -535 1678 -6146 1
-1 -4788 14460 580 -416 885 -4580 1
-1 -4788 14460 580 -416 885 -4580 1
-1 -5796 14252 524 -40 1367 -4701 1
-1 -5796 14252 524 -40 1367 -4701 1
-1 -6044 14992 1808 -13 1741 -4641 1
-1 -6044 14992 1808 -13 1741 -4641 1
-1 -8628 14148 1080 434 1321 -3513 1
-1 -8628 14148 1080 434 1321 -3513 1
-1 -6948 14472 928 613 165 -1161 1
-1 -6948 14472 928 613 165 -1161 1
-1 -7748 13388 -724 357 1283 -2387 1
-1 -7748 13388 -724 357 1283 -2387 1
-1 -7608 14668 1004 -154 989 -1756 1
-1 -7608 14668 1004 -154 989 -1756 1
-1 -8484 13840 -16 -217 1305 -1701 1
-1 -8484 13840 -16 -217 1305 -1701 1
-1 -8632 13716 480 -505 974 -978 1
-1 -8632 13716 480 -505 974 -978 1
-1 -8388 13336 464 -198 1241 -486 1
-1 -8388 13336 464 -198 1241 -486 1
-1 -9160 13968 1384 -81 1675 103 1
-1 -9160 13968 1384 -81 1675 103 1
-1 -8092 13520 432 418 1611 317 1
-1 -8092 13520 432 418 1611 317 1
-1 -7912 13724 720 142 1502 -373 1
