-1 1424 16852 280 -139 378 -516 1
-1 1424 16852 280 -139 378 -516 1
-1 520 16608 -252 -193 345 -792 1
-1 520 16608 -252 -193 345 -792 1
-1 856 16264 -344 88 -141 -83 1
-1 856 16264 -344 88 -141 -83 1
-1 712 16336 -88 203 397 -816 1
-1 712 16336 -88 203 397 -816 1
-1 792 16204 -84 -70 333 -631 1
-1 792 16204 -84 -70 333 -631 1
-1 340 16460 -380 104 60 -439 1
-1 340 16460 -380 104 60 -439 1
-1 404 16492 84 6 404 -665 1
-1 404 16492 84 6 404 -665 1
-1 424 16224 28 -118 106 -599 1
-1 424 16224 28 -118 106 -599 1
-1 240 16232 -212 -172 -38 -453 1
-1 240 16232 -212 -172 -38 -453 1
-1 272 16320 524 -249 187 -516 1
-1 272 16320 524 -249 187 -516 1
-1 244 16284 480 -369 -229 -233 1
-1 244 16284 480 -369 -229 -233 1
-1 244 16016 -28 -538 -105 -778 1
-1 244 16016 -28 -538 -105 -778 1
-1 324 16204 644 -531 -161 -283 1
-1 324 16204 644 -531 -161 -283 1
-1 96 16424 532 -611 20 -657 1
-1 96 16424 532 -611 20 -657 1
-1 -8 16652 928 -618 -294 259 1
-1 -8 16652 928 -618 -294 259 1
-1 -356 16352 892 -101 282 -201 1
-1 -356 16352 892 -101 282 -201 1
-1 -696 15696 1016 -66 -458 1539 1
-1 -696 15696 1016 -66 -458 1539 1
-1 -316 16216 840 -236 -379 503 1
-1 -316 16216 840 -236 -379 503 1
-1 380 16876 1668 -154 722 -853 1
-1 380 16876 1668 -154 722 -853 1
-1 -164 16552 1364 -538 96 -543 1
-1 -164 16552 1364 -538 96 -543 1
-1 132 16404 776 -193 82 -276 1
-1 132 16404 776 -193 82 -276 1
-1 376 16600 1956 -379 694 -1184 1
-1 376 16600 1956 -379 694 -1184 1
-1 -408 16352 1540 384 626 39 1
-1 -408 16352 1540 384 626 39 1
-1 536 15768 1680 394 1559 -1915 1
-1 536 15768 1680 394 1559 -1915 1
-1 196 15288 776 959 1251 -1421 1
-1 196 15288 776 959 1251 -1421 1
-1 -688 16276 1332 -297 170 -1447 1
-1 -688 16276 1332 -297 170 -1447 1
-1 -600 16172 832 -522 412 -1164 1
-1 -600 16172 832 -522 412 -1164 1
-1 -580 16032 844 -350 159 92 1
-1 -580 16032 844 -350 159 92 1
-1 -552 16592 1352 -591 128 -597 1
-1 -552 16592 1352 -591 128 -597 1
-1 -640 16296 1404 -808 -18 190 1
-1 -640 16296 1404 -808 -18 190 1
-1 -504 16824 1960 -458 763 -821 1
-1 -504 16824 1960 -458 763 -821 1
-1 -972 16636 2048 -249 1028 -1571 1
-1 -972 16636 2048 -249 1028 -1571 1
-1 -652 16492 1876 -23 -356 561 1
-1 -652 16492 1876 -23 -356 561 1
-1 -948 16380 2824 -263 68 -414 1
-1 -948 16380 2824 -263 68 -414 1
-1 -880 15816 2012 -245 170 -915 1
-1 -880 15816 2012 -245 170 -915 1
-1 -1224 15840 2036 -118 355 -1189 1
-1 -1224 15840 2036 -118 355 -1189 1
-1 -1532 15792 2004 -163 308 -337 1
-1 -1532 15792 2004 -163 308 -337 1
-1 -692 15960 2140 -140 93 -1210 1
-1 -692 15960 2140 -140 93 -1210 1
-1 -1368 16372 2252 20 308 -1406 1
-1 -1368 16372 2252 20 308 -1406 1
-1 -1768 16748 2484 326 -208 -485 1
-1 -1768 16748 2484 326 -208 -485 1
-1 -1820 16408 2176 491 487 -514 1
-1 -1820 16408 2176 491 487 -514 1
-1 -1524 16104 2224 778 138 -384 1
-1 -1524 16104 2224 778 138 -384 1
-1 -2028 16084 2572 727 481 -408 1
-1 -2028 16084 2572 727 481 -408 1
-1 -1944 16612 2644 1091 989 -1096 1
-1 -1944 16612 2644 1091 989 -1096 1
-1 -1384 17836 3300 1723 -283 802 1
-1 -1384 17836 3300 1723 -283 802 1
-1 -1696 18564 2400 2707 -518 2063 1
-1 -1696 18564 2400 2707 -518 2063 1
-1 -732 18816 2588 3359 -550 4424 1
-1 -732 18816 2588 3359 -550 4424 1
-1 -1044 19344 1960 4573 1035 3790 1
-1 -1044 19344 1960 4573 1035 3790 1
-1 -1600 18556 -276 4787 -198 6482 1
-1 -1600 18556 -276 4787 -198 6482 1
-1 1280 17508 -972 3709 -208 8080 1
-1 1280 17508 -972 3709 -208 8080 1
-1 2440 15980 -660 3975 -479 7401 1
-1 2440 15980 -660 3975 -479 7401 1
-1 1588 13696 -2812 3151 -1708 8526 1
-1 1588 13696 -2812 3151 -1708 8526 1
-1 2928 13104 -2524 951 -3161 9679 1
-1 2928 13104 -2524 951 -3161 9679 1
-1 5152 13536 -676 -112 -3172 7131 1
-1 5152 13536 -676 -112 -3172 7131 1
-1 4988 13480 -1836 312 -2571 6477 1
-1 4988 13480 -1836 312 -2571 6477 1
-1 5836 12004 -2016 -1283 -4730 10411 1
-1 5836 12004 -2016 -1283 -4730 10411 1
-1 6960 12988 -2516 -2496 -6438 12136 1
-1 6960 12988 -2516 -2496 -6438 12136 1
-1 9252 13072 -1404 -2175 -5411 10009 1
-1 9252 13072 -1404 -2175 -5411 10009 1
-1 9928 13008 -1880 -1664 -3740 9501 1
-1 9928 13008 -1880 -1664 -3740 9501 1
-1 10708 13600 -600 -830 558 4217 1
-1 10708 13600 -600 -830 558 4217 1
-1 9588 12928 -1436 -144 -956 6671 1
-1 9588 12928 -1436 -144 -956 6671 1
-1 12264 13004 -736 593 1457 2419 1
-1 12264 13004 -736 593 1457 2419 1
-1 12332 11796 -2104 781 -223 3515 1
-1 12332 11796 -2104 781 -223 3515 1
-1 12224 12744 -1024 712 -279 2798 1
-1 12224 12744 -1024 712 -279 2798 1
-1 12972 10956 -2020 833 1033 825 1
-1 12972 10956 -2020 833 1033 825 1
-1 12116 11072 -1864 694 -16 937 1
-1 12116 11072 -1864 694 -16 937 1
-1 12368 11220 -1360 437 195 1135 1
-1 12368 11220 -1360 437 195 1135 1
-1 12840 11584 -1124 40 -265 1563 1
-1 12840 11584 -1124 40 -265 1563 1
-1 12492 11292 -1512 94 485 1128 1
-1 12492 11292 -1512 94 485 1128 1
-1 13124 10792 -1736 194 261 -784 1
-1 13124 10792 -1736 194 261 -784 1
-1 12728 11292 -1444 54 -25 -381 1
-1 12728 11292 -1444 54 -25 -381 1
-1 13216 11368 -1476 -67 -215 -1124 1
-1 13216 11368 -1476 -67 -215 -1124 1
-1 12444 11348 -1532 20 305 -1158 1
-1 12444 11348 -1532 20 305 -1158 1
-1 13440 11348 -948 844 764 -2325 1
-1 13440 11348 -948 844 764 -2325 1
-1 11448 12028 -1336 1859 1943 -3021 1
-1 11448 12028 -1336 1859 1943 -3021 1
-1 10876 12608 -1844 1198 155 -1275 1
-1 10876 12608 -1844 1198 155 -1275 1
-1 11760 12464 -1440 789 -1079 477 1
-1 11760 12464 -1440 789 -1079 477 1
-1 12012 11844 -1760 -602 -864 -1078 1
-1 12012 11844 -1760 -602 -864 -1078 1
-1 11356 12436 -2108 134 -210 -2912 1
-1 11356 12436 -2108 134 -210 -2912 1
-1 11248 13352 -656 263 -536 -1832 1
-1 11248 13352 -656 263 -536 -1832 1
-1 11004 13212 -900 1144 258 -3370 1
-1 11004 13212 -900 1144 258 -3370 1
-1 10280 12332 -1864 273 28 -3429 1
-1 10280 12332 -1864 273 28 -3429 1
-1 10932 12712 -1192 -266 -968 -3589 1
-1 10932 12712 -1192 -266 -968 -3589 1
-1 8968 14064 -1144 86 -73 -4908 1
-1 8968 14064 -1144 86 -73 -4908 1
-1 8400 14420 -2140 36 -582 -2378 1
-1 8400 14420 -2140 36 -582 -2378 1
-1 9212 14984 -1196 -289 -493 -599 1
-1 9212 14984 -1196 -289 -493 -599 1
-1 9184 13776 -1448 185 1140 -2771 1
-1 9184 13776 -1448 185 1140 -2771 1
-1 9256 14036 -1360 -245 581 -2988 1
-1 9256 14036 -1360 -245 581 -2988 1
-1 9264 13936 -1508 -108 -182 -2158 1
-1 9264 13936 -1508 -108 -182 -2158 1
-1 7896 14348 -1508 -47 680 -3975 1
-1 7896 14348 -1508 -47 680 -3975 1
-1 7600 14716 -1160 -683 152 -2738 1
-1 7600 14716 -1160 -683 152 -2738 1
-1 7560 14944 -872 -640 1095 -5014 1
-1 7560 14944 -872 -640 1095 -5014 1
-1 7184 14772 -944 -327 759 -3814 1
-1 7184 14772 -944 -327 759 -3814 1
-1 6504 15256 -916 -298 819 -3625 1
-1 6504 15256 -916 -298 819 -3625 1
-1 6620 15388 -520 -219 171 -2186 1
-1 6620 15388 -520 -219 171 -2186 1
-1 6260 15888 76 153 160 -3810 1
-1 6260 15888 76 153 160 -3810 1
-1 4696 15748 -768 -224 769 -3209 1
-1 4696 15748 -768 -224 769 -3209 1
-1 5196 15848 76 -689 1289 -5001 1
-1 5196 15848 76 -689 1289 -5001 1
-1 4096 15392 -540 -877 1430 -6206 1
-1 4096 15392 -540 -877 1430 -6206 1
-1 3608 16032 164 -1752 2076 -9764 1
-1 3608 16032 164 -1752 2076 -9764 1
-1 2076 16112 52 -1460 1545 -9563 1
-1 2076 16112 52 -1460 1545 -9563 1
-1 1052 16500 768 -936 1334 -7744 1
-1 1052 16500 768 -936 1334 -7744 1
-1 -72 16428 664 -1134 1781 -5928 1
-1 -72 16428 664 -1134 1781 -5928 1
-1 -1072 16296 1036 -658 224 -4614 1
-1 -1072 16296 1036 -658 224 -4614 1
-1 -364 16408 1220 -612 858 -2776 1
-1 -364 16408 1220 -612 858 -2776 1
-1 -1416 16236 804 -495 861 -3108 1
-1 -1416 16236 804 -495 861 -3108 1
-1 -1600 16140 928 -657 435 -2985 1
-1 -1600 16140 928 -657 435 -2985 1
-1 -2220 15900 1712 -425 1430 -3835 1
-1 -2220 15900 1712 -425 1430 -3835 1
-1 -2844 16060 1300 -9 950 -3011 1
-1 -2844 16060 1300 -9 950 -3011 1
-1 -3308 16312 1088 -492 1764 -3756 1
-1 -3308 16312 1088 -492 1764 -3756 1
-1 -3964 15752 736 -541 859 -787 1
-1 -3964 15752 736 -541 859 -787 1
-1 -3336 15572 1160 -698 857 -544 1
-1 -3336 15572 1160 -698 857 -544 1
-1 -2648 15784 1520 -1120 2410 -2650 1
-1 -2648 15784 1520 -1120 2410 -2650 1
-1 -3952 17248 2060 -324 1449 -3965 1
-1 -3952 17248 2060 -324 1449 -3965 1
-1 -4404 14860 1740 -1140 2185 -3137 1
-1 -4404 14860 1740 -1140 2185 -3137 1
-1 -4792 15176 1804 -652 1650 -1357 1
-1 -4792 15176 1804 -652 1650 -1357 1
-1 -5180 14824 1804 -819 1841 -1397 1
-1 -5180 14824 1804 -819 1841 -1397 1
-1 -5304 14904 1644 -1421 2062 -1584 1
-1 -5304 14904 1644 -1421 2062 -1584 1
-1 -5556 14996 2052 -1166 2041 -1794 1
-1 -5556 14996 2052 -1166 2041 -1794 1
-1 -5592 15152 2620 -563 1727 -617 1
-1 -5592 15152 2620 -563 1727 -617 1
-1 -5656 15032 2200 -42 1214 -341 1
-1 -5656 15032 2200 -42 1214 -341 1
-1 -5964 14936 1904 -402 1822 -811 1
-1 -5964 14936 1904 -402 1822 -811 1
-1 -5488 15048 2264 -254 1747 -706 1
-1 -5488 15048 2264 -254 1747 -706 1
-1 -6832 15092 1696 -19 1217 -1119 1
-1 -6832 15092 1696 -19 1217 -1119 1
-1 -5540 15208 2532 -346 1632 -359 1
