-1 456 16604 -744 -97 -1252 854 1
-1 456 16604 -744 -97 -1252 854 1
-1 408 16800 -788 -108 -214 -194 1
-1 408 16800 -788 -108 -214 -194 1
-1 76 16776 -740 -351 17 -317 1
-1 76 16776 -740 -351 17 -317 1
-1 652 16644 -728 207 -176 147 1
-1 652 16644 -728 207 -176 147 1
-1 812 16760 88 -38 230 -459 1
-1 812 16760 88 -38 230 -459 1
-1 452 16316 -544 202 108 -740 1
-1 452 16316 -544 202 108 -740 1
-1 148 16192 -748 -147 296 -1070 1
-1 148 16192 -748 -147 296 -1070 1
-1 -120 16144 -360 -267 211 -345 1
-1 -120 16144 -360 -267 211 -345 1
-1 -212 15688 -1632 -232 -947 1147 1
-1 -212 15688 -1632 -232 -947 1147 1
-1 164 16752 -52 -619 -940 1256 1
-1 164 16752 -52 -619 -940 1256 1
-1 888 16580 -144 -857 -751 864 1
-1 888 16580 -144 -857 -751 864 1
-1 224 16244 -276 -756 12 -421 1
-1 224 16244 -276 -756 12 -421 1
-1 444 16536 432 -770 -234 -280 1
-1 444 16536 432 -770 -234 -280 1
-1 256 15888 -332 -716 33 -781 1
-1 256 15888 -332 -716 33 -781 1
-1 -328 16280 296 -623 333 -637 1
-1 -328 16280 296 -623 333 -637 1
-1 124 16128 -204 -160 -461 877 1
-1 124 16128 -204 -160 -461 877 1
-1 28 16668 936 -506 180 -451 1
-1 28 16668 936 -506 180 -451 1
-1 4 16104 604 -859 -212 -127 1
-1 4 16104 604 -859 -212 -127 1
-1 136 15944 156 -573 -21 -494 1
-1 136 15944 156 -573 -21 -494 1
-1 -328 16208 364 -152 -116 -196 1
-1 -328 16208 364 -152 -116 -196 1
-1 184 15960 660 -253 250 -759 1
-1 184 15960 660 -253 250 -759 1
-1 324 16260 1072 65 -50 -919 1
-1 324 16260 1072 65 -50 -919 1
-1 -608 16364 612 -246 -147 -788 1
-1 -608 16364 612 -246 -147 -788 1
-1 -1136 16668 1124 -366 -42 -344 1
-1 -1136 16668 1124 -366 -42 -344 1
-1 300 16528 1276 26 -333 251 1
-1 300 16528 1276 26 -333 251 1
-1 -232 15784 188 -293 -500 318 1
-1 -232 15784 188 -293 -500 318 1
-1 264 16196 1496 -165 -620 42 1
-1 264 16196 1496 -165 -620 42 1
-1 224 15936 972 199 -118 -952 1
-1 224 15936 972 199 -118 -952 1
-1 -440 15564 696 -382 150 -317 1
-1 -440 15564 696 -382 150 -317 1
-1 -92 16032 1184 15 -80 -720 1
-1 -92 16032 1184 15 -80 -720 1
-1 -380 16308 1028 -212 -204 -1190 1
-1 -380 16308 1028 -212 -204 -1190 1
-1 -996 16292 1348 -82 -3 -912 1
-1 -996 16292 1348 -82 -3 -912 1
-1 -872 16364 1608 203 -68 -987 1
-1 -872 16364 1608 203 -68 -987 1
-1 -1012 16148 1612 123 -82 -380 1
-1 -1012 16148 1612 123 -82 -380 1
-1 -880 15976 1548 -175 352 -1003 1
-1 -880 15976 1548 -175 352 -1003 1
-1 -612 15828 1568 -44 -92 -411 1
-1 -612 15828 1568 -44 -92 -411 1
-1 -884 15612 1592 -362 349 -667 1
-1 -884 15612 1592 -362 349 -667 1
-1 -768 16624 2356 578 -60 -285 1
-1 -768 16624 2356 578 -60 -285 1
-1 -1304 16120 992 1160 10 -588 1
-1 -1304 16120 992 1160 10 -588 1
-1 -1028 16808 1644 793 253 -4 1
-1 -1028 16808 1644 793 253 -4 1
-1 -976 16992 1572 710 -225 309 1
-1 -976 16992 1572 710 -225 309 1
-1 -1452 16720 1868 712 154 590 1
-1 -1452 16720 1868 712 154 590 1
-1 -616 16872 1804 1080 -238 1203 1
-1 -616 16872 1804 1080 -238 1203 1
-1 -780 17672 2304 1489 -745 3180 1
-1 -780 17672 2304 1489 -745 3180 1
-1 -160 18336 1868 2042 -115 623 1
-1 -160 18336 1868 2042 -115 623 1
-1 -1392 19596 2244 2724 1488 -863 1
-1 -1392 19596 2244 2724 1488 -863 1
-1 -608 19756 1128 3293 1486 1145 1
-1 -608 19756 1128 3293 1486 1145 1
-1 -296 18392 352 3068 1208 3184 1
-1 -296 18392 352 3068 1208 3184 1
-1 0 17580 -712 4101 1031 2881 1
-1 0 17580 -712 4101 1031 2881 1
-1 -72 16876 -1360 3937 95 5215 1
-1 -72 16876 -1360 3937 95 5215 1
-1 400 15728 -1712 2069 -722 8190 1
-1 400 15728 -1712 2069 -722 8190 1
-1 2720 15224 -252 1906 -2774 11953 1
-1 2720 15224 -252 1906 -2774 11953 1
-1 2692 16480 -1528 1042 -1629 27089 1
-1 2692 16480 -1528 1042 -1629 27089 1
-1 6912 13464 -864 1224 -990 9392 1
-1 6912 13464 -864 1224 -990 9392 1
-1 7340 12132 -2700 -206 -5886 12666 1
-1 7340 12132 -2700 -206 -5886 12666 1
-1 7980 12568 -2152 7 -3878 9753 1
-1 7980 12568 -2152 7 -3878 9753 1
-1 8984 11636 -2572 -1716 -2071 7829 1
-1 8984 11636 -2572 -1716 -2071 7829 1
-1 9304 11692 -2448 -1316 -269 6085 1
-1 9304 11692 -2448 -1316 -269 6085 1
-1 10500 12236 -2216 -1823 529 5665 1
-1 10500 12236 -2216 -1823 529 5665 1
-1 11324 12356 -1368 -998 1152 1111 1
-1 11324 12356 -1368 -998 1152 1111 1
-1 11292 12568 -1632 -487 -257 2434 1
-1 11292 12568 -1632 -487 -257 2434 1
-1 12400 12512 -736 -72 515 830 1
-1 12400 12512 -736 -72 515 830 1
-1 12200 12032 -1400 42 -1 979 1
-1 12200 12032 -1400 42 -1 979 1
-1 11936 12440 -1324 381 -226 713 1
-1 11936 12440 -1324 381 -226 713 1
-1 12436 12044 -1344 24 -553 1154 1
-1 12436 12044 -1344 24 -553 1154 1
-1 12236 11468 -1628 78 -281 1225 1
-1 12236 11468 -1628 78 -281 1225 1
-1 12260 11860 -1212 820 -22 553 1
-1 12260 11860 -1212 820 -22 553 1
-1 12484 11856 -1128 787 2282 1445 1
-1 12484 11856 -1128 787 2282 1445 1
-1 12336 11304 -1908 120 -306 49 1
-1 12336 11304 -1908 120 -306 49 1
-1 12384 11424 -1508 330 62 537 1
-1 12384 11424 -1508 330 62 537 1
-1 12992 10612 -1020 -181 1502 1567 1
-1 12992 10612 -1020 -181 1502 1567 1
-1 12072 11492 -1052 -284 795 -196 1
-1 12072 11492 -1052 -284 795 -196 1
-1 13328 11208 -1324 -314 2389 1406 1
-1 13328 11208 -1324 -314 2389 1406 1
-1 12932 11560 -804 -466 1292 1150 1
-1 12932 11560 -804 -466 1292 1150 1
-1 12740 11252 -964 -41 514 -603 1
-1 12740 11252 -964 -41 514 -603 1
-1 12548 11388 -712 -312 -126 -1053 1
-1 12548 11388 -712 -312 -126 -1053 1
-1 12548 11808 -364 -221 72 -1660 1
-1 12548 11808 -364 -221 72 -1660 1
-1 12296 11812 -620 4 171 -1559 1
-1 12296 11812 -620 4 171 -1559 1
-1 12452 12120 -96 -156 -96 -508 1
-1 12452 12120 -96 -156 -96 -508 1
-1 12144 11712 -564 14 23 -930 1
-1 12144 11712 -564 14 23 -930 1
-1 12028 11944 -372 44 -275 -955 1
-1 12028 11944 -372 44 -275 -955 1
-1 11840 11708 -568 -78 -262 -662 1
-1 11840 11708 -568 -78 -262 -662 1
-1 11696 11628 -828 -33 -465 227 1
-1 11696 11628 -828 -33 -465 227 1
-1 11872 12432 -224 -56 -1333 1304 1
-1 11872 12432 -224 -56 -1333 1304 1
-1 12440 11448 540 125 1581 -1296 1
-1 12440 11448 540 125 1581 -1296 1
-1 11664 13016 -296 89 624 -868 1
-1 11664 13016 -296 89 624 -868 1
-1 12072 11800 196 211 -122 -1376 1
-1 12072 11800 196 211 -122 -1376 1
-1 11468 11744 -600 174 -416 -1643 1
-1 11468 11744 -600 174 -416 -1643 1
-1 11444 12020 -96 275 93 -2151 1
-1 11444 12020 -96 275 93 -2151 1
-1 11392 12196 -172 149 176 -2670 1
-1 11392 12196 -172 149 176 -2670 1
-1 10844 12720 -212 -90 320 -2214 1
-1 10844 12720 -212 -90 320 -2214 1
-1 10500 13024 -192 -187 525 -1835 1
-1 10500 13024 -192 -187 525 -1835 1
-1 10524 13380 -112 -434 712 -1752 1
-1 10524 13380 -112 -434 712 -1752 1
-1 10996 13248 752 -302 10 -608 1
-1 10996 13248 752 -302 10 -608 1
-1 9812 14192 272 -233 305 -360 1
-1 9812 14192 272 -233 305 -360 1
-1 10376 12928 184 -441 466 1270 1
-1 10376 12928 184 -441 466 1270 1
-1 10340 13420 600 -535 1534 202 1
-1 10340 13420 600 -535 1534 202 1
-1 10688 12776 856 -49 1814 -2320 1
-1 10688 12776 856 -49 1814 -2320 1
-1 10244 13320 1056 -673 -271 811 1
-1 10244 13320 1056 -673 -271 811 1
-1 10272 13588 1244 -430 762 -1371 1
-1 10272 13588 1244 -430 762 -1371 1
-1 10088 13028 928 -545 611 -1118 1
-1 10088 13028 928 -545 611 -1118 1
-1 9668 13324 832 -116 690 -1378 1
-1 9668 13324 832 -116 690 -1378 1
-1 9608 13292 1116 -219 385 -843 1
-1 9608 13292 1116 -219 385 -843 1
-1 9736 13772 1384 120 458 -890 1
-1 9736 13772 1384 120 458 -890 1
-1 9720 13560 1436 301 941 -1909 1
-1 9720 13560 1436 301 941 -1909 1
-1 9512 13300 1376 71 247 -1118 1
-1 9512 13300 1376 71 247 -1118 1
-1 9340 13396 1352 158 531 -1727 1
-1 9340 13396 1352 158 531 -1727 1
-1 8640 13884 1548 442 1088 -2961 1
-1 8640 13884 1548 442 1088 -2961 1
-1 8516 13560 1452 472 1484 -4274 1
-1 8516 13560 1452 472 1484 -4274 1
-1 8088 14008 1104 266 1177 -3371 1
-1 8088 14008 1104 266 1177 -3371 1
-1 7940 14448 1720 575 1370 -3386 1
-1 7940 14448 1720 575 1370 -3386 1
-1 7188 15232 1764 827 3646 -8215 1
-1 7188 15232 1764 827 3646 -8215 1
-1 6556 14764 1656 266 2817 -8545 1
-1 6556 14764 1656 266 2817 -8545 1
-1 5628 15864 2720 352 2019 -8379 1
-1 5628 15864 2720 352 2019 -8379 1
-1 4228 15676 1964 86 2099 -7992 1
-1 4228 15676 1964 86 2099 -7992 1
-1 3756 15328 1684 345 1330 -4808 1
-1 3756 15328 1684 345 1330 -4808 1
-1 3420 15480 1976 684 1586 -5110 1
-1 3420 15480 1976 684 1586 -5110 1
-1 3896 14708 2180 359 2323 -5949 1
-1 3896 14708 2180 359 2323 -5949 1
-1 2276 15908 2104 1133 1629 -5622 1
-1 2276 15908 2104 1133 1629 -5622 1
-1 1800 15692 2124 608 1902 -6807 1
-1 1800 15692 2124 608 1902 -6807 1
-1 748 14744 2324 1041 2862 -10595 1
-1 748 14744 2324 1041 2862 -10595 1
-1 -1452 16320 1648 222 1261 -6034 1
-1 -1452 16320 1648 222 1261 -6034 1
-1 -1820 15948 2204 12 3 -3763 1
-1 -1820 15948 2204 12 3 -3763 1
-1 -1488 16456 2240 -220 586 -3340 1
-1 -1488 16456 2240 -220 586 -3340 1
-1 -2472 15464 1808 -392 120 -1442 1
