9.405548 -2.224258 1.848145
9.444138 -2.345612 1.903778
9.475220 -2.353424 2.010757
9.348328 -2.332520 2.007477
9.312943 -2.419525 1.951538
9.420670 -2.457886 1.905060
9.420654 -2.355850 1.972656
9.410004 -2.220489 2.031769
9.519257 -2.128067 2.002899
9.563599 -2.074860 1.942154
9.481323 -1.946213 1.856690
9.341385 -1.871307 1.886963
9.290207 -1.855454 1.846573
9.369293 -1.782089 1.864166
9.406647 -1.852432 1.976837
9.488297 -1.965317 1.966080
9.526749 -1.959351 1.926086
9.412903 -2.121796 1.822250
9.401611 -2.156723 1.749802
9.369965 -2.211822 1.941772
9.408279 -2.230698 1.984451
9.412109 -2.232254 1.964462
9.385818 -2.310196 1.906998
9.416122 -2.477280 1.766037
9.432922 -2.317200 1.829742
9.395325 -2.240967 1.971893
9.362381 -2.232346 1.949158
9.341431 -2.236633 1.880997
9.415039 -2.187378 1.933792
9.344620 -2.201996 1.952484
9.327774 -2.196777 1.933563
9.286652 -2.167923 1.875763
9.272644 -2.046707 1.939560
9.309982 -1.958878 2.024796
9.266403 -1.887070 2.356430
9.232407 -2.055069 2.757340
9.218063 -2.046905 3.273605
9.526672 -1.689590 4.369339
10.462952 -1.211365 6.138534
10.694840 0.137344 7.735947
11.205078 1.324737 8.565414
11.936523 0.877197 8.878265
12.086838 -0.087189 9.138596
12.579956 -0.187897 9.302124
13.228073 0.630478 9.335922
13.827881 1.337372 9.864899
14.058014 1.035980 10.043686
14.124863 0.759293 9.887390
14.594208 0.828217 9.531464
15.105911 1.143814 9.088272
14.552917 1.379868 8.983337
14.062195 1.191528 8.974884
14.590241 0.647858 8.004669
14.082535 0.138947 6.900650
12.406082 0.141464 7.335495
11.655716 0.168533 7.242065
11.342011 -0.056732 6.191696
10.480408 -0.651840 4.358124
8.647278 -0.967133 3.067703
6.695938 -1.352646 2.359695
5.847015 -1.617722 1.753128
4.532684 -1.245514 1.230667
3.100967 -0.606247 1.362289
1.872345 -0.879349 1.881195
1.202530 -1.378403 1.882812
0.747101 -0.870468 2.321258
0.050491 0.279602 3.817078
-0.580139 0.898300 4.856644
-0.994827 0.828934 5.461594
-1.086166 0.229736 6.519562
-0.878815 0.040436 6.996017
-0.977371 -0.176514 6.817627
-1.187714 -0.490540 7.164093
-1.407806 0.511261 7.932770
-1.485550 0.575500 8.212021
-1.230637 -1.037201 8.046036
-1.178970 -1.269394 8.434433
-1.217270 -0.068069 8.822388
-1.041519 0.042709 9.219818
-0.865051 -0.012665 9.760651
-1.235199 0.321609 9.877426
-1.063370 -0.089813 9.571411
-0.543503 -0.739975 9.536957
-0.876038 0.027908 9.921646
-1.451248 0.466980 10.086472
-1.322403 -0.034378 9.808624
-1.178406 -0.016098 9.932648
-1.389191 0.442307 9.970428
-1.472626 0.120773 9.911133
-1.040008 -0.235199 9.819275
-1.067246 0.237610 9.836212
-1.157486 0.261002 9.662094
