9.136398 -1.992630 2.103607
9.190277 -1.968613 2.037796
9.359940 -2.149414 2.060806
9.381287 -2.078720 2.084534
9.363937 -1.904312 1.959885
9.403320 -1.900345 2.022568
9.349777 -1.999023 2.015640
9.349686 -1.950455 2.133255
9.321838 -1.988953 2.154617
9.310028 -2.206894 2.120453
9.394379 -2.299759 2.097580
9.500488 -2.398361 2.118286
9.472382 -2.427628 2.194977
9.431641 -2.423096 2.229919
9.380936 -2.443726 2.118591
9.358047 -2.386154 2.018738
9.277481 -2.176605 2.047440
9.227661 -1.989181 2.119827
9.274704 -1.758789 2.167923
9.324936 -1.809128 2.189835
9.292160 -1.945465 2.246628
9.337509 -2.091385 2.217834
9.388473 -2.210785 2.128311
9.468918 -2.291763 2.114227
9.431549 -2.280029 2.067764
9.378052 -2.213287 1.989731
9.420990 -2.191803 1.988708
9.443283 -2.103760 1.993500
9.356857 -2.081619 2.101227
9.326294 -1.977112 1.988220
9.398590 -1.929550 1.979004
9.397430 -1.955414 2.061478
9.356476 -1.891128 2.122055
9.386215 -1.893478 2.078720
9.460754 -1.869659 2.247299
9.362015 -1.862152 2.302338
9.230484 -1.862946 2.504639
9.350906 -1.889816 2.830597
9.481873 -1.655518 3.197357
9.395004 -1.590973 3.444931
9.425842 -2.151871 3.429047
9.552872 -2.490662 3.761093
9.557312 -1.912292 4.521530
10.089676 -1.399399 4.843109
10.674377 -1.339630 5.120438
10.460953 -1.656998 5.410080
10.197403 -1.764969 5.869507
10.276718 -1.575836 6.022736
10.275772 -1.296890 5.836777
10.149109 -1.103821 5.818741
9.989563 -1.421921 5.982300
10.074875 -1.639786 6.141449
10.286346 -1.287247 6.106232
10.188034 -1.081314 5.898895
10.026535 -1.322174 5.539719
9.689224 -2.126083 5.087341
9.521027 -2.020981 5.581757
9.851761 -1.025604 6.086655
9.879593 -0.248718 6.128052
9.504929 -0.685135 6.224716
9.320129 -1.519806 6.285385
9.256989 -1.008881 6.562912
8.816452 -0.268799 6.620209
8.645233 -0.469971 6.678848
8.375305 -0.569626 7.093216
7.795120 -0.317825 7.260651
7.444244 -0.200562 7.195770
7.271820 -0.669220 7.364624
6.934891 -0.828934 7.818146
6.508057 -1.076477 7.427994
6.189819 -1.350098 7.279205
5.959854 -0.872726 7.895905
5.439606 0.001740 8.226593
5.231613 0.282577 7.983566
5.204636 0.234802 8.186661
4.637314 0.464355 8.443695
4.505218 0.396194 8.293243
4.349930 0.172470 8.187470
3.607117 0.381500 8.647659
3.107468 0.892837 8.640442
2.978180 0.637787 8.388550
2.650208 0.261490 8.492401
2.136017 0.635223 8.512375
1.875366 0.654343 8.267883
1.846207 -0.043228 8.010178
1.599152 -0.109695 8.339111
1.133041 0.587128 8.457962
0.959503 0.168228 8.304367
1.112213 -0.324203 8.304596
0.930725 0.135178 8.521118
0.507538 0.353546 8.428696
0.287430 -0.420548 8.330048
