9.405350 -2.455368 2.091995
9.261673 -2.304474 2.177460
9.267227 -2.254578 2.143372
9.389282 -2.312485 2.119949
9.350891 -2.231857 2.137589
9.289780 -2.119965 2.180817
9.328506 -2.288910 2.115433
9.391602 -2.255814 2.103088
9.279785 -2.186356 2.015106
9.230682 -2.464645 2.026382
9.282028 -2.603226 2.114899
9.219894 -2.448929 2.159836
9.214996 -2.390579 2.298782
9.322556 -2.528168 2.161728
9.443359 -2.767792 2.039505
9.378754 -2.692047 2.039490
9.359802 -2.497971 2.006515
9.365707 -2.298279 1.922073
9.474609 -2.184570 1.858017
9.395447 -2.264771 1.915100
9.357193 -2.378509 1.908371
9.443451 -2.294952 1.804993
9.382706 -2.232239 1.757767
9.312408 -2.253388 1.743057
9.326035 -2.311371 1.794113
9.504288 -2.240784 1.803726
9.453751 -2.167938 1.894638
9.349854 -2.210434 1.927246
9.420929 -2.397492 1.845779
9.483322 -2.427292 1.861328
9.428497 -2.443558 1.839752
9.341217 -2.412170 1.835052
9.387360 -2.460297 1.732544
9.453110 -2.442490 1.672745
9.410934 -2.126923 1.880417
9.242691 -1.885696 2.083557
9.221832 -1.718338 2.152435
9.063522 -1.560104 2.341049
8.743134 -1.409500 2.608795
8.281128 -1.414200 4.647476
8.271332 -2.702423 9.595566
11.769363 -3.130295 17.878052
14.174713 3.714035 19.661682
16.224823 13.718704 19.670639
19.383500 8.493149 19.670639
19.392487 1.448685 19.648056
19.392487 -2.874832 17.197205
19.392487 -3.738998 13.294891
19.392487 -4.250992 8.654266
19.392487 -5.399017 4.329407
19.392487 -6.474762 1.064346
19.174088 -5.147156 -1.654861
16.385498 -4.107437 -3.113281
13.241623 -4.843582 -5.569733
9.840363 -4.690628 -7.023209
6.603943 -2.712540 -5.222870
5.241150 0.024857 -3.411942
4.402161 1.191986 -2.386978
2.812576 0.465057 -3.056946
1.128250 -0.735870 -2.253555
-0.505966 -0.815216 -0.048019
-1.865372 -0.686127 2.551285
-2.172668 0.129440 4.823151
-2.358902 0.056778 6.192383
-1.805191 -1.184662 6.112686
-1.416672 -1.460663 7.089432
-1.664459 -0.461121 8.203110
-1.529694 -1.275574 7.787567
-1.156632 -1.454117 7.967392
-1.633423 -0.550064 8.990784
-1.939606 -1.259430 9.345673
-1.497772 -1.597961 9.304245
-1.481888 -0.744598 9.583420
-1.897018 -0.871719 9.314774
-1.561615 -1.310471 9.323303
-1.424698 -0.755661 9.550507
-1.472488 -0.676010 9.447815
-1.269318 -1.047424 9.237305
-1.632050 -0.621597 9.697266
-2.060501 -1.076736 10.276993
-1.932358 -1.876267 9.918045
-1.733170 -0.925522 9.619736
-2.002457 0.175751 9.913437
-1.734848 -0.846222 9.681702
-1.452103 -1.217651 9.432983
-1.721512 -0.337936 9.804947
-1.672348 -0.583298 9.926117
-1.550781 -0.952057 9.495514
-1.482300 -0.745392 9.537048
-1.560348 -1.156647 9.696808
-1.584839 -1.089493 9.709732
-1.481567 -0.659943 9.719788
