9.530472 -2.256393 1.518234
9.540161 -2.074264 1.532318
9.478378 -1.930939 1.590958
9.409943 -1.934845 1.512237
9.426956 -1.938599 1.465851
9.439987 -1.870163 1.504837
9.476715 -2.025436 1.550552
9.515533 -2.112335 1.654648
9.442520 -2.158875 1.708298
9.429504 -2.355728 1.664124
9.460037 -2.394150 1.624680
9.462387 -2.376816 1.733582
9.381607 -2.377380 1.807190
9.394699 -2.408875 1.742706
9.398788 -2.459579 1.748108
9.387375 -2.418381 1.685150
9.374802 -2.359726 1.649994
9.346344 -2.332626 1.719116
9.432999 -2.265076 1.678284
9.488419 -2.276123 1.697098
9.463608 -2.273880 1.701706
9.412552 -2.232437 1.702194
9.450165 -2.248413 1.688995
9.424561 -2.266068 1.705704
9.410996 -2.357849 1.711304
9.422714 -2.378174 1.654739
9.430130 -2.407791 1.612991
9.478271 -2.398102 1.563370
9.494690 -2.384430 1.605270
9.451996 -2.191086 1.641556
9.429688 -2.151825 1.710648
9.389481 -2.115433 1.720856
9.378387 -2.155106 1.687927
9.358643 -2.008972 2.064072
9.327957 -1.675400 2.572342
8.949600 -1.927734 2.585815
8.709641 -2.557907 3.347000
10.040024 -2.212372 5.340286
9.965759 -2.192017 8.033188
10.193939 -2.979614 10.294251
11.741699 -2.526306 12.090713
12.558441 -1.763229 13.211426
12.668518 -1.742020 13.513428
13.911392 -2.410950 13.426788
15.330231 -2.824737 13.527115
15.730438 -2.593063 13.229828
15.878342 -2.734253 11.775513
16.493790 -3.513428 9.887238
16.604584 -3.216293 9.230118
15.985779 -2.413071 8.608383
15.411713 -2.787262 7.274033
14.331192 -3.345444 6.332367
12.726730 -2.818817 5.918228
11.476608 -2.321426 4.594040
9.691666 -2.388031 3.524826
7.872803 -2.507980 3.194840
6.676437 -1.335739 2.729065
5.892212 -0.700485 2.022751
4.664322 -1.060593 1.623169
3.288803 -0.856735 1.484558
2.180023 -0.392288 1.697968
1.422501 -0.163361 1.938629
0.863617 0.199448 2.485748
-0.050293 0.283142 3.739716
-0.534439 0.018234 4.557236
-0.566940 -0.141647 4.789642
-0.847656 0.244949 5.657669
-1.433792 0.604950 6.832916
-1.441467 0.329422 6.923248
-1.128494 -0.565308 6.931808
-1.251389 -0.377045 7.760223
-1.546249 -0.013718 7.931305
-1.469650 -0.558182 7.765122
-1.407425 -0.674774 8.141357
-1.716598 0.416168 8.847107
-1.810577 0.428329 9.119812
-1.753372 -0.335663 9.132385
-1.828995 -0.038559 9.062943
-1.896240 0.114685 9.211685
-1.758377 -0.235306 9.314133
-1.686997 0.162430 9.417816
-1.824371 0.507935 9.730637
-1.647049 0.167145 9.463608
-1.587906 0.132233 9.322708
-1.730255 0.196381 9.480148
-1.635910 -0.321472 9.527771
-1.519730 -0.109146 9.390060
-1.605667 0.565491 9.579071
-1.774887 0.275452 9.565720
-1.395645 -0.299026 9.489029
-1.509720 0.050140 9.609787
-1.674255 0.474258 9.947357
