9.519775 -1.866928 1.460251
9.559586 -1.794952 1.439621
9.554123 -1.828201 1.495987
9.554382 -1.885635 1.549820
9.543076 -1.943161 1.519318
9.532516 -1.974930 1.502487
9.631866 -1.979752 1.489929
9.605209 -2.059570 1.526047
9.473770 -2.035446 1.586685
9.453995 -1.970276 1.485870
9.505676 -1.936035 1.487503
9.487808 -1.967743 1.539902
9.491135 -1.957886 1.510010
9.559174 -1.934509 1.479736
9.589630 -1.909241 1.552338
9.403748 -1.897247 1.572128
9.442688 -1.834808 1.509247
9.602707 -1.857697 1.570969
9.608215 -2.017425 1.598953
9.462601 -1.907608 1.665299
9.412552 -1.965012 1.617981
9.470795 -2.006668 1.537369
9.450638 -2.051071 1.509170
9.408508 -1.951263 1.510010
9.522293 -1.869507 1.620834
9.475449 -1.765839 1.703430
9.377533 -1.611496 1.767365
9.362350 -1.526398 1.788757
9.360870 -1.622177 1.803513
9.392410 -1.788361 2.024017
9.478455 -1.947784 2.182175
9.558884 -2.143860 2.355286
9.678787 -2.282959 2.569824
9.797607 -1.829132 3.046692
9.658264 -1.218857 3.476120
9.527222 -0.974335 3.777359
9.678009 -1.269730 3.913422
9.997681 -1.619507 3.968033
10.196472 -1.740860 3.993133
10.334137 -1.464737 4.210526
10.405304 -0.891617 4.363007
10.291214 -0.653183 4.014389
9.993240 -1.072800 3.753708
10.065567 -1.999359 3.917862
10.153656 -2.054413 4.099960
9.998734 -1.537048 4.190369
9.787567 -1.332809 4.400116
9.817841 -1.670593 5.162933
9.800583 -1.442459 5.865189
10.081299 -0.657242 6.095337
10.319031 -0.723282 5.860519
10.164993 -1.190460 6.107498
10.005371 -1.084488 6.544739
10.016556 -0.617538 6.238510
10.144791 -0.960770 5.940216
9.863419 -1.784409 6.038162
8.882996 -1.861130 6.035309
8.874054 -2.168426 5.982117
8.988693 -2.803131 5.829849
8.399399 -2.448746 6.330399
7.864334 -1.595306 6.874420
7.892136 -1.453674 6.931793
7.858536 -2.063812 7.122040
7.438751 -1.952515 7.522095
7.037567 -1.327866 7.718979
6.994827 -1.224167 7.766312
6.615387 -1.078979 7.905640
6.266846 -1.176392 7.833069
6.177338 -1.460007 7.877136
5.786102 -1.208252 8.253998
5.220932 -0.657074 8.360596
5.157990 -0.956055 8.160416
4.913528 -1.282669 8.214035
4.428665 -0.692230 8.559387
4.080353 -0.413574 8.508865
3.920196 -0.983765 8.185715
3.519486 -1.220093 8.289581
3.065826 -0.728271 8.406601
2.645859 -0.781403 8.389328
2.213944 -1.151169 8.646957
1.994904 -0.797089 8.670609
1.795975 -0.534180 8.402298
1.418487 -0.724472 8.313278
1.099396 -0.884705 8.471741
0.891617 -0.794037 8.385864
0.526535 -0.975876 8.197296
0.224991 -0.999802 8.209854
0.010818 -0.636398 8.398148
-0.195358 -0.833786 8.220520
-0.364395 -1.495071 7.915543
-0.504272 -1.581650 8.037903
-0.666748 -1.325546 8.010315
