9.349594 -2.314468 1.860642
9.346573 -2.294189 1.913956
9.336288 -2.375977 1.914078
9.437103 -2.456100 1.892777
9.417633 -2.395020 1.832565
9.333557 -2.519730 1.886520
9.357651 -2.461609 1.913193
9.367966 -2.339889 1.886246
9.518326 -2.464615 1.753479
9.595291 -2.451035 1.780991
9.431778 -2.361313 1.825623
9.369507 -2.205414 1.813278
9.422806 -2.304626 1.822083
9.310364 -2.201965 1.875610
9.230438 -2.069168 1.831375
9.279892 -2.052780 1.821564
9.323746 -2.046204 1.871963
9.373657 -2.111237 1.940643
9.395828 -2.175339 1.938934
9.352356 -2.255020 1.839310
9.440292 -2.282272 1.827606
9.485031 -2.197723 1.986328
9.380692 -2.261169 1.997452
9.359940 -2.174637 1.974854
9.351532 -2.182236 1.919434
9.356216 -2.272140 1.973511
9.350677 -2.306320 2.033615
9.423843 -2.234329 2.138062
9.493286 -2.209854 2.198593
9.320908 -2.073044 2.220062
9.237076 -1.998367 2.292252
9.270142 -2.061539 2.604599
9.328369 -2.083343 3.363388
9.543503 -1.697937 4.425247
9.903168 -1.606720 4.539246
10.274734 -1.600601 4.586060
10.078308 -1.423874 5.300186
9.682754 -1.030731 6.135376
10.026215 -0.573257 6.464844
10.804001 -0.389160 6.525284
10.998459 -0.699158 6.695969
11.117966 -0.905807 7.319275
11.596848 -0.472565 7.646011
11.852905 0.118515 8.179031
11.755218 -0.088486 8.531296
12.032578 -0.209961 8.713776
12.297348 0.125351 8.878342
12.368271 0.150345 9.114899
12.741150 -0.068237 9.212326
12.718353 0.372528 9.068665
12.344940 0.388245 8.723175
12.651886 -0.545929 7.968643
11.921860 -0.584717 8.010529
11.161240 -0.207550 7.652618
10.827408 -0.741882 7.232559
10.034439 -1.225449 7.294128
9.082123 -0.417984 7.373444
8.402817 0.040329 6.736801
8.069855 -0.776337 6.153229
7.202118 -0.989380 5.726807
5.955292 -0.186172 5.630737
4.955109 -0.071259 5.429199
4.283707 -0.203430 5.164307
3.498093 0.451050 4.607635
2.372360 0.623734 4.134750
1.527191 -0.543793 4.036896
1.159149 -0.771744 3.921616
-0.092712 0.164490 4.041748
-0.701111 0.385406 4.342804
-0.338440 -0.148621 4.602966
-0.921951 0.140106 5.190292
-1.655197 0.293762 5.931625
-1.431229 0.274399 6.358383
-1.449127 -0.074951 6.416733
-1.827637 -0.357864 6.803742
-1.793640 -0.332657 7.190033
-1.582901 0.046127 7.678024
-1.700440 -0.098343 8.185501
-1.850967 -0.650284 8.728912
-1.766266 -0.432053 9.001984
-1.649383 0.041412 9.126328
-1.823685 -0.428391 9.285110
-1.895157 -0.786774 9.526672
-1.663315 -0.361633 9.678833
-1.302872 -0.380676 9.543198
-1.576920 -0.504440 10.033615
-1.605072 -0.403183 10.055969
-1.472732 -0.868210 9.442825
-1.385330 -1.113388 9.450836
-1.669907 -0.622192 9.703339
-1.663376 -0.546722 9.570709
-1.729569 -0.975113 9.416428
