9.439209 -1.789139 1.835785
9.467011 -1.925323 1.886871
9.481079 -1.895966 1.881882
9.478287 -1.852646 1.914917
9.484299 -1.909210 1.901291
9.524963 -1.898788 1.896271
9.455032 -1.783234 1.989746
9.296661 -1.699280 2.009659
9.343216 -1.705444 1.985306
9.533447 -1.838180 1.861572
9.554489 -1.804123 1.916641
9.507248 -1.788406 1.918747
9.517853 -1.631531 1.885071
9.484634 -1.667938 1.860321
9.433258 -1.706986 1.894409
9.405701 -1.713898 1.898834
9.390182 -1.717041 1.872848
9.478943 -1.866394 1.817108
9.528732 -1.829559 1.726608
9.436386 -1.780945 1.902268
9.437180 -1.692047 1.970230
9.514130 -1.688583 1.955429
9.496201 -1.853485 1.869064
9.432419 -1.857452 1.897659
9.474426 -1.727982 1.893982
9.481003 -1.678726 1.942627
9.467102 -1.584854 1.950333
9.466522 -1.500946 1.957413
9.410751 -1.517883 1.949707
9.437912 -1.693939 1.979385
9.429398 -1.934265 1.988571
9.406693 -2.035278 1.947372
9.548859 -1.913483 2.030991
9.463608 -1.773956 2.228851
9.408539 -1.498215 2.424057
9.473740 -1.340637 2.299972
9.521256 -1.432388 2.345154
9.680847 -1.869934 3.067368
9.669281 -1.156723 4.491684
10.055389 -0.522293 6.325638
10.434128 -1.885620 7.270142
10.479889 -1.791122 8.608032
10.905075 -0.237030 10.456268
11.647125 0.771667 11.577545
12.386948 0.464188 12.108536
12.898850 0.400253 12.688919
13.710571 0.797516 12.694931
14.470291 1.161056 11.505463
14.931641 0.705719 10.629333
15.294052 -0.081818 11.087830
15.603653 -0.332550 10.644608
15.357223 -1.488281 9.428421
14.882141 -2.436859 8.436676
14.291550 -2.030258 7.569916
13.828232 -2.043274 6.829849
12.548340 -2.073746 6.116272
11.084717 -1.785904 5.383286
10.107101 -1.856918 4.564026
8.911972 -1.951141 3.177399
7.176941 -1.474136 2.524383
5.447845 -1.493011 2.522644
4.466156 -1.557953 2.535385
3.555298 -0.897842 2.392364
1.966461 -0.302673 2.562622
1.028717 -0.554474 3.321365
0.753464 -0.785614 3.713013
0.267014 -0.290024 3.390411
-0.925186 0.097641 3.624588
-1.396103 0.186966 4.206634
-1.380646 -0.043350 4.761200
-1.382919 -0.673111 5.224320
-1.690964 -0.056335 5.934540
-1.600021 0.865097 7.242859
-1.746918 0.009369 7.446365
-1.516007 -1.197708 7.887619
-1.047806 -0.888855 8.011414
-1.605225 0.037613 8.186325
-1.682327 -0.680283 8.788696
-1.105438 -0.831116 8.928909
-1.257202 -0.322388 9.270432
-1.728882 -0.520142 9.540543
-1.803070 -0.666504 9.602173
-1.433441 -0.201859 9.795975
-1.321381 0.112366 9.869965
-1.437759 -0.575439 9.841965
-1.456497 -0.554047 9.913742
-1.765152 -0.045242 10.083633
-1.872421 -0.605042 9.858200
-1.720200 -0.905914 9.614777
-1.804901 -0.513504 9.584290
-1.626633 -0.554047 9.631012
-1.655930 -0.448120 9.704102
