9.321747 -2.468384 1.953583
9.330902 -2.430069 1.915741
9.401047 -2.365509 1.933136
9.341019 -2.290726 1.936874
9.312881 -2.262955 1.913315
9.339111 -2.319397 1.864029
9.469330 -2.331665 1.823349
9.430954 -2.316605 1.826111
9.326248 -2.356125 1.868454
9.265396 -2.258728 1.822281
9.339691 -2.277756 1.782166
9.382172 -2.214111 1.835083
9.374634 -2.230072 1.861633
9.483185 -2.361618 1.892837
9.531586 -2.418564 1.945038
9.394836 -2.498688 1.998077
9.274597 -2.527832 1.898621
9.308945 -2.577179 1.848236
9.306122 -2.524506 1.858398
9.311676 -2.520447 1.900589
9.327011 -2.435944 1.918457
9.404098 -2.308258 1.837418
9.463806 -2.205963 1.869202
9.374237 -2.291351 1.876526
9.359619 -2.233810 1.791962
9.382370 -2.155151 1.798569
9.354019 -2.253097 1.823654
9.373383 -2.212357 1.926346
9.366928 -2.200378 1.885086
9.353378 -2.384674 1.864410
9.412750 -2.401566 1.810059
9.366486 -2.435638 1.822525
9.306427 -2.343460 1.860306
9.253616 -2.344315 1.908447
9.387039 -2.412735 2.177124
9.437210 -2.420166 2.482895
9.496201 -2.004150 3.086472
9.509415 -1.761993 3.352035
9.719940 -2.125702 4.248215
10.029511 -3.025467 5.195419
9.739182 -2.644134 7.556168
10.354691 -0.779434 8.657059
11.239868 0.715317 9.155518
11.642059 0.017014 9.907120
12.070465 -1.635956 10.791214
13.345062 -1.700470 10.899017
13.851379 -0.429214 10.870544
13.921127 0.158127 11.527893
14.722031 -0.170349 11.994369
15.577713 -0.493423 11.511261
15.280823 0.041824 11.193008
15.408783 -0.335571 10.756592
15.845703 -0.843048 10.152741
15.271347 -0.089417 9.398972
14.030487 -0.054382 8.107056
13.118271 -1.780868 7.410019
12.369125 -2.577377 6.447601
11.506561 -1.712677 4.643280
9.872223 -1.143143 2.807388
7.752747 -2.000275 2.013275
5.540726 -2.551498 1.562729
4.410965 -1.548538 0.654556
2.977692 -0.612244 0.535111
2.358383 -0.887085 0.680969
1.580185 -0.564667 0.821060
0.280243 0.190857 1.941010
-0.345062 0.175797 3.166153
-0.581558 0.406540 3.931976
-1.003113 0.709915 4.597153
-1.220367 -0.505875 4.807190
-1.217087 -0.992432 5.206024
-1.380096 0.356461 6.740662
-1.786728 1.162292 7.541351
-1.487412 -0.003098 7.603561
-1.501907 -0.747833 8.047195
-1.858078 -0.108124 8.482788
-2.021301 0.065170 8.322586
-1.766296 -0.240982 8.824081
-1.783081 0.253830 9.473877
-1.734741 -0.295685 9.593018
-1.318253 -0.876465 9.517258
-1.310898 -0.360016 10.035614
-1.525269 -0.088943 9.897690
-1.418793 -0.075378 9.410553
-1.598373 -0.286438 9.574768
-1.804565 -0.494720 9.941711
-1.702377 -0.038635 9.777054
-1.638687 0.452011 9.870010
-1.675430 0.166718 10.043549
-1.490494 0.036758 9.640320
-1.385376 -0.130157 9.671707
-1.660080 -0.199509 9.827850
