0.397302 0 0 0 0 0 0 0 0.79841 
0.399125 0 0 0 0 0 0 0 0.805914 
0.39897 0 0 0 0 0 0 0 0.810671 
0.399241 0 0 0 0 0 0 0 0.813424 
0.393976 0 0 0 0 0 0 0 0.814508 
0.382536 0 0 0 0 0 0 0 0.813862 
0.364108 0 0 0 0 0 0 0 0.811516 
0.341581 0 0 0 0 0 0 0 0.807789 
0.316381 0 0 0 0 0 0 0 0.802666 
0.29208 0 0 0 0 0 0 0 0.796723 
0.27144 0 0 0 0 0 0 0 0.79059 
0.257495 0 0 0 0 0 0 0 0.784568 
0.251771 0 0 0 0 0 0 0 0.77979 
0.254997 0 0 0 0 0 0 0 0.777316 
0.265839 0 0 0 0 0 0 0 0.77731 
0.282874 0 0 0 0 0 0 0 0.778166 
0.304409 0 0 0 0 0 0 0 0.779904 
0.325768 0 0 0 0 0 0 0 0.781652 
0.344213 0 0 0 0 0 0 0 0.785241 
0.358953 0 0 0 0 0 0 0 0.789163 
0.369007 0 0 0 0 0 0 0 0.792991 
0.373043 0 0 0 0 0 0 0 0.796568 
0.375843 0 0 0 0 0 0 0 0.799779 
0.38025 0 0 0 0 0 0 0 0.803184 
0.386874 0 0 0 0 0 0 0 0.806419 
0.394536 0 0 0 0 0 0 0 0.809125 
0.404143 0 0 0 0 0 0 0 0.811801 
0.415874 0 0 0 0 0 0 0 0.813252 
0.417483 0 0 0 0 0 0 0 0.809798 
0.412479 0 0 0 0 0 0 0 0.80698 
0.406386 0 0 0 0 0 0 0 0.803359 
0.400554 0 0 0 0 0 0 0 0.797701 
0.399213 0 0 0 0 0 0 0 0.800368 
0.398599 0 0 0 0 0 0 0 0.803404 
0.397007 0 0 0 0 0 0 0 0.805292 
0.395056 0 0 0 0 0 0 0 0.806758 
0.392782 0 0 0 0 0 0 0 0.806554 
0.389415 0 0 0 0 0 0 0 0.804693 
0.38483 0 0 0 0 0 0 0 0.801952 
0.377175 0 0 0 0 0 0 0 0.798684 
0.366732 0 0 0 0 0 0 0 0.795094 
0.352136 0 0 0 0 0 0 0 0.785736 
0.337104 0 0 0 0 0 0 0 0.77926 
0.321565 0 0 0 0 0 0 0 0.779547 
0.303939 0 0 0 0 0 0 0 0.775118 
0.28536 0 0 0 0 0 0 0 0.773938 
0.271643 0 0 0 0 0 0 0 0.774945 
0.258667 0 0 0 0 0 0 0 0.777367 
0.247257 0 0 0 0 0 0 0 0.782226 
0.24068 0 0 0 0 0 0 0 0.788451 
0.239526 0 0 0 0 0 0 0 0.7949 
0.244193 0 0 0 0 0 0 0 0.800737 
0.253767 0 0 0 0 0 0 0 0.801706 
0.265923 0 0 0 0 0 0 0 0.807681 
0.277957 0 0 0 0 0 0 0 0.814806 
0.286876 0 0 0 0 0 0 0 0.822 
0.294451 0 0 0 0 0 0 0 0.826476 
0.296734 0 0 0 0 0 0 0 0.829646 
0.295384 0 0 0 0 0 0 0 0.828839 
0.290979 0 0 0 0 0 0 0 0.827326 
0.283965 0 0 0 0 0 0 0 0.825877 
0.274272 0 0 0 0 0 0 0 0.824534 
0.263095 0 0 0 0 0 0 0 0.823203 
0.253204 0 0 0 0 0 0 0 0.816891 
0.248325 0 0 0 0 0 0 0 0.814991 
0.239881 0 0 0 0 0 0 0 0.818247 
0.233017 0 0 0 0 0 0 0 0.819719 
0.221064 0 0 0 0 0 0 0 0.823722 
0.211331 0 0 0 0 0 0 0 0.827403 
0.201282 0 0 0 0 0 0 0 0.828289 
0.187333 0 0 0 0 0 0 0 0.829646 
0.176261 0 0 0 0 0 0 0 0.832298 
0.168379 0 0 0 0 0 0 0 0.835131 
0.166031 0 0 0 0 0 0 0 0.836801 
0.172667 0 0 0 0 0 0 0 0.830383 
0.178134 0 0 0 0 0 0 0 0.830358 
0.185245 0 0 0 0 0 0 0 0.832228 
0.195717 0 0 0 0 0 0 0 0.83303 
0.208201 0 0 0 0 0 0 0 0.832177 
0.220036 0 0 0 0 0 0 0 0.836095 
0.239778 0 0 0 0 0 0 0 0.836042 
0.268388 0 0 0 0 0 0 0 0.835963 
0.305722 0 0 0 0 0 0 0 0.837791 
0.349581 0 0 0 0 0 0 0 0.838042 
0.390417 0 0 0 0 0 0 0 0.83647 
0.434005 0 0 0 0 0 0 0 0.832171 
0.4738 0 0 0 0 0 0 0 0.826908 
0.527893 0 0 0 0 0 0 0 0.82374 
0.5536 0 0 0 0 0 0 0 0.822616 
0.573514 0 0 0 0 0 0 0 0.825757 
0.588505 0 0 0 0 0 0 0 0.823605 
0.602938 0 0 0 0 0 0 0 0.827563 
0.615986 0 0 0 0 0 0 0 0.832954 
0.628004 0 0 0 0 0 0 0 0.839692 
0.635106 0 0 0 0 0 0 0 0.844131 
0.642586 0 0 0 0 0 0 0 0.844976 
0.647418 0 0 0 0 0 0 0 0.842326 
0.660647 0 0 0 0 0 0 0 0.837111 
0.669625 0 0 0 0 0 0 0 0.830945 
0.662773 0 0 0 0 0 0 0 0.818075 
0.662496 0 0 0 0 0 0 0 0.814562 
0.658949 0 0 0 0 0 0 0 0.818779 
0.654078 0 0 0 0 0 0 0 0.821235 
0.649812 0 0 0 0 0 0 0 0.823367 
0.64685 0 0 0 0 0 0 0 0.825021 
0.645065 0 0 0 0 0 0 0 0.827437 
0.643489 0 0 0 0 0 0 0 0.83036 
0.642779 0 0 0 0 0 0 0 0.831918 
0.643732 0 0 0 0 0 0 0 0.832228 
0.647166 0 0 0 0 0 0 0 0.832635 
0.650038 0 0 0 0 0 0 0 0.833999 
0.659491 0 0 0 0 0 0 0 0.833979 
0.662989 0 0 0 0 0 0 0 0.835434 
0.665046 0 0 0 0 0 0 0 0.839898 
0.658315 0 0 0 0 0 0 0 0.842141 
0.648932 0 0 0 0 0 0 0 0.84337 
0.64009 0 0 0 0 0 0 0 0.839251 
0.630259 0 0 0 0 0 0 0 0.829431 
0.619412 0 0 0 0 0 0 0 0.81458 
0.605836 0 0 0 0 0 0 0 0.796383 
0.590907 0 0 0 0 0 0 0 0.776941 
0.574506 0 0 0 0 0 0 0 0.75866 
0.558664 0 0 0 0 0 0 0 0.743006 
0.541331 0 0 0 0 0 0 0 0.732182 
0.532201 0 0 0 0 0 0 0 0.726558 
0.524111 0 0 0 0 0 0 0 0.73162 
0.519307 0 0 0 0 0 0 0 0.735925 
0.515716 0 0 0 0 0 0 0 0.739966 
0.516049 0 0 0 0 0 0 0 0.741157 
0.521721 0 0 0 0 0 0 0 0.740375 
0.533286 0 0 0 0 0 0 0 0.738176 
0.549826 0 0 0 0 0 0 0 0.734587 
0.570357 0 0 0 0 0 0 0 0.729352 
0.59018 0 0 0 0 0 0 0 0.729583 
0.608925 0 0 0 0 0 0 0 0.736297 
0.622043 0 0 0 0 0 0 0 0.743124 
0.631076 0 0 0 0 0 0 0 0.750537 
0.635547 0 0 0 0 0 0 0 0.755844 
0.636062 0 0 0 0 0 0 0 0.757478 
0.632905 0 0 0 0 0 0 0 0.75703 
0.625166 0 0 0 0 0 0 0 0.755252 
0.613029 0 0 0 0 0 0 0 0.753333 
0.599012 0 0 0 0 0 0 0 0.752647 
0.581367 0 0 0 0 0 0 0 0.748803 
0.565745 0 0 0 0 0 0 0 0.749261 
0.554735 0 0 0 0 0 0 0 0.755766 
0.544426 0 0 0 0 0 0 0 0.758042 
0.537906 0 0 0 0 0 0 0 0.765706 
0.533003 0 0 0 0 0 0 0 0.773977 
0.528165 0 0 0 0 0 0 0 0.780048 
0.524981 0 0 0 0 0 0 0 0.786283 
0.522489 0 0 0 0 0 0 0 0.792042 
0.520533 0 0 0 0 0 0 0 0.796632 
0.518481 0 0 0 0 0 0 0 0.800896 
0.514834 0 0 0 0 0 0 0 0.80243 
0.510215 0 0 0 0 0 0 0 0.805848 
0.506373 0 0 0 0 0 0 0 0.810789 
0.501348 0 0 0 0 0 0 0 0.815845 
0.497692 0 0 0 0 0 0 0 0.819736 
0.496327 0 0 0 0 0 0 0 0.821449 
0.494828 0 0 0 0 0 0 0 0.820625 
0.491803 0 0 0 0 0 0 0 0.817676 
0.48622 0 0 0 0 0 0 0 0.814535 
0.478894 0 0 0 0 0 0 0 0.812149 
0.472837 0 0 0 0 0 0 0 0.809199 
0.460608 0 0 0 0 0 0 0 0.803482 
0.450205 0 0 0 0 0 0 0 0.802428 
0.442416 0 0 0 0 0 0 0 0.796299 
0.439879 0 0 0 0 0 0 0 0.793848 
0.442584 0 0 0 0 0 0 0 0.791856 
0.4498 0 0 0 0 0 0 0 0.789968 
0.459074 0 0 0 0 0 0 0 0.787532 
0.468958 0 0 0 0 0 0 0 0.784908 
0.478422 0 0 0 0 0 0 0 0.782647 
0.485116 0 0 0 0 0 0 0 0.78073 
0.485445 0 0 0 0 0 0 0 0.779636 
0.484745 0 0 0 0 0 0 0 0.783684 
0.489514 0 0 0 0 0 0 0 0.792319 
0.493343 0 0 0 0 0 0 0 0.798683 
0.497561 0 0 0 0 0 0 0 0.805731 
0.500404 0 0 0 0 0 0 0 0.809459 
0.500327 0 0 0 0 0 0 0 0.809744 
0.499075 0 0 0 0 0 0 0 0.807384 
0.492213 0 0 0 0 0 0 0 0.804242 
0.48328 0 0 0 0 0 0 0 0.803881 
0.472755 0 0 0 0 0 0 0 0.803701 
0.460737 0 0 0 0 0 0 0 0.79737 
0.44857 0 0 0 0 0 0 0 0.793082 
0.440735 0 0 0 0 0 0 0 0.784733 
0.440068 0 0 0 0 0 0 0 0.780471 
0.445446 0 0 0 0 0 0 0 0.780493 
0.454378 0 0 0 0 0 0 0 0.784402 
0.462427 0 0 0 0 0 0 0 0.788357 
0.468077 0 0 0 0 0 0 0 0.791852 
0.469629 0 0 0 0 0 0 0 0.793827 
0.46693 0 0 0 0 0 0 0 0.794328 
0.457984 0 0 0 0 0 0 0 0.789354 
0.446684 0 0 0 0 0 0 0 0.785883 
0.434859 0 0 0 0 0 0 0 0.78729 
0.420074 0 0 0 0 0 0 0 0.783013 
0.40582 0 0 0 0 0 0 0 0.784343 
0.393434 0 0 0 0 0 0 0 0.787005 
0.381304 0 0 0 0 0 0 0 0.789783 
0.370375 0 0 0 0 0 0 0 0.792689 
0.362759 0 0 0 0 0 0 0 0.795249 
0.357028 0 0 0 0 0 0 0 0.797815 
0.351216 0 0 0 0 0 0 0 0.80003 
0.346872 0 0 0 0 0 0 0 0.799865 
0.336838 0 0 0 0 0 0 0 0.800363 
0.326982 0 0 0 0 0 0 0 0.799191 
0.322109 0 0 0 0 0 0 0 0.800111 
0.322304 0 0 0 0 0 0 0 0.799929 
0.328157 0 0 0 0 0 0 0 0.800003 
0.338771 0 0 0 0 0 0 0 0.799477 
0.353793 0 0 0 0 0 0 0 0.799771 
0.370448 0 0 0 0 0 0 0 0.80067 
0.387221 0 0 0 0 0 0 0 0.800411 
0.399348 0 0 0 0 0 0 0 0.797893 
0.413195 0 0 0 0 0 0 0 0.799435 
0.421302 0 0 0 0 0 0 0 0.803338 
0.421727 0 0 0 0 0 0 0 0.807155 
0.416409 0 0 0 0 0 0 0 0.812416 
0.408365 0 0 0 0 0 0 0 0.818205 
0.402698 0 0 0 0 0 0 0 0.822583 
0.395531 0 0 0 0 0 0 0 0.824821 
0.38772 0 0 0 0 0 0 0 0.825905 
0.378584 0 0 0 0 0 0 0 0.825259 
0.368438 0 0 0 0 0 0 0 0.823229 
0.358852 0 0 0 0 0 0 0 0.82048 
0.352864 0 0 0 0 0 0 0 0.819472 
0.345237 0 0 0 0 0 0 0 0.82249 
0.337347 0 0 0 0 0 0 0 0.827938 
0.330604 0 0 0 0 0 0 0 0.831871 
0.323825 0 0 0 0 0 0 0 0.836913 
0.321264 0 0 0 0 0 0 0 0.842405 
0.326003 0 0 0 0 0 0 0 0.845041 
0.34021 0 0 0 0 0 0 0 0.847524 
0.363227 0 0 0 0 0 0 0 0.844088 
0.396044 0 0 0 0 0 0 0 0.839705 
0.434669 0 0 0 0 0 0 0 0.833972 
0.47793 0 0 0 0 0 0 0 0.828204 
0.510264 0 0 0 0 0 0 0 0.823205 
0.53128 0 0 0 0 0 0 0 0.818371 
0.550838 0 0 0 0 0 0 0 0.820439 
0.566708 0 0 0 0 0 0 0 0.824214 
0.5799 0 0 0 0 0 0 0 0.830342 
0.590992 0 0 0 0 0 0 0 0.83623 
0.598977 0 0 0 0 0 0 0 0.842065 
0.612206 0 0 0 0 0 0 0 0.846418 
0.622994 0 0 0 0 0 0 0 0.850442 
0.64202 0 0 0 0 0 0 0 0.856418 
0.652314 0 0 0 0 0 0 0 0.854939 
0.676659 0 0 0 0 0 0 0 0.861765 
0.682663 0 0 0 0 0 0 0 0.8734 
0.684894 0 0 0 0 0 0 0 0.881961 
0.684966 0 0 0 0 0 0 0 0.88744 
0.684802 0 0 0 0 0 0 0 0.890662 
0.687029 0 0 0 0 0 0 0 0.891459 
0.690942 0 0 0 0 0 0 0 0.89078 
0.697712 0 0 0 0 0 0 0 0.888371 
0.705083 0 0 0 0 0 0 0 0.884183 
0.714402 0 0 0 0 0 0 0 0.879155 
0.723806 0 0 0 0 0 0 0 0.870314 
0.735325 0 0 0 0 0 0 0 0.865849 
0.747455 0 0 0 0 0 0 0 0.866161 
0.753187 0 0 0 0 0 0 0 0.862677 
0.757352 0 0 0 0 0 0 0 0.864159 
0.7601 0 0 0 0 0 0 0 0.865833 
0.759445 0 0 0 0 0 0 0 0.867645 
0.755062 0 0 0 0 0 0 0 0.868629 
0.748605 0 0 0 0 0 0 0 0.870215 
0.741396 0 0 0 0 0 0 0 0.871471 
0.735722 0 0 0 0 0 0 0 0.872159 
0.732817 0 0 0 0 0 0 0 0.873336 
0.732171 0 0 0 0 0 0 0 0.874139 
0.728904 0 0 0 0 0 0 0 0.872452 
0.724379 0 0 0 0 0 0 0 0.871874 
0.717419 0 0 0 0 0 0 0 0.86822 
0.715425 0 0 0 0 0 0 0 0.866591 
0.714757 0 0 0 0 0 0 0 0.864792 
0.715856 0 0 0 0 0 0 0 0.8633 
0.717758 0 0 0 0 0 0 0 0.860625 
0.721759 0 0 0 0 0 0 0 0.858567 
0.72722 0 0 0 0 0 0 0 0.858055 
0.732411 0 0 0 0 0 0 0 0.860747 
0.737283 0 0 0 0 0 0 0 0.865025 
0.742174 0 0 0 0 0 0 0 0.86916 
0.743193 0 0 0 0 0 0 0 0.87234 
0.749183 0 0 0 0 0 0 0 0.875748 
0.757093 0 0 0 0 0 0 0 0.881778 
0.757818 0 0 0 0 0 0 0 0.8848 
0.758233 0 0 0 0 0 0 0 0.890135 
0.760477 0 0 0 0 0 0 0 0.895631 
0.771888 0 0 0 0 0 0 0 0.90115 
0.786119 0 0 0 0 0 0 0 0.905934 
0.789693 0 0 0 0 0 0 0 0.904319 
0.789447 0 0 0 0 0 0 0 0.900583 
0.787017 0 0 0 0 0 0 0 0.89576 
0.781865 0 0 0 0 0 0 0 0.888691 
0.774926 0 0 0 0 0 0 0 0.881011 
0.766712 0 0 0 0 0 0 0 0.869972 
0.759535 0 0 0 0 0 0 0 0.861339 
0.752889 0 0 0 0 0 0 0 0.856521 
0.749944 0 0 0 0 0 0 0 0.853637 
0.750053 0 0 0 0 0 0 0 0.853563 
0.751381 0 0 0 0 0 0 0 0.85656 
0.759689 0 0 0 0 0 0 0 0.86463 
0.770141 0 0 0 0 0 0 0 0.872132 
0.781146 0 0 0 0 0 0 0 0.878442 
0.788842 0 0 0 0 0 0 0 0.883839 
0.793188 0 0 0 0 0 0 0 0.889601 
0.791573 0 0 0 0 0 0 0 0.891209 
0.793931 0 0 0 0 0 0 0 0.8955 
0.795268 0 0 0 0 0 0 0 0.906739 
0.791457 0 0 0 0 0 0 0 0.907234 
0.792381 0 0 0 0 0 0 0 0.912026 
0.790871 0 0 0 0 0 0 0 0.912712 
0.787643 0 0 0 0 0 0 0 0.910854 
0.781713 0 0 0 0 0 0 0 0.905674 
0.773245 0 0 0 0 0 0 0 0.898934 
0.768765 0 0 0 0 0 0 0 0.892397 
0.76506 0 0 0 0 0 0 0 0.887621 
0.765794 0 0 0 0 0 0 0 0.883838 
0.764048 0 0 0 0 0 0 0 0.878564 
0.764477 0 0 0 0 0 0 0 0.876411 
0.768363 0 0 0 0 0 0 0 0.875275 
0.774228 0 0 0 0 0 0 0 0.872913 
0.781103 0 0 0 0 0 0 0 0.868677 
0.788867 0 0 0 0 0 0 0 0.863095 
0.795617 0 0 0 0 0 0 0 0.857779 
0.800681 0 0 0 0 0 0 0 0.852601 
0.804806 0 0 0 0 0 0 0 0.843297 
0.80485 0 0 0 0 0 0 0 0.818879 
0.806404 0 0 0 0 0 0 0 0.786475 
0.807981 0 0 0 0 0 0 0 0.742886 
0.806095 0 0 0 0 0 0 0 0.678525 
0.803978 0 0 0 0 0 0 0 0.600634 
0.798436 0 0 0 0 0 0 0 0.50697 
0.791992 0 0 0 0 0 0 0 0.397807 
0.786735 0 0 0 0 0 0 0 0.276877 
0.780997 0 0 0 0 0 0 0 0.146391 
0.778374 0 0 0 0 0 0 0 0.00952684 
0.778517 0 0 0 0 0 0 0 0 
0.779304 0 0 0 0 0 0 0 0 
0.768284 0 0 0 0 0 0 0 0 
0.757207 0 0 0 0 0 0 0 0 
0.74684 0 0 0 0 0 0 0 0 
0.738401 0 0 0 0 0 0 0 0 
0.732332 0 0 0 0 0 0 0 0 
0.72659 0 0 0 0 0 0 0 0 
0.721381 0 0 0 0 0 0 0 0 
0.709035 0 0 0 0 0 0 0 0 
0.679402 0 0 0 0 0 0 0 0 
0.621899 0 0 0 0 0 0 0 0 
0.540914 0 0 0 0 0 0 0 0 
0.437877 0 0 0 0 0 0 0 0 
0.310762 0 0 0 0 0 0 0 0 
0.16552 0 0 0 0 0 0 0 0 
0.00121931 0 0 0 0 0 0 0 0 
0 0 0 0 0 0 0 0 0 
0 0 0 0 0 0 0 0 0 
0 0 0 0 0 0 0 0 0 
0 0 0 0 0 0 0 0 0 
0 0 0 0 0 0 0 0 0 
0 0 0 0 0 0 0 0 0 
0 0 0 0 0 0 0 0 0 
0 0 0 0 0 0 0 0 0 
0 0 0 0 0 0 0 0 0 
0 0 0 0 0 0 0 0 0 
0 0 0 0 0 0 0 0 0 
0 0 0 0 0 0 0 0 0 
0 0 0 0 0 0 0 0 0 
0 0 0 0 0 0 0 0 0 
0 0 0 0 0 0 0 0 0 
0 0 0 0 0 0 0 0 0 
0 0 0 0 0 0 0 0 0 
0 0 0 0 0 0 0 0 0 
0 0 0 0 0 0 0 0 0 
0 0 0 0 0 0 0 0 0 
0 0 0 0 0 0 0 0 0 
0 0 0 0 0 0 0 0 0 
0 0 0 0 0 0 0 0 0 
0 0 0 0 0 0 0 0 0 
0 0 0 0 0 0 0 0 0 
0 0 0 0 0 0 0 0 0 
0 0 0 0 0 0 0 0 0 
0 0 0 0 0 0 0 0 0 
0 0 0 0 0 0 0 0 0 
0 0 0 0 0 0 0 0 0 
0 0 0 0 0 0 0 0 0 
0 0 0 0 0 0 0 0 0 
0 0 0 0 0 0 0 0 0 
0 0 0 0 0 0 0 0 0 
0 0 0 0 0 0 0 0 0 
0 0 0 0 0 0 0 0 0 
0 0 0 0 0 0 0 0 0 
0 0 0 0 0 0 0 0 0 
0 0 0 0 0 0 0 0 0 
0 0 0 0 0 0 0 0 0 
0 0 0 0 0 0 0 0 0 
0 0 0 0 0 0 0 0 0 
0 0 0 0 0 0 0 0 0 
0 0 0 0 0 0 0 0 0 
0 0 0 0 0 0 0 0 0 
0 0 0 0 0 0 0 0 0 
0 0 0 0 0 0 0 0 0 
0 0 0 0 0 0 0 0 0 
0 0 0 0 0 0 0 0 0 
0 0 0 0 0 0 0 0 0 
0 0 0 0 0 0 0 0 0 
0 0 0 0 0 0 0 0 0 
0 0 0 0 0 0 0 0 0 
0 0 0 0 0 0 0 0 0 
0 0 0 0 0 0 0 0 0 
0 0 0 0 0 0 0.0443491 0 0 
0 0 0 0 0 0 0.0382744 0 0 
0 0 0 0 0 0 0.0416603 0 0 
0 0 0 0 0 0 0.0353924 0 0 
0 0 0 0 0 0 0.0185813 0 0 
0 0 0 0 0 0 0 0 0 
0 0 0 0 0 0 0 0 0 
0 0 0 0 0 0 0 0 0 
0 0 0 0 0 0 0 0 0 
0 0 0 0 0 0 0.0314532 0 0 
0 0 0 0 0 0 0.00381348 0 0 
