0 0.293192 0 0 0 0 0 0.810296 0 
0 0.283057 0 0 0 0 0 0.825891 0 
0 0.273337 0 0 0 0 0 0.840942 0 
0 0.263973 0 0 0 0 0 0.85491 0 
0 0.254868 0 0 0 0 0 0.867277 0 
0 0.246063 0 0 0 0 0 0.877658 0 
0 0.23734 0 0 0 0 0 0.887868 0 
0 0.22865 0 0 0 0 0 0.898798 0 
0 0.219943 0 0 0 0 0 0.910364 0 
0 0.211023 0 0 0 0 0 0.920771 0 
0 0.201834 0 0 0 0 0 0.928575 0 
0 0.192481 0 0 0 0 0 0.933752 0 
0 0.182405 0 0 0 0 0 0.93681 0 
0 0.171734 0 0 0 0 0 0.938313 0 
0 0.160121 0 0 0 0 0 0.938799 0 
0 0.147649 0 0 0 0 0 0.938119 0 
0 0.134188 0 0 0 0 0 0.936468 0 
0 0.119513 0 0 0 0 0 0.934103 0 
0 0.10363 0 0 0 0 0 0.931659 0 
0 0.0865115 0 0 0 0 0 0.928688 0 
0 0.0681333 0 0 0 0 0 0.924266 0 
0 0.0484408 0 0 0 0 0 0.91814 0 
0 0.0275163 0 0 0 0 0 0.909772 0 
0 0.00539506 0 0 0 0 0 0.899138 0 
0 0 0 0 0 0 0 0.886673 0 
0 0 0 0 0 0 0 0.872561 0 
0 0 0 0 0 0 0 0.856061 0 
0 0 0 0 0 0 0 0.838392 0.018664 
0 0 0 0 0 0 0 0.815855 0.07763 
0 0 0 0 0 0 0 0.787763 0.139171 
0 0 0 0 0 0 0 0.752773 0.20087 
0 0 0 0 0 0 0 0.709531 0.250542 
0 0 0 0 0 0 0 0.653698 0.315124 
0 0 0 0 0 0 0 0.583911 0.384357 
0 0 0 0 0 0 0 0.499671 0.44548 
0 0 0 0 0 0 0 0.399452 0.499781 
0 0 0 0 0 0 0 0.283711 0.553292 
0 0 0 0 0 0 0 0.151437 0.605957 
0.0618211 0 0 0 0 0 0 0.00871107 0.650366 
0.216526 0 0 0 0 0 0 0 0.679165 
0.340385 0 0 0 0 0 0 0 0.719706 
0.460253 0 0 0 0 0 0 0 0.757013 
0.557122 0 0 0 0 0 0 0 0.791261 
0.641189 0 0 0 0 0 0 0 0.826654 
0.716988 0 0 0 0 0 0 0 0.84996 
0.772005 0 0 0 0 0 0 0 0.86929 
0.814299 0 0 0 0 0 0 0 0.886895 
0.837846 0 0 0 0 0 0 0 0.898448 
0.856567 0 0 0 0 0 0 0 0.910348 
0.862288 0 0 0 0 0 0 0 0.915117 
0.861643 0 0 0 0 0 0 0 0.913844 
0.861871 0 0 0 0 0 0 0 0.91515 
0.861361 0 0 0 0 0 0 0 0.912296 
0.858478 0 0 0 0 0 0 0 0.907258 
0.851177 0 0 0 0 0 0 0 0.898507 
0.860076 0 0 0 0 0 0 0 0.900887 
0.874072 0 0 0 0 0 0 0 0.907633 
0.886209 0 0 0 0 0 0 0 0.908062 
0.88687 0 0 0 0 0 0 0 0.906824 
0.898858 0 0 0 0 0 0 0 0.912161 
0.915899 0 0 0 0 0 0 0 0.923481 
0.926264 0 0 0 0 0 0 0 0.930976 
0.933891 0 0 0 0 0 0 0 0.937181 
0.936982 0 0 0 0 0 0 0 0.941339 
0.940222 0 0 0 0 0 0 0 0.946912 
0.941086 0 0 0 0 0 0 0 0.949064 
0.94134 0 0 0 0 0 0 0 0.950779 
0.935848 0 0 0 0 0 0 0 0.946147 
0.937563 0 0 0 0 0 0 0 0.948797 
0.942582 0 0 0 0 0 0 0 0.954743 
0.948925 0 0 0 0 0 0 0 0.962201 
0.951011 0 0 0 0 0 0 0 0.965516 
0.950122 0 0 0 0 0 0 0 0.964839 
0.949155 0 0 0 0 0 0 0 0.9652 
0.948919 0 0 0 0 0 0 0 0.965467 
0.949758 0 0 0 0 0 0 0 0.964339 
0.951083 0 0 0 0 0 0 0 0.963302 
0.952361 0 0 0 0 0 0 0 0.961983 
0.953816 0 0 0 0 0 0 0 0.96088 
0.956232 0 0 0 0 0 0 0 0.960272 
0.957861 0 0 0 0 0 0 0 0.959451 
0.958578 0 0 0 0 0 0 0 0.959705 
0.958507 0 0 0 0 0 0 0 0.960768 
0.957761 0 0 0 0 0 0 0 0.95984 
0.958012 0 0 0 0 0 0 0 0.962285 
0.958018 0 0 0 0 0 0 0 0.963742 
0.957674 0 0 0 0 0 0 0 0.963935 
0.956654 0 0 0 0 0 0 0 0.963708 
0.953076 0 0 0 0 0 0 0 0.96075 
0.953157 0 0 0 0 0 0 0 0.963099 
0.957272 0 0 0 0 0 0 0 0.968709 
0.960056 0 0 0 0 0 0 0 0.972592 
0.960027 0 0 0 0 0 0 0 0.972546 
0.95952 0 0 0 0 0 0 0 0.97306 
0.95959 0 0 0 0 0 0 0 0.973602 
0.95946 0 0 0 0 0 0 0 0.973544 
0.959338 0 0 0 0 0 0 0 0.972536 
0.958582 0 0 0 0 0 0 0 0.971443 
0.958735 0 0 0 0 0 0 0 0.971885 
0.958951 0 0 0 0 0 0 0 0.973674 
0.958728 0 0 0 0 0 0 0 0.973777 
0.958435 0 0 0 0 0 0 0 0.973835 
0.958316 0 0 0 0 0 0 0 0.973799 
0.957965 0 0 0 0 0 0 0 0.973561 
0.957692 0 0 0 0 0 0 0 0.973953 
0.957458 0 0 0 0 0 0 0 0.974205 
0.957227 0 0 0 0 0 0 0 0.974368 
0.95718 0 0 0 0 0 0 0 0.974429 
0.957322 0 0 0 0 0 0 0 0.974391 
0.957201 0 0 0 0 0 0 0 0.974337 
0.957236 0 0 0 0 0 0 0 0.974363 
0.957281 0 0 0 0 0 0 0 0.974258 
0.957195 0 0 0 0 0 0 0 0.97413 
0.956991 0 0 0 0 0 0 0 0.973931 
0.956955 0 0 0 0 0 0 0 0.973775 
0.956918 0 0 0 0 0 0 0 0.97364 
0.956854 0 0 0 0 0 0 0 0.973504 
0.956616 0 0 0 0 0 0 0 0.973455 
0.956275 0 0 0 0 0 0 0 0.973441 
0.955788 0 0 0 0 0 0 0 0.973512 
0.955234 0 0 0 0 0 0 0 0.973826 
0.954695 0 0 0 0 0 0 0 0.974194 
0.95432 0 0 0 0 0 0 0 0.974395 
0.954011 0 0 0 0 0 0 0 0.97449 
0.953723 0 0 0 0 0 0 0 0.974401 
0.953505 0 0 0 0 0 0 0 0.974239 
0.953301 0 0 0 0 0 0 0 0.974033 
0.95298 0 0 0 0 0 0 0 0.973812 
0.952644 0 0 0 0 0 0 0 0.973537 
0.952543 0 0 0 0 0 0 0 0.973591 
0.95272 0 0 0 0 0 0 0 0.973799 
0.953202 0 0 0 0 0 0 0 0.973429 
0.952891 0 0 0 0 0 0 0 0.973574 
0.952549 0 0 0 0 0 0 0 0.974009 
0.952163 0 0 0 0 0 0 0 0.974508 
0.951983 0 0 0 0 0 0 0 0.975036 
0.952304 0 0 0 0 0 0 0 0.97532 
0.953048 0 0 0 0 0 0 0 0.975495 
0.954114 0 0 0 0 0 0 0 0.975513 
0.955087 0 0 0 0 0 0 0 0.975519 
