0.599266 0 0 0 0 0 0 0 0.822209 
0.600814 0 0 0 0 0 0 0 0.826701 
0.601094 0 0 0 0 0 0 0 0.831843 
0.59996 0 0 0 0 0 0 0 0.83646 
0.597078 0 0 0 0 0 0 0 0.839811 
0.592291 0 0 0 0 0 0 0 0.841455 
0.584345 0 0 0 0 0 0 0 0.842194 
0.573469 0 0 0 0 0 0 0 0.842473 
0.562385 0 0 0 0 0 0 0 0.842452 
0.555358 0 0 0 0 0 0 0 0.842338 
0.556095 0 0 0 0 0 0 0 0.842375 
0.565719 0 0 0 0 0 0 0 0.842311 
0.582813 0 0 0 0 0 0 0 0.841654 
0.602877 0 0 0 0 0 0 0 0.840356 
0.620415 0 0 0 0 0 0 0 0.838033 
0.632765 0 0 0 0 0 0 0 0.834422 
0.638089 0 0 0 0 0 0 0 0.830178 
0.635442 0 0 0 0 0 0 0 0.826217 
0.627229 0 0 0 0 0 0 0 0.822662 
0.615747 0 0 0 0 0 0 0 0.819906 
0.605376 0 0 0 0 0 0 0 0.818571 
0.599358 0 0 0 0 0 0 0 0.817794 
0.5991 0 0 0 0 0 0 0 0.817558 
0.60421 0 0 0 0 0 0 0 0.817835 
0.612447 0 0 0 0 0 0 0 0.819061 
0.621467 0 0 0 0 0 0 0 0.82096 
0.627979 0 0 0 0 0 0 0 0.823667 
0.632892 0 0 0 0 0 0 0 0.826134 
0.633327 0 0 0 0 0 0 0 0.829336 
0.630606 0 0 0 0 0 0 0 0.833089 
0.62415 0 0 0 0 0 0 0 0.834435 
0.618376 0 0 0 0 0 0 0 0.837136 
0.61562 0 0 0 0 0 0 0 0.838171 
0.618279 0 0 0 0 0 0 0 0.837579 
0.626717 0 0 0 0 0 0 0 0.835902 
0.638614 0 0 0 0 0 0 0 0.833026 
0.650377 0 0 0 0 0 0 0 0.829277 
0.659033 0 0 0 0 0 0 0 0.824595 
0.660106 0 0 0 0 0 0 0 0.815813 
0.659818 0 0 0 0 0 0 0 0.815896 
0.655524 0 0 0 0 0 0 0 0.820593 
0.645411 0 0 0 0 0 0 0 0.823859 
0.633354 0 0 0 0 0 0 0 0.8289 
0.623168 0 0 0 0 0 0 0 0.832811 
0.618336 0 0 0 0 0 0 0 0.834484 
0.620575 0 0 0 0 0 0 0 0.83524 
0.626991 0 0 0 0 0 0 0 0.835323 
0.635346 0 0 0 0 0 0 0 0.834835 
0.6455 0 0 0 0 0 0 0 0.833548 
0.652744 0 0 0 0 0 0 0 0.831985 
0.654826 0 0 0 0 0 0 0 0.829448 
0.654683 0 0 0 0 0 0 0 0.820493 
0.654406 0 0 0 0 0 0 0 0.82068 
0.65179 0 0 0 0 0 0 0 0.820077 
0.649069 0 0 0 0 0 0 0 0.822196 
0.647549 0 0 0 0 0 0 0 0.823552 
0.650655 0 0 0 0 0 0 0 0.824121 
0.657883 0 0 0 0 0 0 0 0.822398 
0.670296 0 0 0 0 0 0 0 0.82031 
0.685856 0 0 0 0 0 0 0 0.819035 
0.700842 0 0 0 0 0 0 0 0.817358 
0.712731 0 0 0 0 0 0 0 0.815256 
0.718687 0 0 0 0 0 0 0 0.809429 
0.718565 0 0 0 0 0 0 0 0.800159 
0.712329 0 0 0 0 0 0 0 0.797178 
0.701419 0 0 0 0 0 0 0 0.794253 
0.684636 0 0 0 0 0 0 0 0.783489 
0.671442 0 0 0 0 0 0 0 0.767754 
0.667226 0 0 0 0 0 0 0 0.74024 
0.669949 0 0 0 0 0 0 0 0.70236 
0.676772 0 0 0 0 0 0 0 0.651848 
0.685784 0 0 0 0 0 0 0 0.588596 
0.691409 0 0 0 0 0 0 0 0.513413 
0.692613 0 0 0 0 0 0 0 0.426256 
0.688821 0 0 0 0 0 0 0 0.320765 
0.681332 0 0 0 0 0 0 0 0.218633 
0.672187 0 0 0 0 0 0 0 0.112708 
0.658403 0 0 0 0 0 0 0 0 
0.644875 0 0 0 0 0 0 0 0 
0.632527 0 0 0 0 0 0 0 0 
0.623034 0 0 0 0 0 0 0 0 
0.614374 0 0 0 0 0 0 0 0 
0.603139 0 0 0 0 0 0 0 0 
0.585979 0 0 0 0 0 0 0 0 
0.56649 0 0 0 0 0 0 0 0 
0.533543 0 0 0 0 0 0 0 0 
0.487333 0 0 0 0 0 0 0 0 
0.418593 0 0 0 0 0 0 0 0 
0.327986 0 0 0 0 0 0 0 0 
0.217768 0 0 0 0 0 0 0 0 
0.0928653 0 0 0 0 0 0 0 0 
0 0 0 0 0 0 0 0 0 
0 0 0 0 0 0 0 0 0 
0 0 0 0 0 0 0 0 0 
0 0 0 0 0 0 0 0 0 
0 0 0 0 0 0 0 0 0 
0 0 0 0 0 0 0 0 0 
0 0 0 0 0 0 0 0 0 
0 0 0 0 0 0 0 0 0 
0 0 0 0 0 0 0 0 0 
0 0 0 0 0 0 0 0 0 
0 0 0 0 0 0 0 0 0 
0 0 0 0 0 0 0 0 0 
0 0 0 0 0 0 0 0 0 
0 0 0 0 0 0 0 0 0 
0 0 0 0 0 0 0 0 0 
0 0 0 0 0 0 0 0 0 
0 0 0 0 0 0 0 0 0 
0 0 0 0 0 0 0 0 0 
0 0 0 0 0 0 0 0 0 
0 0 0 0 0 0 0 0 0 
0 0 0 0 0 0 0 0 0 
0 0 0 0 0 0 0 0 0 
0 0 0 0 0 0 0 0 0 
0 0 0 0 0 0 0 0 0 
0 0 0 0 0 0 0 0 0 
0 0 0 0 0 0 0 0 0 
0 0 0 0 0 0 0 0 0 
0 0 0 0 0 0 0 0 0 
0 0 0 0 0 0 0 0 0 
0 0 0 0 0 0 0 0 0 
0 0 0 0 0 0 0 0 0 
0 0 0 0 0 0 0 0 0 
0 0 0 0 0 0 0 0 0 
0 0 0 0 0 0 0 0 0 
0 0 0 0 0 0 0 0 0 
0 0 0 0 0 0 0 0 0 
0 0 0 0 0 0 0 0 0 
0 0 0 0 0 0 0 0 0 
0 0 0 0 0 0 0 0 0 
0 0 0 0 0 0 0 0 0 
0 0 0 0 0 0 0 0 0 
0 0 0 0 0 0 0 0 0 
0 0 0 0 0 0 0 0 0 
0 0 0 0 0 0 0 0 0 
0 0 0 0 0 0 0 0 0 
0 0 0 0 0 0 0 0 0 
0 0 0 0 0 0 0 0 0 
0 0 0 0 0 0 0 0 0 
0 0 0 0 0 0 0 0 0 
0 0 0 0 0 0 0 0 0 
0 0 0 0 0 0 0 0 0 
0 0 0 0 0 0 0 0 0 
0 0 0 0 0 0 0 0 0 
0 0 0 0 0 0 0 0 0 
0 0 0 0 0 0 0 0 0 
0 0 0 0 0 0 0 0 0 
0 0 0 0 0 0 0 0 0 
0 0 0 0 0 0 0 0 0 
0 0 0 0 0 0 0 0 0 
0 0 0 0 0 0 0 0 0 
0 0 0 0 0 0 0 0 0 
0 0 0 0 0 0 0 0 0 
0 0 0 0 0 0 0 0 0 
0 0 0 0 0 0 0 0 0 
0 0 0 0 0 0 0 0 0 
0 0 0 0 0 0 0 0 0 
0 0 0 0 0 0 0 0 0 
0 0 0 0 0 0 0 0 0 
0 0 0 0 0 0 0 0 0 
0 0 0 0 0 0 0 0 0 
0 0 0 0 0 0 0 0 0 
0 0 0 0 0 0 0.00747812 0 0 
0 0 0 0 0 0 0.0357337 0 0 
0 0 0 0 0 0 0.05505 0 0 
0 0 0 0 0 0 0.0650572 0 0 
0 0 0 0 0 0 0.0672264 0 0 
