0.673743 0 0 0 0 0 0 0 0.822017 
0.675536 0 0 0 0 0 0 0 0.815681 
0.67534 0 0 0 0 0 0 0 0.809458 
0.67171 0 0 0 0 0 0 0 0.803507 
0.666704 0 0 0 0 0 0 0 0.79876 
0.658165 0 0 0 0 0 0 0 0.795653 
0.648089 0 0 0 0 0 0 0 0.794486 
0.637942 0 0 0 0 0 0 0 0.795161 
0.62452 0 0 0 0 0 0 0 0.797377 
0.612036 0 0 0 0 0 0 0 0.800058 
0.605031 0 0 0 0 0 0 0 0.802479 
0.601782 0 0 0 0 0 0 0 0.804745 
0.601916 0 0 0 0 0 0 0 0.806594 
0.603912 0 0 0 0 0 0 0 0.807509 
0.606079 0 0 0 0 0 0 0 0.806912 
0.607219 0 0 0 0 0 0 0 0.804696 
0.605912 0 0 0 0 0 0 0 0.801088 
0.601514 0 0 0 0 0 0 0 0.796206 
0.593907 0 0 0 0 0 0 0 0.789912 
0.585572 0 0 0 0 0 0 0 0.781851 
0.578549 0 0 0 0 0 0 0 0.773125 
0.573706 0 0 0 0 0 0 0 0.764166 
0.570951 0 0 0 0 0 0 0 0.75658 
0.570532 0 0 0 0 0 0 0 0.751767 
0.57178 0 0 0 0 0 0 0 0.750155 
0.574212 0 0 0 0 0 0 0 0.751862 
0.576523 0 0 0 0 0 0 0 0.755731 
0.57581 0 0 0 0 0 0 0 0.762445 
0.570539 0 0 0 0 0 0 0 0.771714 
0.559756 0 0 0 0 0 0 0 0.782836 
0.547376 0 0 0 0 0 0 0 0.793452 
0.537508 0 0 0 0 0 0 0 0.801674 
0.531036 0 0 0 0 0 0 0 0.80639 
0.529127 0 0 0 0 0 0 0 0.807418 
0.530794 0 0 0 0 0 0 0 0.804241 
0.533766 0 0 0 0 0 0 0 0.797412 
0.536816 0 0 0 0 0 0 0 0.787114 
0.538262 0 0 0 0 0 0 0 0.774805 
0.537946 0 0 0 0 0 0 0 0.761369 
0.535798 0 0 0 0 0 0 0 0.748663 
0.537182 0 0 0 0 0 0 0 0.738413 
0.541151 0 0 0 0 0 0 0 0.72979 
0.547064 0 0 0 0 0 0 0 0.722936 
0.553728 0 0 0 0 0 0 0 0.718442 
0.558753 0 0 0 0 0 0 0 0.71543 
0.562227 0 0 0 0 0 0 0 0.715335 
0.563577 0 0 0 0 0 0 0 0.71811 
0.562227 0 0 0 0 0 0 0 0.723544 
0.559544 0 0 0 0 0 0 0 0.73054 
0.555879 0 0 0 0 0 0 0 0.7384 
0.54977 0 0 0 0 0 0 0 0.745341 
0.544463 0 0 0 0 0 0 0 0.74919 
0.538191 0 0 0 0 0 0 0 0.754631 
0.536176 0 0 0 0 0 0 0 0.766326 
0.537295 0 0 0 0 0 0 0 0.776036 
0.540086 0 0 0 0 0 0 0 0.779909 
0.54531 0 0 0 0 0 0 0 0.778805 
0.552242 0 0 0 0 0 0 0 0.775752 
0.558712 0 0 0 0 0 0 0 0.768562 
0.563944 0 0 0 0 0 0 0 0.757977 
0.566954 0 0 0 0 0 0 0 0.745968 
0.56892 0 0 0 0 0 0 0 0.734735 
0.568676 0 0 0 0 0 0 0 0.725696 
0.571235 0 0 0 0 0 0 0 0.717554 
0.56784 0 0 0 0 0 0 0 0.713252 
0.559254 0 0 0 0 0 0 0 0.709798 
0.549359 0 0 0 0 0 0 0 0.710812 
0.537479 0 0 0 0 0 0 0 0.714913 
0.525263 0 0 0 0 0 0 0 0.722221 
0.512255 0 0 0 0 0 0 0 0.729013 
0.499989 0 0 0 0 0 0 0 0.735368 
0.488668 0 0 0 0 0 0 0 0.741135 
0.480699 0 0 0 0 0 0 0 0.745255 
0.473778 0 0 0 0 0 0 0 0.744951 
0.476775 0 0 0 0 0 0 0 0.747868 
0.474854 0 0 0 0 0 0 0 0.751693 
0.472046 0 0 0 0 0 0 0 0.755191 
0.472804 0 0 0 0 0 0 0 0.757812 
0.476145 0 0 0 0 0 0 0 0.756568 
0.480863 0 0 0 0 0 0 0 0.749347 
0.481912 0 0 0 0 0 0 0 0.740935 
0.483814 0 0 0 0 0 0 0 0.731883 
0.486957 0 0 0 0 0 0 0 0.719712 
0.489559 0 0 0 0 0 0 0 0.705998 
0.502665 0 0 0 0 0 0 0 0.694859 
0.500576 0 0 0 0 0 0 0 0.681832 
0.497379 0 0 0 0 0 0 0 0.677735 
0.492403 0 0 0 0 0 0 0 0.673158 
0.488016 0 0 0 0 0 0 0 0.678732 
0.48238 0 0 0 0 0 0 0 0.683057 
0.479322 0 0 0 0 0 0 0 0.690209 
0.476687 0 0 0 0 0 0 0 0.695914 
0.47499 0 0 0 0 0 0 0 0.699798 
0.473834 0 0 0 0 0 0 0 0.702016 
0.472613 0 0 0 0 0 0 0 0.703501 
0.468843 0 0 0 0 0 0 0 0.700733 
0.470141 0 0 0 0 0 0 0 0.702137 
0.473727 0 0 0 0 0 0 0 0.704533 
0.47066 0 0 0 0 0 0 0 0.703851 
0.465301 0 0 0 0 0 0 0 0.700327 
0.458301 0 0 0 0 0 0 0 0.694929 
0.456477 0 0 0 0 0 0 0 0.687244 
0.457353 0 0 0 0 0 0 0 0.679804 
0.456172 0 0 0 0 0 0 0 0.672483 
0.457744 0 0 0 0 0 0 0 0.666328 
0.458706 0 0 0 0 0 0 0 0.654902 
0.459279 0 0 0 0 0 0 0 0.650257 
0.459866 0 0 0 0 0 0 0 0.65253 
0.459628 0 0 0 0 0 0 0 0.64815 
0.458883 0 0 0 0 0 0 0 0.647817 
0.45713 0 0 0 0 0 0 0 0.647748 
0.453796 0 0 0 0 0 0 0 0.647975 
0.449451 0 0 0 0 0 0 0 0.649846 
0.444061 0 0 0 0 0 0 0 0.653001 
0.438364 0 0 0 0 0 0 0 0.657307 
0.430578 0 0 0 0 0 0 0 0.660219 
0.430766 0 0 0 0 0 0 0 0.664596 
0.429018 0 0 0 0 0 0 0 0.670151 
0.425812 0 0 0 0 0 0 0 0.670774 
0.424201 0 0 0 0 0 0 0 0.67277 
0.423008 0 0 0 0 0 0 0 0.67188 
0.424516 0 0 0 0 0 0 0 0.66895 
0.425799 0 0 0 0 0 0 0 0.665708 
0.429328 0 0 0 0 0 0 0 0.663855 
0.432049 0 0 0 0 0 0 0 0.660704 
0.440123 0 0 0 0 0 0 0 0.658114 
0.447334 0 0 0 0 0 0 0 0.6542 
0.454679 0 0 0 0 0 0 0 0.651185 
0.457063 0 0 0 0 0 0 0 0.64475 
0.462443 0 0 0 0 0 0 0 0.635717 
0.461842 0 0 0 0 0 0 0 0.643308 
0.463939 0 0 0 0 0 0 0 0.649206 
0.456232 0 0 0 0 0 0 0 0.651497 
0.442534 0 0 0 0 0 0 0 0.652379 
0.428009 0 0 0 0 0 0 0 0.654361 
0.413404 0 0 0 0 0 0 0 0.658043 
0.393711 0 0 0 0 0 0 0 0.648048 
0.386234 0 0 0 0 0 0 0 0.649629 
0.385374 0 0 0 0 0 0 0 0.663907 
0.382843 0 0 0 0 0 0 0 0.669575 
0.38384 0 0 0 0 0 0 0 0.673669 
0.386637 0 0 0 0 0 0 0 0.675486 
0.389251 0 0 0 0 0 0 0 0.673503 
0.391623 0 0 0 0 0 0 0 0.669286 
0.391457 0 0 0 0 0 0 0 0.664274 
0.388572 0 0 0 0 0 0 0 0.658118 
0.382851 0 0 0 0 0 0 0 0.649067 
0.383107 0 0 0 0 0 0 0 0.643706 
0.385313 0 0 0 0 0 0 0 0.639035 
0.391586 0 0 0 0 0 0 0 0.63632 
0.396217 0 0 0 0 0 0 0 0.63509 
0.398781 0 0 0 0 0 0 0 0.636765 
0.39476 0 0 0 0 0 0 0 0.638284 
0.387424 0 0 0 0 0 0 0 0.641543 
0.375682 0 0 0 0 0 0 0 0.645003 
0.359284 0 0 0 0 0 0 0 0.648442 
0.331694 0 0 0 0 0 0 0 0.648493 
0.307937 0 0 0 0 0 0 0 0.656994 
0.290821 0 0 0 0 0 0 0 0.668063 
0.265114 0 0 0 0 0 0 0 0.669954 
0.243442 0 0 0 0 0 0 0 0.673311 
0.225929 0 0 0 0 0 0 0 0.674869 
0.212515 0 0 0 0 0 0 0 0.672747 
0.200323 0 0 0 0 0 0 0 0.667964 
0.188291 0 0 0 0 0 0 0 0.660801 
0.178133 0 0 0 0 0 0 0 0.652415 
0.170317 0 0 0 0 0 0 0 0.642946 
0.158914 0 0 0 0 0 0 0 0.635227 
0.153897 0 0 0 0 0 0 0 0.630393 
0.158428 0 0 0 0 0 0 0 0.620682 
0.171454 0 0 0 0 0 0 0 0.61419 
0.18991 0 0 0 0 0 0 0 0.607742 
0.212773 0 0 0 0 0 0 0 0.60198 
0.235699 0 0 0 0 0 0 0 0.597865 
0.255911 0 0 0 0 0 0 0 0.594504 
0.271007 0 0 0 0 0 0 0 0.59179 
0.280385 0 0 0 0 0 0 0 0.589829 
0.285958 0 0 0 0 0 0 0 0.586966 
0.291199 0 0 0 0 0 0 0 0.582729 
0.2858 0 0 0 0 0 0 0 0.581766 
0.274831 0 0 0 0 0 0 0 0.581695 
0.260718 0 0 0 0 0 0 0 0.580081 
0.247047 0 0 0 0 0 0 0 0.579237 
0.232296 0 0 0 0 0 0 0 0.577532 
0.219939 0 0 0 0 0 0 0 0.577547 
0.212434 0 0 0 0 0 0 0 0.578422 
0.209249 0 0 0 0 0 0 0 0.578826 
0.208428 0 0 0 0 0 0 0 0.578267 
0.209419 0 0 0 0 0 0 0 0.577252 
0.188898 0 0 0 0 0 0 0 0.576132 
0.165594 0 0 0 0 0 0 0 0.57425 
0.169569 0 0 0 0 0 0 0 0.577331 
0.175262 0 0 0 0 0 0 0 0.583326 
0.18208 0 0 0 0 0 0 0 0.58903 
0.190566 0 0 0 0 0 0 0 0.59533 
0.197396 0 0 0 0 0 0 0 0.600661 
0.198159 0 0 0 0 0 0 0 0.602404 
0.192386 0 0 0 0 0 0 0 0.602112 
0.177451 0 0 0 0 0 0 0 0.601954 
0.162769 0 0 0 0 0 0 0 0.603302 
0.145176 0 0 0 0 0 0 0 0.606962 
0.12534 0 0 0 0 0 0 0 0.610936 
0.110042 0 0 0 0 0 0 0 0.619313 
0.0899238 0 0 0 0 0 0 0 0.630794 
0.0651508 0 0 0 0 0 0 0 0.641721 
0.0419242 0 0 0 0 0 0 0 0.65143 
0.0168853 0 0 0 0 0 0 0 0.65762 
0 0 0 0 0 0 0 0 0.661277 
0 0 0 0 0 0 0 0 0.662646 
0 0 0 0 0 0 0 0 0.662096 
0 0 0 0 0 0 0 0 0.660279 
0 0 0 0 0 0 0 0 0.656913 
0 0 0 0 0 0 0 0 0.643032 
0 0 0 0 0 0 0 0 0.640505 
0 0 0 0 0 0 0 0 0.642411 
0 0 0 0 0 0 0 0 0.641176 
0 0 0 0 0 0 0 0 0.639706 
0 0 0 0 0 0 0 0 0.63757 
0 0 0 0 0 0 0 0 0.63581 
0 0 0 0 0 0 0 0 0.632229 
0 0 0 0 0 0 0 0 0.628612 
0 0 0 0 0 0 0 0 0.625729 
0 0 0 0 0 0 0 0 0.622664 
0.00797883 0 0 0 0 0 0 0 0.615865 
0.0266514 0 0 0 0 0 0 0 0.616212 
0.0360149 0 0 0 0 0 0 0 0.615324 
0.041086 0 0 0 0 0 0 0 0.609582 
0.0489853 0 0 0 0 0 0 0 0.612161 
0.0548002 0 0 0 0 0 0 0 0.616079 
0.0569411 0 0 0 0 0 0 0 0.617435 
0.0569033 0 0 0 0 0 0 0 0.615648 
0.0534638 0 0 0 0 0 0 0 0.61258 
0.0491082 0 0 0 0 0 0 0 0.608139 
0.0440214 0 0 0 0 0 0 0 0.602157 
0.0363187 0 0 0 0 0 0 0 0.591611 
0.0298076 0 0 0 0 0 0 0 0.586611 
0.020351 0 0 0 0 0 0 0 0.586905 
0.00508068 0 0 0 0 0 0 0 0.58843 
0 0 0 0 0 0 0 0 0.593368 
0 0 0 0 0 0 0 0 0.598982 
0 0 0 0 0 0 0 0 0.602494 
0 0 0 0 0 0 0 0 0.605323 
0 0 0 0 0 0 0 0 0.604854 
0 0 0 0 0 0 0 0 0.603754 
0 0 0 0 0 0 0 0 0.601275 
0 0 0 0 0 0 0 0 0.59609 
0 0 0 0 0 0 0 0 0.595326 
0 0 0 0 0 0 0 0 0.596937 
0 0 0 0 0 0 0 0 0.600015 
0 0 0 0 0 0 0 0 0.604546 
0 0 0 0 0 0 0 0 0.612134 
0 0 0 0 0 0 0 0 0.617195 
0 0 0 0 0 0 0 0 0.622094 
0 0 0 0 0 0 0 0 0.623414 
0 0 0 0 0 0 0 0 0.625434 
0 0 0 0 0 0 0 0 0.625563 
0 0 0 0 0 0 0 0 0.62286 
0.0103026 0 0 0 0 0 0 0 0.617023 
0.0561649 0 0 0 0 0 0 0 0.610267 
0.0930239 0 0 0 0 0 0 0 0.605629 
0.118781 0 0 0 0 0 0 0 0.603148 
0.139536 0 0 0 0 0 0 0 0.604289 
0.154365 0 0 0 0 0 0 0 0.608679 
0.163387 0 0 0 0 0 0 0 0.615089 
0.166502 0 0 0 0 0 0 0 0.624182 
0.161595 0 0 0 0 0 0 0 0.632982 
0.152518 0 0 0 0 0 0 0 0.642254 
0.140298 0 0 0 0 0 0 0 0.652675 
0.117714 0 0 0 0 0 0 0 0.657813 
0.0909408 0 0 0 0 0 0 0 0.661461 
0.0626218 0 0 0 0 0 0 0 0.668011 
0.0373454 0 0 0 0 0 0 0 0.673821 
0.015848 0 0 0 0 0 0 0 0.678546 
0.0028313 0 0 0 0 0 0 0 0.68438 
0.00144912 0 0 0 0 0 0 0 0.686957 
0.00898648 0 0 0 0 0 0 0 0.686347 
0.0245642 0 0 0 0 0 0 0 0.682929 
0.0434819 0 0 0 0 0 0 0 0.675984 
0.0612894 0 0 0 0 0 0 0 0.664125 
0.0770122 0 0 0 0 0 0 0 0.649648 
0.0899801 0 0 0 0 0 0 0 0.633276 
0.0985691 0 0 0 0 0 0 0 0.614067 
0.0943416 0 0 0 0 0 0 0 0.585566 
0.104802 0 0 0 0 0 0 0 0.585322 
0.106094 0 0 0 0 0 0 0 0.595951 
0.0982048 0 0 0 0 0 0 0 0.601622 
0.0889466 0 0 0 0 0 0 0 0.609408 
0.0686288 0 0 0 0 0 0 0 0.614965 
0.0489252 0 0 0 0 0 0 0 0.622837 
0.0279325 0 0 0 0 0 0 0 0.630987 
0.00192022 0 0 0 0 0 0 0 0.633523 
0 0 0 0 0 0 0 0 0.636223 
0 0 0 0 0 0 0 0 0.638317 
0 0 0 0 0 0 0 0 0.63157 
0 0 0 0 0 0 0 0 0.632741 
0 0 0 0 0 0 0 0 0.637101 
0 0 0 0 0 0 0 0 0.636162 
0 0 0 0 0 0 0 0 0.632677 
0 0 0 0 0 0 0 0 0.626732 
0 0 0 0 0 0 0 0 0.617817 
0 0 0 0 0 0 0 0 0.607631 
0 0 0 0 0 0 0 0 0.596086 
0 0 0 0 0 0 0 0 0.584767 
0 0 0 0 0 0 0 0 0.573943 
0 0 0 0 0 0 0 0 0.563609 
0 0 0 0 0 0 0 0 0.552919 
0 0 0 0 0 0 0 0 0.546335 
0 0 0 0 0 0 0 0 0.5437 
0 0 0 0 0 0 0 0 0.549911 
0 0 0 0 0 0 0 0 0.557103 
0 0 0 0 0 0 0 0 0.566404 
0 0 0 0 0 0 0 0 0.573508 
0 0 0 0 0 0 0 0 0.578907 
0 0 0 0 0 0 0 0 0.584608 
0 0 0 0 0 0 0 0 0.587495 
0 0 0 0 0 0 0 0 0.589823 
0 0 0 0 0 0 0 0 0.589808 
0 0 0 0 0 0 0 0 0.582959 
0 0 0 0 0 0 0 0 0.580604 
0 0 0 0 0 0 0 0 0.57104 
0.0137426 0 0 0 0 0 0 0 0.551763 
0.0396759 0 0 0 0 0 0 0 0.521168 
0.0685809 0 0 0 0 0 0 0 0.48079 
0.0999536 0 0 0 0 0 0 0 0.432366 
0.128328 0 0 0 0 0 0 0 0.375282 
0.144681 0 0 0 0 0 0 0 0.303659 
0.160172 0 0 0 0 0 0 0 0.244534 
0.173205 0 0 0 0 0 0 0 0.177087 
0.171632 0 0 0 0 0 0 0 0.116376 
0.25202 0 0 0 0 0 0 0 0.0794642 
0.24032 0 0 0 0 0 0 0 0 
0.230203 0 0 0 0 0 0 0 0 
0.21274 0 0 0 0 0 0 0 0 
0.198947 0 0 0 0 0 0 0 0 
0.19999 0 0 0 0 0 0 0 0 
0.189176 0 0 0 0 0 0 0 0 
0.185956 0 0 0 0 0 0 0 0 
0.186613 0 0 0 0 0 0 0 0 
0.166505 0 0 0 0 0 0 0 0 
0.123978 0 0 0 0 0 0 0 0 
0.0542104 0 0 0 0 0 0 0 0 
0 0 0 0 0 0 0 0 0 
0 0 0 0 0 0 0 0 0 
0 0 0 0 0 0 0 0 0 
0 0 0 0 0 0 0 0 0 
0 0 0 0 0 0 0 0 0 
0 0 0 0 0 0 0 0 0 
0 0 0 0 0 0 0 0 0 
0 0 0 0 0 0 0 0 0 
0 0 0 0 0 0 0 0 0 
0 0 0 0 0 0 0 0 0 
0 0 0 0 0 0 0 0 0 
0 0 0 0 0 0 0 0 0 
0 0 0 0 0 0 0 0 0 
0 0 0 0 0 0 0 0 0 
0 0 0 0 0 0 0 0 0 
0 0 0 0 0 0 0 0 0 
0 0 0 0 0 0 0 0 0 
0 0 0 0 0 0 0 0 0 
0 0 0 0 0 0 0 0 0 
0 0 0 0 0 0 0 0 0 
0 0 0 0 0 0 0 0 0 
0 0 0 0 0 0 0 0 0 
0 0 0 0 0 0 0 0 0 
0 0 0 0 0 0 0 0 0 
0 0 0 0 0 0 0 0 0 
0 0 0 0 0 0 0 0 0 
0 0 0 0 0 0 0 0 0 
0 0 0 0 0 0 0 0 0 
0 0 0 0 0 0 0 0 0 
0 0 0 0 0 0 0 0 0 
0 0 0 0 0 0 0 0 0 
0 0 0 0 0 0 0 0 0 
0 0 0 0 0 0 0 0 0 
0 0 0 0 0 0 0 0 0 
0 0 0 0 0 0 0 0 0 
0 0 0 0 0 0 0 0 0 
0 0 0 0 0 0 0 0 0 
0 0 0 0 0 0 0 0 0 
0 0 0 0 0 0 0 0 0 
0 0 0 0 0 0 0 0 0 
0 0 0 0 0 0 0 0 0 
0 0 0 0 0 0 0 0 0 
0 0 0 0 0 0 0 0 0 
0 0 0 0 0 0 0 0 0 
0 0 0 0 0 0 0 0 0 
0 0 0 0 0 0 0 0 0 
0 0 0 0 0 0 0 0 0 
0 0 0 0 0 0 0 0 0 
0 0 0 0 0 0 0 0 0 
0 0 0 0 0 0 0 0 0 
0 0 0 0 0 0 0 0 0 
0 0 0 0 0 0 0 0 0 
0 0 0 0 0 0 0 0 0 
0 0 0 0 0 0 0 0 0 
0 0 0 0 0 0 0 0 0 
0 0 0 0 0 0 0 0 0 
