0 0.233248 0 0 0 0.0615024 0 0 0 
0 0.265943 0 0 0 0.0578041 0 0 0 
0 0.297414 0 0 0 0.0539012 0 0 0 
0 0.327436 0 0 0 0.0458599 0 0 0 
0 0.355773 0 0 0 0.0388221 0 0 0 
0 0.382234 0 0 0 0.0337847 0 0 0 
0 0.406639 0 0 0 0.0251459 0 0 0 
0 0.429196 0 0 0 0.0225936 0 0 0 
0 0.449626 0 0 0 0.00589834 0 0 0 
0 0.468259 0 0 0 0.0118542 0 0 0 
0 0.485031 0 0 0 0.0204535 0 0 0 
0 0.50022 0 0 0 0.0254398 0 0 0 
0 0.513895 0 0 0 0.0179059 0 0 0 
0 0.526392 0 0 0 0.000764058 0 0 0 
0 0.537788 0 0 0 0 0 0 0 
0 0.548256 0 0 0 0 0 0 0 
0 0.557848 0 0 0 0 0 0 0 
0 0.566603 0 0 0 0 0 0 0 
0 0.574573 0 0 0 0 0 0 0 
0 0.581836 0 0 0 0 0 0 0 
0 0.588145 0 0 0 0 0 0 0 
0 0.594345 0 0 0 0 0 0 0 
0 0.599811 0 0 0 0 0 0 0 
0 0.603853 0 0 0 0 0 0 0 
0 0.606257 0 0 0 0 0 0 0 
0 0.60815 0 0 0 0 0 0 0 
0 0.609255 0 0 0 0 0 0 0 
0 0.60866 0 0 0 0 0 0 0 
0 0.607471 0 0 0 0 0 0 0 
0 0.605455 0 0 0 0 0 0 0 
0 0.602708 0 0 0 0 0 0 0 
0 0.59904 0 0 0 0 0 0 0 
0 0.594546 0 0 0 0 0 0 0 
0 0.589041 0 0 0 0 0 0 0 
0 0.582932 0 0 0 0 0 0 0 
0 0.576208 0 0 0 0 0 0 0 
0 0.568671 0 0 0 0 0 0 0 
0 0.56068 0 0 0 0 0 0 0 
0 0.552307 0 0 0 0 0 0 0 
0 0.543462 0 0 0 0 0 0 0 
0 0.534256 0 0 0 0 0 0 0 
0 0.524997 0 0 0 0 0 0 0 
0 0.515907 0 0 0 0 0 0 0 
0 0.506825 0 0 0 0 0 0 0 
0 0.498055 0 0 0 0 0 0 0 
0 0.489384 0 0 0 0 0 0 0 
0 0.480764 0 0 0 0 0 0 0 
0 0.472448 0 0 0 0 0 0 0 
0 0.464394 0 0 0 0 0 0 0 
0 0.456292 0 0 0 0 0 0 0 
0 0.448204 0 0 0 0 0 0 0 
0 0.439968 0 0 0 0 0 0 0 
0 0.43166 0 0 0 0 0 0 0 
0 0.423156 0 0 0 0 0 0 0 
0 0.414628 0 0 0 0 0 0 0 
0 0.405933 0 0 0 0 0 0 0 
0 0.396618 0 0 0 0 0 0 0 
0 0.386553 0 0 0 0 0 0 0 
0 0.375712 0 0 0 0 0 0 0 
0 0.363814 0 0 0 0 0 0 0 
0 0.35118 0 0 0 0 0 0 0 
0 0.3374 0 0 0 0 0 0 0 
0 0.322159 0 0 0 0 0 0 0 
0 0.306014 0 0 0 0 0 0 0 
0 0.289221 0 0 0 0 0 0 0 
0 0.27152 0 0 0 0 0 0 0 
0 0.254647 0 0 0 0 0 0 0 
0 0.236492 0 0 0 0 0 0 0 
0 0.217596 0 0 0 0 0 0 0 
0 0.197964 0 0 0 0 0 0 0 
0 0.178966 0 0 0 0 0 0 0 
0 0.158142 0 0 0 0 0 0 0 
0 0.137114 0 0 0 0 0 0 0 
0 0.116368 0 0 0 0 0 0 0 
0 0.0970402 0 0 0 0 0 0 0 
0 0.0788524 0 0 0 0 0 0 0 
0 0.0616123 0 0 0 0 0 0 0 
0 0.0437448 0 0 0 0 0 0 0 
0 0.0258393 0 0 0 0 0 0 0 
0 0.00748058 0 0 0 0 0 0 0 
0 0 0 0 0 0 0 0 0 
0 0 0 0 0 0 0 0 0 
0 0 0 0 0 0 0 0 0 
0 0 0 0 0 0 0 0 0 
0 0 0 0 0 0 0 0 0 
0 0 0 0 0 0 0 0 0 
0 0 0 0 0 0 0 0 0 
0 0 0 0 0 0 0 0 0 
0 0 0 0 0 0 0 0 0 
0 0 0 0 0 0 0 0 0 
0 0 0 0 0 0 0 0 0 
0 0 0 0 0 0 0 0 0 
0 0 0 0 0 0 0 0 0 
0 0 0 0 0 0 0 0 0 
0 0 0 0 0 0 0 0 0 
0 0 0 0 0 0 0 0 0 
0 0 0 0 0 0 0 0 0 
0 0 0 0 0 0 0 0 0 
0 0 0 0 0 0 0 0 0 
0 0 0 0 0 0 0 0 0 
0 0 0 0 0 0 0 0 0 
0 0 0 0 0 0 0 0 0 
0 0 0 0 0 0 0 0 0.016866 
0 0 0 0 0 0 0 0 0.0365781 
0 0 0 0 0 0 0 0 0.0567 
0 0 0 0 0 0 0 0 0.0693272 
0 0 0 0 0 0 0 0 0.0809703 
0 0 0 0 0 0 0 0 0.0904228 
0 0 0 0 0 0 0 0 0.101422 
0 0 0 0 0 0 0 0 0.113218 
0 0 0 0 0 0 0 0 0.125582 
0 0 0 0 0 0 0 0 0.138233 
0 0 0 0 0 0 0 0 0.152482 
0 0 0 0 0 0 0 0 0.165909 
0 0 0 0 0 0 0 0 0.182247 
0 0 0 0 0 0 0 0 0.190592 
0 0 0 0 0 0 0 0 0.20052 
0 0 0 0 0 0 0 0 0.203311 
0 0 0 0 0 0 0 0 0.21185 
0 0 0 0 0 0 0 0 0.221749 
0 0 0 0 0 0 0 0 0.238571 
0 0 0 0 0 0 0 0 0.254233 
0 0 0 0 0 0 0 0 0.277416 
0 0 0 0 0 0 0 0 0.300975 
0 0 0 0 0 0 0 0 0.329603 
0 0 0 0 0 0 0 0 0.357843 
0 0 0 0 0 0 0 0 0.388049 
0 0 0 0 0 0 0 0 0.429178 
0 0 0 0 0 0 0 0 0.462719 
0 0 0 0 0 0 0 0 0.487372 
0 0 0 0 0 0 0 0 0.511564 
0 0 0 0 0 0 0 0 0.530552 
0 0 0 0 0 0 0 0 0.548357 
0 0 0 0 0 0 0 0 0.562142 
0 0 0 0 0 0 0 0 0.575647 
0 0 0 0 0 0 0 0 0.586769 
0 0 0 0 0 0 0 0 0.593031 
0 0 0 0 0 0 0 0 0.6012 
0 0 0 0 0 0 0 0 0.600539 
0 0 0 0 0 0 0 0 0.603514 
0 0 0 0 0 0 0 0 0.604849 
0.0368997 0 0 0 0 0 0 0 0.610832 
0.108378 0 0 0 0 0 0 0 0.619749 
0.18768 0 0 0 0 0 0 0 0.637918 
0.267323 0 0 0 0 0 0 0 0.655769 
0.343512 0 0 0 0 0 0 0 0.676495 
0.414563 0 0 0 0 0 0 0 0.702229 
0.478092 0 0 0 0 0 0 0 0.722681 
0.539616 0 0 0 0 0 0 0 0.74301 
0.591276 0 0 0 0 0 0 0 0.765076 
0.626115 0 0 0 0 0 0 0 0.780738 
0.665804 0 0 0 0 0 0 0 0.801196 
0.694738 0 0 0 0 0 0 0 0.820554 
0.709408 0 0 0 0 0 0 0 0.836721 
0.729529 0 0 0 0 0 0 0 0.854007 
0.741922 0 0 0 0 0 0 0 0.870503 
0.744425 0 0 0 0 0 0 0 0.876071 
0.747668 0 0 0 0 0 0 0 0.882684 
0.752073 0 0 0 0 0 0 0 0.890744 
0.759086 0 0 0 0 0 0 0 0.89945 
0.766381 0 0 0 0 0 0 0 0.904137 
0.773982 0 0 0 0 0 0 0 0.907417 
0.781496 0 0 0 0 0 0 0 0.911048 
0.789911 0 0 0 0 0 0 0 0.915528 
0.793431 0 0 0 0 0 0 0 0.916981 
0.805565 0 0 0 0 0 0 0 0.91765 
0.821552 0 0 0 0 0 0 0 0.920271 
0.836531 0 0 0 0 0 0 0 0.922015 
0.852199 0 0 0 0 0 0 0 0.92482 
0.86405 0 0 0 0 0 0 0 0.926748 
0.877649 0 0 0 0 0 0 0 0.928961 
0.887994 0 0 0 0 0 0 0 0.930097 
0.896331 0 0 0 0 0 0 0 0.933413 
0.900614 0 0 0 0 0 0 0 0.937293 
0.901141 0 0 0 0 0 0 0 0.9391 
0.903254 0 0 0 0 0 0 0 0.94238 
0.908496 0 0 0 0 0 0 0 0.948391 
0.911865 0 0 0 0 0 0 0 0.949611 
0.914224 0 0 0 0 0 0 0 0.948655 
0.915791 0 0 0 0 0 0 0 0.94848 
0.917221 0 0 0 0 0 0 0 0.947919 
0.918421 0 0 0 0 0 0 0 0.947172 
0.918454 0 0 0 0 0 0 0 0.946675 
0.917399 0 0 0 0 0 0 0 0.945072 
0.915575 0 0 0 0 0 0 0 0.943863 
0.913909 0 0 0 0 0 0 0 0.943423 
0.913424 0 0 0 0 0 0 0 0.94433 
0.913115 0 0 0 0 0 0 0 0.943615 
0.913509 0 0 0 0 0 0 0 0.946469 
0.913659 0 0 0 0 0 0 0 0.948961 
0.913468 0 0 0 0 0 0 0 0.950856 
0.912118 0 0 0 0 0 0 0 0.949849 
0.910565 0 0 0 0 0 0 0 0.949366 
0.909071 0 0 0 0 0 0 0 0.949693 
0.907013 0 0 0 0 0 0 0 0.94928 
0.904738 0 0 0 0 0 0 0 0.949526 
0.902234 0 0 0 0 0 0 0 0.950084 
0.899966 0 0 0 0 0 0 0 0.95016 
0.898354 0 0 0 0 0 0 0 0.949196 
0.897125 0 0 0 0 0 0 0 0.947495 
0.896532 0 0 0 0 0 0 0 0.945002 
0.896905 0 0 0 0 0 0 0 0.942149 
0.897918 0 0 0 0 0 0 0 0.939559 
0.899322 0 0 0 0 0 0 0 0.93754 
0.900666 0 0 0 0 0 0 0 0.935666 
0.901536 0 0 0 0 0 0 0 0.932421 
0.901035 0 0 0 0 0 0 0 0.928825 
0.90267 0 0 0 0 0 0 0 0.935863 
0.904435 0 0 0 0 0 0 0 0.940507 
0.904721 0 0 0 0 0 0 0 0.944481 
0.904814 0 0 0 0 0 0 0 0.946528 
0.904715 0 0 0 0 0 0 0 0.94942 
0.906052 0 0 0 0 0 0 0 0.949913 
0.912431 0 0 0 0 0 0 0 0.948471 
0.91232 0 0 0 0 0 0 0 0.946798 
0.91492 0 0 0 0 0 0 0 0.948601 
0.915036 0 0 0 0 0 0 0 0.951692 
0.917421 0 0 0 0 0 0 0 0.952261 
0.917107 0 0 0 0 0 0 0 0.953233 
0.916508 0 0 0 0 0 0 0 0.954096 
0.915525 0 0 0 0 0 0 0 0.954318 
0.915306 0 0 0 0 0 0 0 0.954547 
0.914934 0 0 0 0 0 0 0 0.953743 
0.913818 0 0 0 0 0 0 0 0.953143 
0.913268 0 0 0 0 0 0 0 0.95262 
0.91295 0 0 0 0 0 0 0 0.952512 
0.912788 0 0 0 0 0 0 0 0.951912 
0.912174 0 0 0 0 0 0 0 0.951703 
0.911497 0 0 0 0 0 0 0 0.951898 
0.910713 0 0 0 0 0 0 0 0.952123 
0.909931 0 0 0 0 0 0 0 0.952184 
0.909305 0 0 0 0 0 0 0 0.952311 
0.908932 0 0 0 0 0 0 0 0.952371 
0.909151 0 0 0 0 0 0 0 0.952473 
0.909213 0 0 0 0 0 0 0 0.95249 
0.909082 0 0 0 0 0 0 0 0.952278 
0.908531 0 0 0 0 0 0 0 0.9521 
0.908183 0 0 0 0 0 0 0 0.951634 
0.907734 0 0 0 0 0 0 0 0.951165 
0.906966 0 0 0 0 0 0 0 0.950701 
0.905941 0 0 0 0 0 0 0 0.950304 
0.905001 0 0 0 0 0 0 0 0.950269 
0.904204 0 0 0 0 0 0 0 0.950516 
0.903601 0 0 0 0 0 0 0 0.950885 
0.903217 0 0 0 0 0 0 0 0.951125 
0.902947 0 0 0 0 0 0 0 0.951176 
0.902808 0 0 0 0 0 0 0 0.951045 
0.902649 0 0 0 0 0 0 0 0.950824 
0.902481 0 0 0 0 0 0 0 0.9507 
0.902396 0 0 0 0 0 0 0 0.950627 
0.90234 0 0 0 0 0 0 0 0.950585 
0.902352 0 0 0 0 0 0 0 0.950523 
0.902454 0 0 0 0 0 0 0 0.950333 
0.902527 0 0 0 0 0 0 0 0.950001 
0.902693 0 0 0 0 0 0 0 0.949683 
0.902915 0 0 0 0 0 0 0 0.949492 
0.903207 0 0 0 0 0 0 0 0.949371 
0.903573 0 0 0 0 0 0 0 0.949336 
0.903812 0 0 0 0 0 0 0 0.949465 
0.903946 0 0 0 0 0 0 0 0.949616 
0.903941 0 0 0 0 0 0 0 0.949602 
0.903839 0 0 0 0 0 0 0 0.949638 
0.903729 0 0 0 0 0 0 0 0.949683 
0.903612 0 0 0 0 0 0 0 0.949904 
0.903498 0 0 0 0 0 0 0 0.950074 
0.903378 0 0 0 0 0 0 0 0.950163 
0.903265 0 0 0 0 0 0 0 0.950204 
0.903253 0 0 0 0 0 0 0 0.949967 
0.903293 0 0 0 0 0 0 0 0.949557 
0.903087 0 0 0 0 0 0 0 0.948746 
0.902739 0 0 0 0 0 0 0 0.948225 
0.90248 0 0 0 0 0 0 0 0.947893 
0.902219 0 0 0 0 0 0 0 0.947536 
0.902015 0 0 0 0 0 0 0 0.947478 
0.902093 0 0 0 0 0 0 0 0.947713 
0.902178 0 0 0 0 0 0 0 0.947871 
0.902544 0 0 0 0 0 0 0 0.947969 
0.902891 0 0 0 0 0 0 0 0.948035 
0.903053 0 0 0 0 0 0 0 0.948035 
0.903051 0 0 0 0 0 0 0 0.9481 
0.902923 0 0 0 0 0 0 0 0.948083 
0.902724 0 0 0 0 0 0 0 0.948093 
0.90246 0 0 0 0 0 0 0 0.948031 
0.902197 0 0 0 0 0 0 0 0.947884 
0.902069 0 0 0 0 0 0 0 0.947968 
0.902043 0 0 0 0 0 0 0 0.948054 
0.901927 0 0 0 0 0 0 0 0.948003 
0.901821 0 0 0 0 0 0 0 0.948061 
0.901677 0 0 0 0 0 0 0 0.947956 
0.901538 0 0 0 0 0 0 0 0.947715 
0.901411 0 0 0 0 0 0 0 0.947441 
0.901435 0 0 0 0 0 0 0 0.947225 
0.901425 0 0 0 0 0 0 0 0.947167 
0.901284 0 0 0 0 0 0 0 0.946949 
0.90121 0 0 0 0 0 0 0 0.946833 
0.901038 0 0 0 0 0 0 0 0.946792 
0.90081 0 0 0 0 0 0 0 0.946819 
0.90069 0 0 0 0 0 0 0 0.946758 
0.900697 0 0 0 0 0 0 0 0.946729 
0.900726 0 0 0 0 0 0 0 0.946543 
0.900666 0 0 0 0 0 0 0 0.946419 
0.900567 0 0 0 0 0 0 0 0.946292 
0.900511 0 0 0 0 0 0 0 0.946214 
0.900604 0 0 0 0 0 0 0 0.946302 
0.900775 0 0 0 0 0 0 0 0.946416 
0.901022 0 0 0 0 0 0 0 0.946546 
0.901263 0 0 0 0 0 0 0 0.946658 
0.901453 0 0 0 0 0 0 0 0.946798 
0.901675 0 0 0 0 0 0 0 0.946883 
0.901829 0 0 0 0 0 0 0 0.946994 
0.901895 0 0 0 0 0 0 0 0.947004 
0.902078 0 0 0 0 0 0 0 0.946915 
0.902173 0 0 0 0 0 0 0 0.946844 
0.902411 0 0 0 0 0 0 0 0.946825 
0.902574 0 0 0 0 0 0 0 0.946691 
0.902683 0 0 0 0 0 0 0 0.946691 
0.902703 0 0 0 0 0 0 0 0.946671 
0.902583 0 0 0 0 0 0 0 0.94676 
0.902286 0 0 0 0 0 0 0 0.946846 
0.90211 0 0 0 0 0 0 0 0.946984 
0.901955 0 0 0 0 0 0 0 0.947058 
0.902001 0 0 0 0 0 0 0 0.947146 
0.901972 0 0 0 0 0 0 0 0.947148 
0.901927 0 0 0 0 0 0 0 0.947029 
0.901842 0 0 0 0 0 0 0 0.946768 
0.901916 0 0 0 0 0 0 0 0.946582 
0.901969 0 0 0 0 0 0 0 0.946485 
0.902006 0 0 0 0 0 0 0 0.9465 
0.901859 0 0 0 0 0 0 0 0.946463 
0.90157 0 0 0 0 0 0 0 0.946442 
0.901223 0 0 0 0 0 0 0 0.946258 
0.900964 0 0 0 0 0 0 0 0.946022 
0.900868 0 0 0 0 0 0 0 0.946033 
0.900737 0 0 0 0 0 0 0 0.945753 
0.900648 0 0 0 0 0 0 0 0.945465 
0.900516 0 0 0 0 0 0 0 0.945247 
0.900475 0 0 0 0 0 0 0 0.945016 
0.900546 0 0 0 0 0 0 0 0.944867 
0.900665 0 0 0 0 0 0 0 0.944791 
0.900744 0 0 0 0 0 0 0 0.944697 
0.900738 0 0 0 0 0 0 0 0.944565 
0.900544 0 0 0 0 0 0 0 0.944408 
0.90001 0 0 0 0 0 0 0 0.944105 
0.899415 0 0 0 0 0 0 0 0.94401 
0.898861 0 0 0 0 0 0 0 0.944041 
0.898314 0 0 0 0 0 0 0 0.943897 
0.897845 0 0 0 0 0 0 0 0.943827 
0.897559 0 0 0 0 0 0 0 0.943769 
0.897532 0 0 0 0 0 0 0 0.943742 
0.897478 0 0 0 0 0 0 0 0.943721 
0.897442 0 0 0 0 0 0 0 0.943804 
0.897466 0 0 0 0 0 0 0 0.943889 
0.897414 0 0 0 0 0 0 0 0.943958 
0.897208 0 0 0 0 0 0 0 0.943996 
0.896962 0 0 0 0 0 0 0 0.944001 
0.896572 0 0 0 0 0 0 0 0.943853 
0.896262 0 0 0 0 0 0 0 0.94364 
0.895887 0 0 0 0 0 0 0 0.943326 
0.895571 0 0 0 0 0 0 0 0.943067 
0.895341 0 0 0 0 0 0 0 0.942861 
0.894989 0 0 0 0 0 0 0 0.942517 
0.894625 0 0 0 0 0 0 0 0.942376 
0.89419 0 0 0 0 0 0 0 0.942155 
0.893692 0 0 0 0 0 0 0 0.941916 
0.89313 0 0 0 0 0 0 0 0.941677 
0.892657 0 0 0 0 0 0 0 0.941526 
0.892197 0 0 0 0 0 0 0 0.941294 
0.891971 0 0 0 0 0 0 0 0.941173 
0.891818 0 0 0 0 0 0 0 0.941052 
0.891847 0 0 0 0 0 0 0 0.940833 
0.891847 0 0 0 0 0 0 0 0.940475 
0.891907 0 0 0 0 0 0 0 0.94016 
0.891946 0 0 0 0 0 0 0 0.940007 
0.891868 0 0 0 0 0 0 0 0.940058 
0.891663 0 0 0 0 0 0 0 0.940142 
0.891183 0 0 0 0 0 0 0 0.940256 
0.890409 0 0 0 0 0 0 0 0.940382 
0.889418 0 0 0 0 0 0 0 0.940323 
0.888145 0 0 0 0 0 0 0 0.940275 
0.887004 0 0 0 0 0 0 0 0.940126 
0.886259 0 0 0 0 0 0 0 0.939997 
0.885654 0 0 0 0 0 0 0 0.939918 
0.885337 0 0 0 0 0 0 0 0.93988 
0.885162 0 0 0 0 0 0 0 0.939867 
0.88507 0 0 0 0 0 0 0 0.93988 
0.885027 0 0 0 0 0 0 0 0.940039 
0.884924 0 0 0 0 0 0 0 0.940066 
0.884687 0 0 0 0 0 0 0 0.940015 
0.884298 0 0 0 0 0 0 0 0.93976 
0.883968 0 0 0 0 0 0 0 0.939356 
0.883563 0 0 0 0 0 0 0 0.93881 
0.883201 0 0 0 0 0 0 0 0.938272 
0.882718 0 0 0 0 0 0 0 0.937726 
0.882287 0 0 0 0 0 0 0 0.93715 
0.881734 0 0 0 0 0 0 0 0.936791 
0.881029 0 0 0 0 0 0 0 0.936585 
0.88028 0 0 0 0 0 0 0 0.936509 
0.879436 0 0 0 0 0 0 0 0.936509 
0.878593 0 0 0 0 0 0 0 0.936518 
0.877746 0 0 0 0 0 0 0 0.93659 
0.87707 0 0 0 0 0 0 0 0.936507 
0.876661 0 0 0 0 0 0 0 0.93628 
0.876417 0 0 0 0 0 0 0 0.93603 
0.876172 0 0 0 0 0 0 0 0.935634 
0.875922 0 0 0 0 0 0 0 0.935109 
0.875558 0 0 0 0 0 0 0 0.934422 
0.875094 0 0 0 0 0 0 0 0.93372 
0.874428 0 0 0 0 0 0 0 0.932978 
0.873564 0 0 0 0 0 0 0 0.932388 
0.872417 0 0 0 0 0 0 0 0.931849 
0.871075 0 0 0 0 0 0 0 0.931491 
0.869686 0 0 0 0 0 0 0 0.93104 
0.868379 0 0 0 0 0 0 0 0.93087 
0.867264 0 0 0 0 0 0 0 0.930802 
0.866309 0 0 0 0 0 0 0 0.930893 
0.865552 0 0 0 0 0 0 0 0.93102 
0.864865 0 0 0 0 0 0 0 0.931258 
0.864189 0 0 0 0 0 0 0 0.931516 
0.863709 0 0 0 0 0 0 0 0.931838 
0.863408 0 0 0 0 0 0 0 0.932124 
0.863372 0 0 0 0 0 0 0 0.932284 
0.863294 0 0 0 0 0 0 0 0.932273 
0.863233 0 0 0 0 0 0 0 0.931965 
0.863218 0 0 0 0 0 0 0 0.931752 
0.863117 0 0 0 0 0 0 0 0.9314 
0.863412 0 0 0 0 0 0 0 0.93082 
0.863499 0 0 0 0 0 0 0 0.930322 
0.863627 0 0 0 0 0 0 0 0.92995 
0.863833 0 0 0 0 0 0 0 0.929775 
0.86403 0 0 0 0 0 0 0 0.92979 
0.864224 0 0 0 0 0 0 0 0.930039 
0.864329 0 0 0 0 0 0 0 0.930419 
0.864183 0 0 0 0 0 0 0 0.930468 
0.863869 0 0 0 0 0 0 0 0.930165 
0.863283 0 0 0 0 0 0 0 0.929656 
0.862479 0 0 0 0 0 0 0 0.929128 
0.861513 0 0 0 0 0 0 0 0.928608 
0.860437 0 0 0 0 0 0 0 0.928213 
0.859437 0 0 0 0 0 0 0 0.9281 
0.858623 0 0 0 0 0 0 0 0.927978 
0.858103 0 0 0 0 0 0 0 0.92788 
0.857846 0 0 0 0 0 0 0 0.92769 
0.857748 0 0 0 0 0 0 0 0.927391 
0.8577 0 0 0 0 0 0 0 0.927057 
0.857591 0 0 0 0 0 0 0 0.926721 
0.85739 0 0 0 0 0 0 0 0.92621 
0.857125 0 0 0 0 0 0 0 0.925626 
0.856984 0 0 0 0 0 0 0 0.925075 
0.856907 0 0 0 0 0 0 0 0.924412 
0.856897 0 0 0 0 0 0 0 0.923655 
0.856909 0 0 0 0 0 0 0 0.922912 
0.856778 0 0 0 0 0 0 0 0.922122 
0.856387 0 0 0 0 0 0 0 0.92145 
0.855601 0 0 0 0 0 0 0 0.920862 
0.8543 0 0 0 0 0 0 0 0.920281 
0.852702 0 0 0 0 0 0 0 0.91976 
0.850887 0 0 0 0 0 0 0 0.919236 
0.848825 0 0 0 0 0 0 0 0.918493 
0.847078 0 0 0 0 0 0 0 0.918041 
0.845483 0 0 0 0 0 0 0 0.917737 
0.844215 0 0 0 0 0 0 0 0.9176 
0.843234 0 0 0 0 0 0 0 0.917497 
0.842635 0 0 0 0 0 0 0 0.917311 
0.842104 0 0 0 0 0 0 0 0.917315 
0.841544 0 0 0 0 0 0 0 0.91735 
0.841186 0 0 0 0 0 0 0 0.917349 
0.840757 0 0 0 0 0 0 0 0.916802 
0.839836 0 0 0 0 0 0 0 0.916056 
0.8386 0 0 0 0 0 0 0 0.914839 
0.837252 0 0 0 0 0 0 0 0.913889 
0.835804 0 0 0 0 0 0 0 0.913151 
0.834544 0 0 0 0 0 0 0 0.912632 
0.833507 0 0 0 0 0 0 0 0.912316 
0.832595 0 0 0 0 0 0 0 0.912048 
0.831802 0 0 0 0 0 0 0 0.911546 
0.831133 0 0 0 0 0 0 0 0.91085 
0.830591 0 0 0 0 0 0 0 0.910093 
0.830061 0 0 0 0 0 0 0 0.909461 
0.829556 0 0 0 0 0 0 0 0.908772 
0.829082 0 0 0 0 0 0 0 0.907873 
0.828146 0 0 0 0 0 0 0 0.907054 
0.827123 0 0 0 0 0 0 0 0.906321 
0.82617 0 0 0 0 0 0 0 0.90589 
0.825263 0 0 0 0 0 0 0 0.905389 
0.824501 0 0 0 0 0 0 0 0.905201 
0.823828 0 0 0 0 0 0 0 0.905175 
0.823249 0 0 0 0 0 0 0 0.905135 
0.822615 0 0 0 0 0 0 0 0.904886 
0.821918 0 0 0 0 0 0 0 0.904232 
0.821046 0 0 0 0 0 0 0 0.903451 
0.82013 0 0 0 0 0 0 0 0.90241 
0.819148 0 0 0 0 0 0 0 0.901423 
0.818268 0 0 0 0 0 0 0 0.900856 
0.817518 0 0 0 0 0 0 0 0.900775 
0.816786 0 0 0 0 0 0 0 0.90093 
0.816155 0 0 0 0 0 0 0 0.901097 
0.81555 0 0 0 0 0 0 0 0.901067 
0.815081 0 0 0 0 0 0 0 0.900654 
0.814766 0 0 0 0 0 0 0 0.899995 
0.814459 0 0 0 0 0 0 0 0.89914 
0.814067 0 0 0 0 0 0 0 0.89833 
0.813516 0 0 0 0 0 0 0 0.897472 
0.81287 0 0 0 0 0 0 0 0.896861 
0.811942 0 0 0 0 0 0 0 0.896437 
0.810835 0 0 0 0 0 0 0 0.896205 
0.809721 0 0 0 0 0 0 0 0.896235 
0.808817 0 0 0 0 0 0 0 0.896595 
0.808087 0 0 0 0 0 0 0 0.896959 
0.807439 0 0 0 0 0 0 0 0.897032 
0.806987 0 0 0 0 0 0 0 0.897019 
0.806561 0 0 0 0 0 0 0 0.896769 
0.806144 0 0 0 0 0 0 0 0.896656 
0.805797 0 0 0 0 0 0 0 0.896679 
0.805389 0 0 0 0 0 0 0 0.896306 
0.804967 0 0 0 0 0 0 0 0.895745 
0.804341 0 0 0 0 0 0 0 0.894939 
0.80373 0 0 0 0 0 0 0 0.893916 
0.803197 0 0 0 0 0 0 0 0.893675 
0.802775 0 0 0 0 0 0 0 0.893834 
0.8022 0 0 0 0 0 0 0 0.893926 
0.801923 0 0 0 0 0 0 0 0.893935 
0.801513 0 0 0 0 0 0 0 0.893775 
0.800919 0 0 0 0 0 0 0 0.893646 
0.800174 0 0 0 0 0 0 0 0.893796 
0.799357 0 0 0 0 0 0 0 0.893932 
0.798478 0 0 0 0 0 0 0 0.894285 
0.797583 0 0 0 0 0 0 0 0.894716 
0.797014 0 0 0 0 0 0 0 0.895278 
0.796597 0 0 0 0 0 0 0 0.895186 
0.796391 0 0 0 0 0 0 0 0.894589 
0.796469 0 0 0 0 0 0 0 0.89401 
0.796767 0 0 0 0 0 0 0 0.893549 
0.79708 0 0 0 0 0 0 0 0.893001 
0.79757 0 0 0 0 0 0 0 0.892539 
0.797871 0 0 0 0 0 0 0 0.891931 
0.797675 0 0 0 0 0 0 0 0.891219 
0.797389 0 0 0 0 0 0 0 0.890571 
0.796997 0 0 0 0 0 0 0 0.890312 
0.796433 0 0 0 0 0 0 0 0.890184 
0.796008 0 0 0 0 0 0 0 0.890834 
0.795557 0 0 0 0 0 0 0 0.891398 
0.79547 0 0 0 0 0 0 0 0.891908 
0.795538 0 0 0 0 0 0 0 0.892122 
0.79582 0 0 0 0 0 0 0 0.892248 
0.795962 0 0 0 0 0 0 0 0.892389 
0.795904 0 0 0 0 0 0 0 0.892441 
0.795826 0 0 0 0 0 0 0 0.892314 
0.795435 0 0 0 0 0 0 0 0.892354 
0.795019 0 0 0 0 0 0 0 0.892395 
0.794424 0 0 0 0 0 0 0 0.891912 
0.794012 0 0 0 0 0 0 0 0.891968 
0.793628 0 0 0 0 0 0 0 0.892065 
0.79313 0 0 0 0 0 0 0 0.892025 
0.792915 0 0 0 0 0 0 0 0.891943 
0.792744 0 0 0 0 0 0 0 0.892123 
0.79251 0 0 0 0 0 0 0 0.892069 
0.792507 0 0 0 0 0 0 0 0.892614 
0.79263 0 0 0 0 0 0 0 0.893517 
0.79272 0 0 0 0 0 0 0 0.894169 
0.792595 0 0 0 0 0 0 0 0.894561 
0.792495 0 0 0 0 0 0 0 0.894596 
0.791792 0 0 0 0 0 0 0 0.894568 
0.790848 0 0 0 0 0 0 0 0.894624 
