0 0 0 0 0 0 0 0 0 
0 0 0 0 0 0 0 0 0 
0 0 0 0 0 0 0 0 0 
0 0 0 0 0 0 0 0 0 
0 0 0 0 0 0 0 0 0 
0 0 0 0 0 0 0 0 0 
0 0 0 0 0 0 0 0 0 
0 0 0 0 0 0 0 0 0 
0 0 0 0 0 0 0 0 0 
0 0 0 0 0 0 0 0 0 
0 0 0 0 0 0 0 0 0 
0 0 0 0 0 0 0 0 0 
0 0 0 0 0 0 0 0 0 
0 0 0 0 0 0 0 0 0 
0 0 0 0 0 0 0 0 0 
0 0 0 0 0 0 0 0 0 
0 0 0 0 0 0 0 0 0 
0 0 0 0 0 0 0 0 0 
0 0 0 0 0 0 0 0 0 
0 0 0 0 0 0 0 0 0 
0 0 0 0 0 0 0 0 0 
0 0 0 0 0 0 0 0 0 
0 0 0 0 0 0 0 0 0 
0 0 0 0 0 0 0 0 0 
0 0 0 0 0 0 0 0 0 
0 0 0 0 0 0 0 0 0 
0 0 0 0 0 0 0 0 0 
0 0 0 0 0 0 0 0 0 
0 0 0 0 0 0 0 0 0 
0 0 0 0 0 0 0 0 0 
0 0 0 0 0 0 0 0 0 
0 0 0 0 0 0 0 0 0 
0 0 0 0 0 0 0 0 0 
0 0 0 0 0 0 0 0 0 
0 0 0 0 0 0 0 0 0 
0 0 0 0 0 0 0 0 0 
0 0 0 0 0 0 0 0 0 
0 0 0 0 0 0 0 0 0 
0 0 0 0 0 0 0 0 0 
0 0 0 0 0 0 0 0 0 
0 0 0 0 0 0 0 0 0 
0 0 0 0 0 0 0 0 0 
0 0 0 0 0 0 0 0 0 
0 0 0 0 0 0 0 0 0 
0 0 0 0 0 0 0 0 0 
0 0 0 0 0 0 0 0 0 
0 0 0 0 0 0 0 0 0 
0 0 0 0 0 0 0 0 0 
0 0 0 0 0 0 0 0 0 
0 0 0 0 0 0 0 0 0 
0 0 0 0 0 0 0 0 0 
0 0 0 0 0 0 0 0 0 
0 0 0 0 0 0 0 0 0 
0 0 0 0 0 0 0 0 0 
0 0 0 0 0 0 0 0 0 
0 0 0 0 0 0 0 0 0 
0 0 0 0 0 0 0 0 0 
0 0 0 0 0 0 0 0 0 
0 0 0 0 0 0 0 0 0 
0 0 0 0 0 0 0 0 0 
0 0 0 0 0 0 0 0 0 
0 0 0 0 0 0 0 0 0 
0 0 0 0 0 0 0 0 0 
0 0 0 0 0 0 0 0 0 
0 0 0 0 0 0 0 0 0 
0 0 0 0 0 0 0 0 0 
0 0 0 0 0 0 0 0 0 
0 0 0 0 0 0 0 0 0 
0 0 0 0 0 0 0 0 0 
0 0 0 0 0 0 0 0 0 
0 0 0 0 0 0 0 0 0 
0 0 0 0 0 0 0 0 0 
0 0 0 0 0 0 0 0 0 
0 0 0 0 0 0 0 0 0 
0 0 0 0 0 0 0 0 0 
0 0 0 0 0 0 0 0 0 
0 0 0 0 0 0 0 0 0 
0 0 0 0 0 0 0 0 0 
0 0 0 0 0 0 0 0 0 
0 0 0 0 0 0 0 0 0 
0 0 0 0 0 0 0 0 0 
0 0 0 0 0 0 0 0 0 
0 0 0 0 0 0 0 0 0 
0 0 0 0 0 0 0 0 0 
0 0 0 0 0 0 0 0 0 
0 0 0 0 0 0 0 0 0 
0 0 0 0 0 0 0 0 0 
0 0 0 0 0 0 0 0 0 
0 0 0 0 0 0 0 0 0 
0 0 0 0 0 0 0 0 0 
0 0 0 0 0 0 0 0 0 
0 0 0 0 0 0 0 0 0 
0 0 0 0 0 0 0 0 0 
0 0 0 0 0 0 0 0 0 
0 0 0 0 0 0 0 0 0 
0 0 0 0 0 0 0 0 0 
0 0 0 0 0 0 0 0 0 
0 0 0 0 0 0 0 0 0 
0 0 0 0 0 0 0 0 0 
0 0 0 0 0 0 0 0 0 
0 0 0 0 0 0 0 0 0 
0 0 0 0 0 0 0 0 0 
0 0 0 0 0 0 0 0 0 
0 0 0 0 0 0 0 0 0 
0 0 0 0 0 0 0 0 0 
0 0 0 0 0 0 0 0 0 
0 0 0 0 0 0 0 0 0 
0 0 0 0 0 0 0 0 0 
0 0 0 0 0 0 0 0 0 
0 0 0 0 0 0 0 0 0 
0 0 0 0 0 0 0 0 0 
0 0 0 0 0 0 0 0 0 
0 0 0 0 0 0 0 0 0 
0 0 0 0 0 0 0 0 0 
0 0 0 0 0 0 0 0 0 
0 0 0 0 0 0 0 0 0 
0 0 0 0 0 0 0 0 0 
0 0 0 0 0 0 0 0 0 
0 0 0 0 0 0 0 0 0 
0 0 0 0 0 0 0 0 0 
0 0 0 0 0 0 0 0 0.0131784 
0 0 0 0 0 0 0 0 0.0249088 
0 0 0 0 0 0 0 0 0.0351187 
0 0 0 0 0 0 0 0 0.0465842 
0 0 0 0 0 0 0 0 0.057165 
0 0 0 0 0 0 0 0 0.0667506 
0 0 0 0 0 0 0 0 0.0697015 
0 0 0 0 0 0 0 0 0.0706009 
0 0 0 0 0 0 0 0 0.0738964 
0 0 0 0 0 0 0 0 0.0797316 
0 0 0 0 0 0 0 0 0.086264 
0 0 0 0 0 0 0 0 0.0952234 
0 0 0 0 0 0 0 0 0.104368 
0 0 0 0 0 0 0 0 0.116023 
0 0 0 0 0 0 0 0 0.128777 
0 0 0 0 0 0 0 0 0.139571 
0 0 0 0 0 0 0 0 0.148692 
0 0 0 0 0 0 0 0 0.155796 
0 0 0 0 0 0 0 0 0.160392 
0 0 0 0 0 0 0 0 0.164238 
0 0 0 0 0 0 0 0 0.17094 
0 0 0 0 0 0 0 0 0.179818 
0 0 0 0 0 0 0 0 0.189499 
0 0 0 0 0 0 0 0 0.198158 
0 0 0 0 0 0 0 0 0.205853 
0 0 0 0 0 0 0 0 0.210883 
0 0 0 0 0 0 0 0 0.212874 
0 0 0 0 0 0 0 0 0.212717 
0 0 0 0 0 0 0 0 0.21207 
0 0 0 0 0 0 0 0 0.21253 
0 0 0 0 0 0 0 0 0.215148 
0 0 0 0 0 0 0 0 0.220497 
0 0 0 0 0 0 0 0 0.228759 
0 0 0 0 0 0 0 0 0.239215 
0 0 0 0 0 0 0 0 0.250994 
0 0 0 0 0 0 0 0 0.264894 
0 0 0 0 0 0 0 0 0.279929 
0 0 0 0 0 0 0 0 0.294792 
0 0 0 0 0 0 0 0 0.310337 
0 0 0 0 0 0 0 0 0.32601 
0 0 0 0 0 0 0 0 0.341575 
0 0 0 0 0 0 0 0 0.358208 
0 0 0 0 0 0 0 0 0.374399 
0 0 0 0 0 0 0 0 0.389174 
0 0 0 0 0 0 0 0 0.402712 
0 0 0 0 0 0 0 0 0.413305 
0 0 0 0 0 0 0 0 0.419399 
0 0 0 0 0 0 0 0 0.418408 
0 0 0 0 0 0 0 0 0.410747 
0 0 0 0 0 0 0 0 0.399141 
0 0 0 0 0 0 0 0 0.393309 
0 0 0 0 0 0 0 0 0.397742 
0 0 0 0 0 0 0 0 0.408922 
0 0 0 0 0 0 0 0 0.423085 
0 0 0 0 0 0 0 0 0.437415 
0 0 0 0 0 0 0 0 0.454439 
0 0 0 0 0 0 0 0 0.472218 
0 0 0 0 0 0 0 0 0.485114 
0 0 0 0 0 0 0 0 0.492394 
0 0 0 0 0 0 0 0 0.495045 
0 0 0 0 0 0 0 0 0.494527 
0 0 0 0 0 0 0 0 0.493057 
0 0 0 0 0 0 0 0 0.491236 
0 0 0 0 0 0 0 0 0.488784 
0 0 0 0 0 0 0 0 0.487914 
0 0 0 0 0 0 0 0 0.487494 
0 0 0 0 0 0 0 0 0.487696 
0 0 0 0 0 0 0 0 0.487573 
0 0 0 0 0 0 0 0 0.48959 
0 0 0 0 0 0 0 0 0.492757 
0 0 0 0 0 0 0 0 0.494909 
0 0 0 0 0 0 0 0 0.502783 
0 0 0 0 0 0 0 0 0.504832 
0 0 0 0 0 0 0 0 0.509289 
0 0 0 0 0 0 0 0 0.517287 
0 0 0 0 0 0 0 0 0.529487 
0 0 0 0 0 0 0 0 0.541212 
0 0 0 0 0 0 0 0 0.556301 
0 0 0 0 0 0 0 0 0.571842 
0.0163156 0 0 0 0 0 0 0 0.582897 
0.0283842 0 0 0 0 0 0 0 0.591235 
0.0348712 0 0 0 0 0 0 0 0.600414 
0.040337 0 0 0 0 0 0 0 0.610093 
0.0456754 0 0 0 0 0 0 0 0.618882 
0.0522621 0 0 0 0 0 0 0 0.624116 
0.0675168 0 0 0 0 0 0 0 0.626508 
0.093982 0 0 0 0 0 0 0 0.627083 
0.118793 0 0 0 0 0 0 0 0.622647 
0.140558 0 0 0 0 0 0 0 0.613737 
0.164723 0 0 0 0 0 0 0 0.599271 
0.190907 0 0 0 0 0 0 0 0.583615 
0.212779 0 0 0 0 0 0 0 0.568327 
0.244735 0 0 0 0 0 0 0 0.559203 
0.274719 0 0 0 0 0 0 0 0.554278 
0.308794 0 0 0 0 0 0 0 0.558056 
0.341402 0 0 0 0 0 0 0 0.566145 
0.386734 0 0 0 0 0 0 0 0.58243 
0.430858 0 0 0 0 0 0 0 0.596915 
0.456138 0 0 0 0 0 0 0 0.583585 
0.466455 0 0 0 0 0 0 0 0.589658 
0.503137 0 0 0 0 0 0 0 0.596687 
0.596499 0 0 0 0 0 0 0 0.614315 
0.643262 0 0 0 0 0 0 0 0.630807 
0.658932 0 0 0 0 0 0 0 0.628796 
0.691669 0 0 0 0 0 0 0 0.646864 
0.707021 0 0 0 0 0 0 0 0.655272 
0.723637 0 0 0 0 0 0 0 0.671569 
0.728711 0 0 0 0 0 0 0 0.677057 
