0 0 0 0 0 0.444809 0 0 0 
0 0 0 0 0 0.438567 0 0 0 
0 0 0 0 0 0.429909 0 0 0 
0 0 0 0 0 0.4184 0 0 0 
0 0 0 0 0 0.40331 0 0 0 
0 0 0 0 0 0.384224 0 0 0 
0 0 0 0 0 0.361321 0 0 0 
0 0 0 0 0.0267415 0.335849 0 0 0 
0 0 0 0 0.0928366 0.309201 0 0 0 
0 0 0 0 0.154824 0.28309 0 0 0 
0 0 0 0 0.211919 0.257949 0 0 0 
0 0 0 0 0.261614 0.234307 0 0 0 
0 0 0 0 0.30459 0.211745 0 0 0 
0 0 0 0 0.341217 0.188991 0 0 0 
0 0 0 0 0.370618 0.165966 0 0 0 
0 0 0 0 0.392264 0.142973 0 0 0 
0 0 0 0 0.405685 0.118507 0 0 0 
0 0 0 0 0.41182 0.0937776 0 0 0 
0 0 0 0 0.410417 0.0709058 0 0 0 
0 0 0 0 0.400852 0.0487544 0 0 0 
0 0 0 0 0.383771 0.0267152 0 0 0 
0 0 0 0 0.35703 0.00693258 0 0 0 
0 0 0 0 0.322158 0 0 0 0 
0 0 0 0 0.279164 0 0 0 0 
0 0 0 0 0.227786 0 0 0 0 
0 0 0 0 0.170008 0 0 0 0 
0 0 0 0 0.11074 0 0 0 0 
0 0 0 0 0.049835 0 0 0 0 
0 0 0 0 0 0 0 0 0 
0 0 0 0 0 0 0 0 0 
0 0 0 0 0 0 0 0 0 
0 0 0 0 0 0 0 0 0 
0 0 0 0 0 0 0 0 0 
0 0 0 0 0 0 0 0 0 
0 0 0 0 0 0 0 0 0 
0 0 0 0 0 0 0 0 0 
0 0 0 0 0 0 0 0 0 
0 0 0 0 0 0 0 0 0 
0 0 0 0 0 0 0 0 0 
0 0 0 0 0 0 0 0 0 
0 0 0 0 0 0 0 0 0 
0 0 0 0 0 0 0 0 0 
0 0 0 0 0 0 0 0 0 
0 0 0 0 0 0 0 0 0 
0 0 0 0 0 0 0 0 0 
0 0 0 0 0 0 0 0 0 
0 0 0 0 0 0 0 0 0 
0 0 0 0 0 0 0 0 0 
0 0 0 0 0 0 0 0 0 
0 0 0 0 0 0 0 0 0 
0 0 0 0 0 0 0 0 0 
0 0 0 0 0 0 0 0 0 
0 0 0 0 0 0 0 0 0 
0 0 0 0 0 0 0 0 0 
0 0 0 0 0 0 0 0 0 
0 0 0 0 0 0 0 0 0 
0 0 0 0 0 0 0 0 0 
0 0 0 0 0 0 0 0 0 
0 0 0 0 0 0 0 0 0 
0 0 0 0 0 0 0 0 0 
0 0 0 0 0 0 0 0 0 
0 0 0 0 0 0 0 0 0 
0 0 0 0 0 0 0 0 0 
0 0 0 0 0 0 0 0 0 
0 0 0 0 0 0 0 0 0 
0 0 0 0 0 0 0 0 0 
0 0 0 0 0 0 0 0 0 
0 0 0 0 0 0 0 0 0 
0 0 0 0 0 0 0 0 0 
0 0 0 0 0 0 0 0 0 
0 0 0 0 0 0 0 0 0 
0 0 0 0 0 0 0 0 0 
0 0 0 0 0 0 0 0 0 
0 0 0 0 0 0 0 0 0 
0 0 0 0 0 0 0 0 0 
0 0 0 0 0 0 0 0 0 
0 0 0 0 0 0 0 0 0 
0 0 0 0 0 0 0 0 0 
0 0 0 0 0 0 0 0 0 
0 0 0 0 0 0 0 0 0 
0 0 0 0 0 0 0 0 0 
0 0 0 0 0 0 0 0 0 
0 0 0 0 0 0 0 0 0 
0 0 0 0 0 0 0 0 0 
0 0 0 0 0 0 0 0 0 
0 0 0 0 0 0 0 0 0 
0 0 0 0 0 0 0 0 0 
0 0 0 0 0 0 0 0 0 
0 0 0 0 0 0 0 0 0 
0 0 0 0 0 0 0 0 0 
0 0 0 0 0 0 0 0 0 
0 0 0 0 0 0 0 0 0 
0 0 0 0 0 0 0 0 0 
0 0 0 0 0 0 0 0 0 
0 0 0 0 0 0 0 0 0 
0 0 0 0 0 0 0 0 0 
0 0 0 0 0 0 0 0 0 
0 0 0 0 0 0 0 0 0 
0 0 0 0 0 0 0 0 0 
0 0 0 0 0 0 0 0 0 
0 0 0 0 0 0 0 0 0 
0 0 0 0 0 0 0 0 0 
0 0 0 0 0 0 0 0 0 
0 0 0 0 0 0 0 0 0 
0 0 0 0 0 0 0 0 0 
0 0 0 0 0 0 0 0 0 
0 0 0 0 0 0 0 0 0 
0 0 0 0 0 0 0 0 0 
0 0 0 0 0 0 0 0 0 
0 0 0 0 0 0 0 0 0 
0 0 0 0 0 0 0 0 0 
0 0 0 0 0 0 0 0 0 
0 0 0 0 0 0 0 0 0 
0 0 0 0 0 0 0 0 0 
0 0 0 0 0 0 0 0 0 
0 0 0 0 0 0 0 0 0 
0 0 0 0 0 0 0 0 0 
0 0 0 0 0 0 0 0 0 
0 0 0 0 0 0 0 0 0 
0 0 0 0 0 0 0 0 0 
0 0 0 0 0 0.0621008 0 0 0 
0 0 0 0 0 0.124425 0 0 0 
0 0 0 0 0 0.180119 0 0 0 
0 0 0 0 0 0.229264 0 0 0 
0 0 0 0 0 0.273995 0 0 0 
0 0 0 0 0 0.313257 0 0 0 
0 0 0 0 0 0.349535 0 0 0 
0 0 0 0 0 0.382109 0 0 0 
0 0 0 0 0 0.413886 0 0 0 
0 0 0 0 0 0.445603 0 0 0 
0 0 0 0 0 0.473288 0 0 0 
0 0 0 0 0 0.498075 0 0 0 
0 0 0 0 0 0.518321 0 0 0 
0 0 0 0 0 0.53215 0 0 0 
0 0 0 0 0 0.54149 0 0 0 
0 0 0 0 0 0.547289 0 0 0 
0 0 0 0 0 0.550741 0 0 0 
0 0 0 0 0 0.552114 0 0 0 
0 0 0 0 0 0.552126 0 0 0 
0 0 0 0 0 0.550835 0 0 0 
0 0 0 0 0 0.548017 0 0 0 
0 0 0 0 0 0.543438 0 0 0 
0 0 0 0 0 0.536782 0 0 0 
0 0 0 0 0 0.527484 0 0 0 
0 0 0 0 0 0.515038 0 0 0 
0 0 0 0 0 0.500889 0 0 0 
0 0 0 0 0 0.485106 0 0 0 
0 0 0 0 0 0.469196 0 0 0 
0 0 0 0 0 0.45227 0 0 0 
0 0 0 0 0 0.435835 0 0 0 
0 0 0 0 0 0.421205 0 0 0 
0 0 0 0 0 0.40985 0 0 0 
0 0 0 0 0 0.400774 0 0 0 
0 0 0 0 0.0335058 0.392086 0 0 0 
0 0 0 0 0.0722733 0.387525 0 0 0 
0 0 0 0 0.108595 0.383188 0 0 0 
0 0 0 0 0.13632 0.381656 0 0 0 
0 0 0 0 0.14413 0.381227 0 0 0 
0 0 0 0 0.145475 0.382649 0 0 0 
0 0 0 0 0.134127 0.38588 0 0 0 
0 0 0 0 0.109446 0.392004 0 0 0 
0 0 0 0 0.0770422 0.402344 0 0 0 
0 0 0 0 0.0462034 0.412219 0 0 0 
0 0 0 0 0.0221433 0.420937 0 0 0 
0 0 0 0 0.00340895 0.433956 0 0 0 
0 0 0 0 0 0.449411 0 0 0 
0 0 0 0 0 0.464207 0 0 0 
0 0 0 0 0 0.477297 0 0 0 
0 0 0 0 0 0.495506 0 0 0 
0 0 0 0 0.00482308 0.508043 0 0 0 
0 0 0 0 0.0178725 0.520724 0 0 0 
0 0 0 0 0.0344762 0.534028 0 0 0 
0 0 0 0 0.0505603 0.546704 0 0 0 
0 0 0 0 0.0608722 0.552699 0 0 0 
0 0 0 0 0.0720276 0.556904 0 0 0 
0 0 0 0 0.0818537 0.558977 0 0 0 
0 0 0 0 0.0897 0.562786 0 0 0 
0 0 0 0 0.0947758 0.56857 0 0 0 
0 0 0 0 0.0962035 0.575307 0 0 0 
0 0 0 0 0.0974032 0.581367 0 0 0 
0 0 0 0 0.0979328 0.583586 0 0 0 
0 0 0 0 0.101468 0.584845 0 0 0 
0 0 0 0 0.103927 0.587398 0 0 0 
0 0 0 0 0.100987 0.594357 0 0 0 
0 0 0 0 0.103682 0.606978 0 0 0 
0 0 0 0 0.0955771 0.616401 0 0 0 
0 0 0 0 0.104328 0.625881 0 0 0 
0 0 0 0 0.128503 0.636789 0 0 0 
0 0 0 0 0.132288 0.642439 0 0 0 
0 0 0 0 0.140025 0.641773 0 0 0 
0 0 0 0 0.149256 0.639272 0 0 0 
0 0 0 0 0.155444 0.637737 0 0 0 
0 0 0 0 0.157635 0.636017 0 0 0 
0 0 0 0 0.16055 0.635189 0 0 0 
0 0 0 0 0.16298 0.634122 0 0 0 
0 0 0 0 0.167355 0.632855 0 0 0 
0 0 0 0 0.171871 0.631704 0 0 0 
