0.300961 0 0 0 0 0 0 0 0.718422 
0.38129 0 0 0 0 0 0 0 0.77314 
0.452861 0 0 0 0 0 0 0 0.82228 
0.512741 0 0 0 0 0 0 0 0.847372 
0.547033 0 0 0 0 0 0 0 0.862373 
0.575817 0 0 0 0 0 0 0 0.870864 
0.602747 0 0 0 0 0 0 0 0.874644 
0.62585 0 0 0 0 0 0 0 0.877647 
0.649085 0 0 0 0 0 0 0 0.881591 
0.672317 0 0 0 0 0 0 0 0.883692 
0.684223 0 0 0 0 0 0 0 0.88126 
0.693997 0 0 0 0 0 0 0 0.879129 
0.703894 0 0 0 0 0 0 0 0.878213 
0.716551 0 0 0 0 0 0 0 0.877252 
0.726567 0 0 0 0 0 0 0 0.876003 
0.733919 0 0 0 0 0 0 0 0.874393 
0.736777 0 0 0 0 0 0 0 0.872323 
0.735706 0 0 0 0 0 0 0 0.869423 
0.733098 0 0 0 0 0 0 0 0.867382 
0.731068 0 0 0 0 0 0 0 0.866236 
0.730165 0 0 0 0 0 0 0 0.866368 
0.73083 0 0 0 0 0 0 0 0.86731 
0.732788 0 0 0 0 0 0 0 0.86901 
0.736667 0 0 0 0 0 0 0 0.869108 
0.740249 0 0 0 0 0 0 0 0.871088 
0.744704 0 0 0 0 0 0 0 0.872315 
0.749357 0 0 0 0 0 0 0 0.873705 
0.754035 0 0 0 0 0 0 0 0.876007 
0.756643 0 0 0 0 0 0 0 0.877736 
0.756345 0 0 0 0 0 0 0 0.879611 
0.754379 0 0 0 0 0 0 0 0.88128 
0.752642 0 0 0 0 0 0 0 0.882577 
0.751024 0 0 0 0 0 0 0 0.882345 
0.753613 0 0 0 0 0 0 0 0.881946 
0.760565 0 0 0 0 0 0 0 0.881261 
0.770257 0 0 0 0 0 0 0 0.878679 
0.776622 0 0 0 0 0 0 0 0.869471 
0.786572 0 0 0 0 0 0 0 0.870717 
0.796314 0 0 0 0 0 0 0 0.876117 
0.801326 0 0 0 0 0 0 0 0.878822 
0.802308 0 0 0 0 0 0 0 0.881086 
0.799507 0 0 0 0 0 0 0 0.882583 
0.792607 0 0 0 0 0 0 0 0.881541 
0.788005 0 0 0 0 0 0 0 0.880327 
0.787111 0 0 0 0 0 0 0 0.881293 
0.788548 0 0 0 0 0 0 0 0.882684 
0.790429 0 0 0 0 0 0 0 0.882932 
0.793011 0 0 0 0 0 0 0 0.882032 
0.799624 0 0 0 0 0 0 0 0.877008 
0.802936 0 0 0 0 0 0 0 0.874453 
0.806249 0 0 0 0 0 0 0 0.874532 
0.808378 0 0 0 0 0 0 0 0.87713 
0.808638 0 0 0 0 0 0 0 0.885494 
0.804677 0 0 0 0 0 0 0 0.893059 
0.797573 0 0 0 0 0 0 0 0.899166 
0.788506 0 0 0 0 0 0 0 0.900937 
0.780562 0 0 0 0 0 0 0 0.901153 
0.77527 0 0 0 0 0 0 0 0.900942 
0.774672 0 0 0 0 0 0 0 0.900871 
0.778724 0 0 0 0 0 0 0 0.90004 
0.781663 0 0 0 0 0 0 0 0.889215 
0.791762 0 0 0 0 0 0 0 0.890173 
0.803984 0 0 0 0 0 0 0 0.894705 
0.813134 0 0 0 0 0 0 0 0.89755 
0.81583 0 0 0 0 0 0 0 0.897666 
0.813913 0 0 0 0 0 0 0 0.897988 
0.807832 0 0 0 0 0 0 0 0.897067 
0.799824 0 0 0 0 0 0 0 0.894897 
0.792202 0 0 0 0 0 0 0 0.892043 
0.787785 0 0 0 0 0 0 0 0.890518 
0.788083 0 0 0 0 0 0 0 0.890686 
0.792627 0 0 0 0 0 0 0 0.891333 
0.79891 0 0 0 0 0 0 0 0.887236 
0.809527 0 0 0 0 0 0 0 0.89125 
0.819478 0 0 0 0 0 0 0 0.895071 
0.824364 0 0 0 0 0 0 0 0.896574 
0.826275 0 0 0 0 0 0 0 0.900221 
0.823874 0 0 0 0 0 0 0 0.902806 
0.816675 0 0 0 0 0 0 0 0.903455 
0.806087 0 0 0 0 0 0 0 0.901905 
0.794587 0 0 0 0 0 0 0 0.899728 
0.785035 0 0 0 0 0 0 0 0.897235 
0.778951 0 0 0 0 0 0 0 0.894734 
0.779002 0 0 0 0 0 0 0 0.891225 
0.781571 0 0 0 0 0 0 0 0.881977 
0.793945 0 0 0 0 0 0 0 0.883574 
0.80737 0 0 0 0 0 0 0 0.890381 
0.816222 0 0 0 0 0 0 0 0.892854 
0.81965 0 0 0 0 0 0 0 0.894869 
0.816641 0 0 0 0 0 0 0 0.897254 
0.807495 0 0 0 0 0 0 0 0.896473 
0.795652 0 0 0 0 0 0 0 0.894273 
0.785085 0 0 0 0 0 0 0 0.891632 
0.779392 0 0 0 0 0 0 0 0.890042 
0.776989 0 0 0 0 0 0 0 0.889298 
0.778735 0 0 0 0 0 0 0 0.889624 
0.783382 0 0 0 0 0 0 0 0.885809 
0.783273 0 0 0 0 0 0 0 0.885282 
0.784439 0 0 0 0 0 0 0 0.888346 
0.785848 0 0 0 0 0 0 0 0.889691 
0.786524 0 0 0 0 0 0 0 0.890894 
0.784659 0 0 0 0 0 0 0 0.891443 
0.780292 0 0 0 0 0 0 0 0.893792 
0.772188 0 0 0 0 0 0 0 0.893579 
0.762648 0 0 0 0 0 0 0 0.891917 
0.754346 0 0 0 0 0 0 0 0.88928 
0.750379 0 0 0 0 0 0 0 0.887335 
0.751661 0 0 0 0 0 0 0 0.886559 
0.756384 0 0 0 0 0 0 0 0.880769 
0.766933 0 0 0 0 0 0 0 0.883407 
0.781363 0 0 0 0 0 0 0 0.888886 
0.79454 0 0 0 0 0 0 0 0.891133 
0.805562 0 0 0 0 0 0 0 0.893537 
0.812742 0 0 0 0 0 0 0 0.895536 
0.814761 0 0 0 0 0 0 0 0.89706 
0.812789 0 0 0 0 0 0 0 0.89753 
0.807484 0 0 0 0 0 0 0 0.89767 
0.802459 0 0 0 0 0 0 0 0.897709 
0.800771 0 0 0 0 0 0 0 0.897015 
0.802167 0 0 0 0 0 0 0 0.895932 
0.805449 0 0 0 0 0 0 0 0.888549 
0.805498 0 0 0 0 0 0 0 0.882736 
0.80473 0 0 0 0 0 0 0 0.879011 
0.801653 0 0 0 0 0 0 0 0.871254 
0.797139 0 0 0 0 0 0 0 0.864195 
0.789365 0 0 0 0 0 0 0 0.850718 
0.778486 0 0 0 0 0 0 0 0.826065 
0.7657 0 0 0 0 0 0 0 0.785614 
0.753095 0 0 0 0 0 0 0 0.729719 
0.743103 0 0 0 0 0 0 0 0.658242 
0.737818 0 0 0 0 0 0 0 0.571981 
0.73827 0 0 0 0 0 0 0 0.471328 
0.740811 0 0 0 0 0 0 0 0.347569 
0.748626 0 0 0 0 0 0 0 0.217789 
0.761019 0 0 0 0 0 0 0 0.0838291 
0.771772 0 0 0 0 0 0 0 0 
0.781317 0 0 0 0 0 0 0 0 
0.786347 0 0 0 0 0 0 0 0 
0.782719 0 0 0 0 0 0 0 0 
0.77058 0 0 0 0 0 0 0 0 
0.752987 0 0 0 0 0 0 0 0 
0.735752 0 0 0 0 0 0 0 0 
0.723363 0 0 0 0 0 0 0 0 
0.717559 0 0 0 0 0 0 0 0 
0.709902 0 0 0 0 0 0 0 0 
0.693301 0 0 0 0 0 0 0 0 
0.657842 0 0 0 0 0 0 0 0 
0.594245 0 0 0 0 0 0 0 0 
0.506845 0 0 0 0 0 0 0 0 
0.39691 0 0 0 0 0 0 0 0 
0.267375 0 0 0 0 0 0 0 0 
0.116955 0 0 0 0 0 0 0 0 
0 0 0 0 0 0 0 0 0 
0 0 0 0 0 0 0 0 0 
0 0 0 0 0 0 0 0 0 
0 0 0 0 0 0 0 0 0 
0 0 0 0 0 0 0 0 0 
0 0 0 0 0 0 0 0 0 
0 0 0 0 0 0 0 0 0 
0 0 0 0 0 0 0 0 0 
0 0 0 0 0 0 0 0 0 
0 0 0 0 0 0 0 0 0 
0 0 0 0 0 0 0 0 0 
0 0 0 0 0 0 0 0 0 
0 0 0 0 0 0 0 0 0 
0 0 0 0 0 0 0 0 0 
0 0 0 0 0 0 0 0 0 
0 0 0 0 0 0 0 0 0 
0 0 0 0 0 0 0 0 0 
0 0 0 0 0 0 0 0 0 
0 0 0 0 0 0 0 0 0 
0 0 0 0 0 0 0 0 0 
0 0 0 0 0 0 0 0 0 
0 0 0 0 0 0 0 0 0 
0 0 0 0 0 0 0 0 0 
0 0 0 0 0 0 0 0 0 
0 0 0 0 0 0 0 0 0 
0 0 0 0 0 0 0 0 0 
0 0 0 0 0 0 0 0 0 
0 0 0 0 0 0 0 0 0 
0 0 0 0 0 0 0 0 0 
0 0 0 0 0 0 0 0 0 
0 0 0 0 0 0 0 0 0 
0 0 0 0 0 0 0 0 0 
0 0 0 0 0 0 0 0 0 
0 0 0 0 0 0 0 0 0 
0 0 0 0 0 0 0 0 0 
0 0 0 0 0 0 0 0 0 
0 0 0 0 0 0 0 0 0 
0 0 0 0 0 0 0 0 0 
0 0 0 0 0 0 0 0 0 
0 0 0 0 0 0 0 0 0 
0 0 0 0 0 0 0 0 0 
0 0 0 0 0 0 0 0 0 
0 0 0 0 0 0 0 0 0 
0 0 0 0 0 0 0 0 0 
0 0 0 0 0 0 0 0 0 
0 0 0 0 0 0 0 0 0 
0 0 0 0 0 0 0 0 0 
0 0 0 0 0 0 0 0 0 
0 0 0 0 0 0 0 0 0 
0 0 0 0 0 0 0 0 0 
0 0 0 0 0 0 0 0 0 
0 0 0 0 0 0 0 0 0 
0 0 0 0 0 0 0 0 0 
0 0 0 0 0 0 0 0 0 
0 0 0 0 0 0 0 0 0 
0 0 0 0 0 0 0 0 0 
0 0 0 0 0 0 0 0 0 
0 0 0 0 0 0 0.0285916 0 0 
0 0 0 0 0 0 0.148044 0 0 
0 0 0 0 0 0 0.178203 0 0 
0 0 0 0 0 0 0.186099 0 0 
0 0 0 0 0 0 0.143963 0 0 
0 0 0 0 0 0 0.121733 0 0 
0 0 0 0 0 0 0.137981 0 0 
0 0 0 0 0 0 0.116933 0 0 
0 0 0 0 0 0 0.00518293 0 0 
0 0 0 0 0 0 0 0 0 
0 0 0 0 0 0 0 0 0 
0 0 0 0 0 0 0 0 0 
0 0 0 0 0 0 0 0 0 
0 0 0 0 0 0 0 0 0 
0 0 0 0 0 0 0 0 0 
0 0 0 0 0 0 0 0 0 
0 0 0 0 0 0 0 0 0 
0 0 0 0 0 0 0.0477012 0 0 
0 0 0 0 0 0 0.118874 0 0 
0 0 0 0 0 0 0.0730575 0 0 
0 0 0 0 0 0 0.0340681 0 0 
0 0 0 0 0 0 0.0131469 0 0 
0 0 0 0 0 0 0.0926268 0 0 
0 0 0 0 0 0 0.282623 0 0 
0 0 0 0 0 0 0.307375 0 0 
0 0 0 0 0 0 0.315074 0 0 
0 0 0 0 0 0 0.343212 0 0 
0 0 0 0 0 0 0.347411 0 0 
0 0 0 0 0 0 0.298517 0 0 
0 0 0 0 0 0 0.230987 0 0 
0 0 0 0 0 0 0.13065 0 0 
0 0 0 0 0 0 0 0 0 
0 0 0 0 0 0 0 0 0 
0 0 0 0 0 0 0 0 0 
0 0 0 0 0 0 0 0 0 
0 0 0 0 0 0 0 0 0 
0 0 0 0 0 0 0 0 0 
0 0 0 0 0 0 0 0 0 
0 0 0 0 0 0 0 0 0 
0 0 0 0 0 0 0 0 0 
0 0 0 0 0 0 0 0 0 
0 0 0 0 0 0 0 0 0 
0 0 0 0 0 0 0 0 0 
0 0 0 0 0 0 0 0 0 
0 0 0 0 0 0 0 0 0 
0 0 0 0 0 0 0 0 0 
0 0 0 0 0 0 0 0 0 
0 0 0 0 0 0 0 0 0 
0 0 0 0 0 0 0 0 0 
0 0 0 0 0 0 0 0 0 
0 0 0 0 0 0 0 0 0 
0 0 0 0 0 0 0 0 0 
0 0 0 0 0 0 0 0 0 
0 0 0 0 0 0 0 0 0 
0 0 0 0 0 0 0 0 0 
0 0 0 0 0 0 0 0 0 
0 0 0 0 0 0 0 0 0 
0 0 0 0 0 0 0 0 0 
0 0 0 0 0 0 0 0 0 
0 0 0 0 0 0 0 0 0 
0 0 0 0 0 0 0 0 0 
0 0 0 0 0 0 0 0 0 
0 0 0 0 0 0 0 0 0 
0 0 0 0 0 0 0 0 0 
0 0 0 0 0.030331 0 0 0 0 
0 0 0 0 0.0789083 0 0 0 0 
0 0 0 0 0.12208 0 0 0 0 
0 0 0 0 0.150811 0.178426 0 0 0 
0 0 0 0 0.159562 0.324758 0 0 0 
0 0 0 0 0.162632 0.483066 0 0 0 
0 0 0 0 0.161603 0.553422 0 0 0 
0 0 0 0 0.162072 0.59912 0 0 0 
0 0 0 0 0.163061 0.615446 0 0 0 
0 0 0 0 0.148645 0.635915 0 0 0 
0 0 0 0 0.160554 0.651248 0 0 0 
0 0 0 0 0.207935 0.664333 0 0 0 
0 0 0 0 0.23566 0.697977 0 0 0 
0 0 0 0 0.239184 0.698822 0 0 0 
0 0 0 0 0.245817 0.707427 0 0 0 
0 0 0 0 0.252207 0.70563 0 0 0 
0 0 0 0 0.25923 0.704811 0 0 0 
0 0 0 0 0.266234 0.704721 0 0 0 
0 0 0 0 0.267408 0.706811 0 0 0 
0 0 0 0 0.267465 0.711355 0 0 0 
0 0 0 0 0.267608 0.714581 0 0 0 
0 0 0 0 0.267778 0.716838 0 0 0 
0 0 0 0 0.26714 0.718579 0 0 0 
0 0 0 0 0.265303 0.719793 0 0 0 
0 0 0 0 0.26427 0.721869 0 0 0 
0 0 0 0 0.267042 0.723879 0 0 0 
0 0 0 0 0.272293 0.725541 0 0 0 
0 0 0 0 0.271046 0.726511 0 0 0 
0 0 0 0 0.274918 0.724974 0 0 0 
0 0 0 0 0.274864 0.724216 0 0 0 
0 0 0 0 0.277839 0.721495 0 0 0 
0 0 0 0 0.279202 0.720415 0 0 0 
0 0 0 0 0.275461 0.718173 0 0 0 
0 0 0 0 0.271439 0.716419 0 0 0 
0 0 0 0 0.263488 0.716992 0 0 0 
0 0 0 0 0.258523 0.715998 0 0 0 
0 0 0 0 0.25966 0.713076 0 0 0 
