0 0 0 0 0 0 0.184376 0 0 
0 0 0 0 0 0 0.206402 0 0 
0 0 0 0 0 0 0.214839 0 0 
0 0 0 0 0 0 0.217844 0 0 
0 0 0 0 0 0 0.22833 0 0 
0 0 0 0 0 0 0.248592 0 0 
0 0 0 0 0 0 0.288947 0 0 
0 0 0 0 0 0 0.337173 0 0 
0 0 0 0 0 0 0.388388 0 0 
0 0 0 0 0 0 0.435668 0 0 
0 0 0 0 0 0 0.492196 0 0 
0 0 0 0 0 0 0.541431 0 0 
0 0 0 0 0 0 0.588822 0 0 
0 0 0 0 0 0 0.602872 0 0 
0 0 0 0 0 0 0.59489 0 0 
0 0 0 0 0 0 0.573204 0 0 
0 0 0 0 0 0 0.529907 0 0 
0 0 0 0 0 0 0.469768 0 0 
0 0 0 0 0 0 0.433899 0 0 
0 0 0 0 0 0 0.394461 0 0 
0 0 0 0 0 0 0.345996 0 0 
0 0 0 0 0 0 0.28198 0 0 
0 0 0 0 0 0 0.206182 0 0 
0 0 0 0 0 0 0.103603 0 0 
0 0 0 0 0 0 0 0 0 
0 0 0 0 0 0 0 0 0 
0 0 0 0 0 0 0 0 0 
0 0 0 0 0 0 0 0 0 
0 0 0 0 0 0 0 0 0 
0 0 0 0 0 0 0 0 0 
0 0 0 0 0 0 0 0 0 
0 0 0 0 0 0 0 0 0 
0 0 0 0 0 0 0 0 0 
0 0 0 0 0 0 0 0 0 
0 0 0 0 0 0 0 0 0 
0 0 0 0 0 0 0 0 0 
0 0 0 0 0 0 0 0 0 
0 0 0 0 0 0 0 0 0 
0 0 0 0 0 0 0 0 0 
0 0 0 0 0 0 0 0 0 
0 0 0 0 0 0 0 0 0 
0 0 0 0 0 0 0 0 0 
0 0 0 0 0 0 0 0 0 
0 0 0 0 0 0 0 0 0 
0 0 0 0 0 0 0 0 0 
0 0 0 0 0 0 0 0 0 
0 0 0 0 0 0 0 0 0 
0 0 0 0 0 0 0 0 0 
0 0 0 0 0 0 0 0 0 
0 0 0 0 0 0 0 0 0 
0 0 0 0 0 0 0 0 0 
0 0 0 0 0 0 0 0 0 
0 0 0 0 0 0 0 0 0 
0 0 0 0 0 0 0 0 0 
0 0 0 0 0 0 0 0 0 
0 0 0 0 0 0 0 0 0 
0 0 0 0 0 0 0 0 0 
0 0 0 0 0 0 0 0 0 
0 0 0 0 0 0 0 0 0 
0 0 0 0 0 0 0 0 0 
0 0 0 0 0 0 0 0 0 
0 0 0 0 0 0 0 0 0 
0 0 0 0 0 0 0 0 0 
0 0 0 0 0 0 0 0 0 
0 0 0 0 0 0 0 0 0 
0 0 0 0 0 0 0 0 0 
0 0 0 0 0 0 0 0 0 
0 0 0 0 0 0 0 0 0 
0 0 0 0 0 0 0 0 0 
0 0 0 0 0 0 0 0 0 
0 0 0 0 0 0 0 0 0 
0 0 0 0 0 0 0 0 0 
0 0 0 0 0 0.0344619 0 0 0 
0 0 0 0 0 0.107476 0 0 0 
0 0 0 0 0 0.188089 0 0 0 
0 0 0 0 0 0.25741 0 0 0 
0 0 0 0 0 0.328345 0 0 0 
0 0 0 0 0 0.410939 0 0 0 
0 0 0 0 0 0.450288 0 0 0 
0 0 0 0 0 0.494441 0 0 0 
0 0 0 0 0 0.527741 0 0 0 
0 0 0 0 0 0.51751 0 0 0 
0 0 0 0 0 0.519336 0 0 0 
0 0 0 0 0 0.537495 0 0 0 
0 0 0 0 0 0.559935 0 0 0 
0 0 0 0 0 0.566638 0 0 0 
0 0 0 0 0 0.560642 0 0 0 
0 0 0 0 0 0.557108 0 0 0 
0 0 0 0 0 0.586814 0 0 0 
0 0 0 0 0 0.610025 0 0 0 
0 0 0 0 0 0.640498 0 0 0 
0 0 0 0 0 0.654356 0 0 0 
0 0 0 0 0 0.658853 0 0 0 
0 0 0 0 0 0.659308 0 0 0 
0 0 0 0 0 0.66173 0 0 0 
0 0 0 0 0 0.66332 0 0 0 
0 0 0 0 0 0.660438 0 0 0 
0 0 0 0 0 0.661152 0 0 0 
0 0 0 0 0 0.662433 0 0 0 
0 0 0 0 0 0.665989 0 0 0 
0 0 0 0 0 0.677005 0 0 0 
0 0 0 0 0 0.676341 0 0 0 
0 0 0 0 0 0.673854 0 0 0 
0 0 0 0 0 0.666779 0 0 0 
0 0 0 0 0 0.666609 0 0 0 
0 0 0 0 0 0.672622 0 0 0 
0 0 0 0 0 0.679939 0 0 0 
0 0 0 0 0 0.683086 0 0 0 
0 0 0 0 0 0.684524 0 0 0 
0 0 0 0 0 0.688245 0 0 0 
0 0 0 0 0 0.70059 0 0 0 
0 0 0 0 0 0.700786 0 0 0 
0 0 0 0 0 0.69934 0 0 0 
0 0 0 0 0 0.69707 0 0 0 
0 0 0 0 0 0.695495 0 0 0 
0 0 0 0 0 0.69569 0 0 0 
0 0 0 0 0 0.696323 0 0 0 
0 0 0 0 0 0.696835 0 0 0 
0 0 0 0 0 0.694567 0 0 0 
0 0 0 0 0 0.691772 0 0 0 
0 0 0 0 0 0.68887 0 0 0 
0 0 0 0 0 0.687688 0 0 0 
0 0 0 0 0 0.686488 0 0 0 
0 0 0 0 0 0.685202 0 0 0 
0 0 0 0 0 0.684569 0 0 0 
0 0 0 0 0 0.684009 0 0 0 
0 0 0 0 0 0.683685 0 0 0 
0 0 0 0 0 0.682951 0 0 0 
0 0 0 0 0 0.682787 0 0 0 
0 0 0 0 0 0.681913 0 0 0 
0 0 0 0 0 0.681974 0 0 0 
0 0 0 0 0 0.68178 0 0 0 
0 0 0 0 0 0.681254 0 0 0 
0 0 0 0 0 0.681857 0 0 0 
0 0 0 0 0 0.681974 0 0 0 
0 0 0 0 0 0.682441 0 0 0 
0 0 0 0 0 0.682727 0 0 0 
0 0 0 0 0 0.682963 0 0 0 
0 0 0 0 0 0.682727 0 0 0 
0 0 0 0 0 0.681731 0 0 0 
0 0 0 0 0 0.68072 0 0 0 
0 0 0 0 0 0.680003 0 0 0 
0 0 0 0 0 0.680804 0 0 0 
0 0 0 0 0 0.68184 0 0 0 
0 0 0 0 0 0.682753 0 0 0 
0 0 0 0 0 0.683911 0 0 0 
0 0 0 0 0 0.684974 0 0 0 
0 0 0 0 0 0.686584 0 0 0 
0 0 0 0 0 0.687794 0 0 0 
0 0 0 0 0 0.688374 0 0 0 
0 0 0 0 0 0.689205 0 0 0 
0 0 0 0 0 0.689478 0 0 0 
0 0 0 0 0 0.689143 0 0 0 
0 0 0 0 0 0.690014 0 0 0 
0 0 0 0 0 0.689453 0 0 0 
0 0 0 0 0 0.68857 0 0 0 
0 0 0 0 0 0.690014 0 0 0 
0 0 0 0 0 0.690347 0 0 0 
0 0 0 0 0 0.688133 0 0 0 
0 0 0 0 0 0.687236 0 0 0 
0 0 0 0 0 0.686449 0 0 0 
0 0 0 0 0 0.68155 0 0 0 
0 0 0 0 0 0.694775 0 0 0 
0 0 0 0 0 0.694406 0 0 0 
0 0 0 0 0 0.688861 0 0 0 
0 0 0 0 0 0.684692 0 0 0 
0 0 0 0 0 0.686608 0 0 0 
0 0 0 0 0 0.684416 0 0 0 
0 0 0 0 0 0.679994 0 0 0 
0 0 0 0 0 0.673507 0 0 0 
0 0 0 0 0 0.667002 0 0 0 
0 0 0 0 0 0.663447 0 0 0 
0 0 0 0 0 0.658392 0 0 0 
0 0 0 0 0 0.651687 0 0 0 
0 0 0 0 0 0.643299 0 0 0 
0 0 0 0 0 0.636108 0 0 0 
0 0 0 0 0 0.630438 0 0 0 
0 0 0 0 0 0.6253 0 0 0 
0 0 0 0 0 0.620084 0 0 0 
0 0 0 0 0 0.616927 0 0 0 
0 0 0 0 0 0.61754 0 0 0 
0 0 0 0 0 0.614632 0 0 0 
0 0 0 0 0 0.61101 0 0 0 
0 0 0 0 0 0.606562 0 0 0 
0 0 0 0 0 0.603629 0 0 0 
0 0 0 0 0 0.600055 0 0 0 
0 0 0 0 0 0.597166 0 0 0 
0 0 0 0 0 0.593272 0 0 0 
0 0 0 0 0 0.588688 0 0 0 
0 0 0 0 0 0.584459 0 0 0 
0 0 0 0 0 0.584454 0 0 0 
0 0 0 0 0 0.585073 0 0 0 
0 0 0 0 0 0.583776 0 0 0 
0 0 0 0 0 0.581685 0 0 0 
0 0 0 0 0 0.581437 0 0 0 
0 0 0 0 0 0.580466 0 0 0 
0 0 0 0 0 0.579052 0 0 0 
0 0 0 0 0 0.578526 0 0 0 
0 0 0 0 0 0.577728 0 0 0 
0 0 0 0 0 0.577001 0 0 0 
0 0 0 0 0 0.575886 0 0 0 
0 0 0 0 0 0.575384 0 0 0 
0 0 0 0 0 0.574566 0 0 0 
0 0 0 0 0 0.573629 0 0 0 
0 0 0 0 0 0.57339 0 0 0 
0 0 0 0 0 0.572496 0 0 0 
0 0 0 0 0 0.571659 0 0 0 
0 0 0 0 0 0.571373 0 0 0 
0 0 0 0 0 0.571046 0 0 0 
0 0 0 0 0 0.571829 0 0 0 
0 0 0 0 0 0.571392 0 0 0 
0 0 0 0 0 0.570582 0 0 0 
0 0 0 0 0 0.570237 0 0 0 
0 0 0 0 0 0.570296 0 0 0 
0 0 0 0 0 0.570242 0 0 0 
0 0 0 0 0 0.569535 0 0 0 
0 0 0 0 0 0.569716 0 0 0 
0 0 0 0 0 0.570274 0 0 0 
0 0 0 0 0 0.569962 0 0 0 
0 0 0 0 0 0.570165 0 0 0 
0 0 0 0 0 0.57011 0 0 0 
0 0 0 0 0 0.569794 0 0 0 
0 0 0 0 0 0.569978 0 0 0 
0 0 0 0 0 0.570657 0 0 0 
0 0 0 0 0 0.570591 0 0 0 
0 0 0 0 0 0.570884 0 0 0 
0 0 0 0 0 0.570569 0 0 0 
0 0 0 0 0 0.57078 0 0 0 
0 0 0 0 0 0.570609 0 0 0 
0 0 0 0 0 0.570145 0 0 0 
0 0 0 0 0 0.57033 0 0 0 
0 0 0 0 0 0.570045 0 0 0 
0 0 0 0 0 0.570178 0 0 0 
