0 0 0 0 0 0.64068 0 0 0 
0 0 0 0 0 0.637612 0 0 0 
0 0 0 0 0 0.633627 0 0 0 
0 0 0 0 0 0.629397 0 0 0 
0 0 0 0 0 0.624514 0 0 0 
0 0 0 0 0 0.617895 0 0 0 
0 0 0 0 0 0.60946 0 0 0 
0 0 0 0 0.046853 0.598687 0 0 0 
0 0 0 0 0.182932 0.585698 0 0 0 
0 0 0 0 0.296629 0.571655 0 0 0 
0 0 0 0 0.393871 0.556407 0 0 0 
0 0 0 0 0.480663 0.541096 0 0 0 
0 0 0 0 0.559717 0.526438 0 0 0 
0 0 0 0 0.632658 0.512826 0 0 0 
0 0 0 0 0.698554 0.499566 0 0 0 
0 0 0 0 0.755352 0.486775 0 0 0 
0 0 0 0 0.80088 0.473848 0 0 0 
0 0 0 0 0.83292 0.459635 0 0 0 
0 0 0 0 0.851608 0.44524 0 0 0 
0 0 0 0 0.858502 0.430242 0 0 0 
0 0 0 0 0.856068 0.413887 0 0 0 
0 0 0 0 0.846604 0.39487 0 0 0 
0 0 0 0 0.831893 0.373323 0 0 0 
0 0 0 0 0.813258 0.350994 0 0 0 
0 0 0 0 0.790925 0.330565 0 0 0 
0 0 0 0 0.762872 0.312045 0 0 0 
0 0 0 0 0.726317 0.295813 0 0 0 
0 0 0 0 0.682651 0.278682 0 0 0 
0 0 0 0 0.631877 0.260066 0 0 0 
0 0 0 0 0.579463 0.243236 0 0 0 
0 0 0 0 0.526367 0.222767 0 0 0 
0 0 0 0 0.4692 0.201629 0 0 0 
0 0 0 0 0.398689 0.173208 0 0 0 
0 0 0 0 0.312581 0.143038 0 0 0 
0 0 0 0 0.212324 0.111107 0 0 0 
0 0 0 0 0.115865 0.0825583 0 0 0 
0 0 0 0 0.0133244 0.0550318 0 0 0 
0 0 0 0 0 0.0248391 0 0 0 
0 0 0 0 0 0 0 0 0 
0 0 0 0 0 0 0 0 0 
0 0 0 0 0 0 0 0 0 
0 0 0 0 0 0 0 0 0 
0 0 0 0 0 0 0 0 0 
0 0 0 0 0 0 0 0 0 
0 0 0 0 0 0 0 0 0 
0 0 0 0 0 0 0 0 0 
0 0 0 0 0 0 0 0 0 
0 0 0 0 0 0 0 0 0 
0 0 0 0 0 0 0 0 0 
0 0 0 0 0 0 0 0 0 
0 0 0 0 0 0 0 0 0 
0 0 0 0 0 0 0 0 0 
0 0 0 0 0 0 0 0 0 
0 0 0 0 0 0 0 0 0 
0 0 0 0 0 0 0 0 0 
0 0 0 0 0 0 0 0 0 
0 0 0 0 0 0 0 0 0 
0 0 0 0 0 0 0 0 0 
0 0 0 0 0 0 0 0 0 
0 0 0 0 0 0 0 0 0 
0 0 0 0 0 0 0 0 0 
0 0 0 0 0 0 0 0 0 
0 0 0 0 0 0 0 0 0 
0 0 0 0 0 0 0 0 0 
0 0 0 0 0 0 0 0 0 
0 0 0 0 0 0 0 0 0 
0 0 0 0 0 0 0 0 0 
0 0 0 0 0 0 0 0 0 
0 0 0 0 0 0 0 0 0 
0 0 0 0 0 0 0 0 0 
0 0 0 0 0 0 0 0 0 
0 0 0 0 0 0 0 0 0 
0 0 0 0 0 0 0 0 0 
0 0 0 0 0 0 0 0 0 
0 0 0 0 0 0 0 0 0 
0 0 0 0 0 0 0 0 0 
0 0 0 0 0 0 0 0 0 
0 0 0 0 0 0 0 0 0 
0 0 0 0 0 0 0 0 0 
0 0 0 0 0 0 0 0 0 
0 0 0 0 0 0 0 0 0 
0 0 0 0 0 0 0 0 0 
0 0 0 0 0 0 0 0 0 
0 0 0 0 0 0 0 0 0 
0 0 0 0 0 0 0 0 0 
0 0 0 0 0 0 0 0 0 
0 0 0 0 0 0 0 0 0 
0 0 0 0 0 0 0 0 0 
0 0 0 0 0 0 0 0 0 
0 0 0 0 0 0 0 0 0 
0 0 0 0 0 0 0 0 0 
0 0 0 0 0 0 0 0 0 
0 0 0 0 0 0 0 0 0 
0 0 0 0 0 0 0 0 0 
0 0 0 0 0 0 0 0 0 
0 0 0 0 0 0 0 0 0 
0 0 0 0 0 0 0 0 0 
0 0 0 0 0 0 0 0 0 
0 0 0 0 0 0.000167236 0 0 0 
0 0 0 0 0 0.0304694 0 0 0 
0 0 0 0 0 0.0646224 0 0 0 
0 0 0 0 0 0.101765 0 0 0 
0 0 0 0 0 0.141225 0 0 0 
0 0 0 0 0 0.182091 0 0 0 
0 0 0 0 0 0.223203 0 0 0 
0 0 0 0 0 0.264011 0 0 0 
0 0 0 0 0 0.303676 0 0 0 
0 0 0 0 0 0.34216 0 0 0 
0 0 0 0 0 0.379319 0 0 0 
0 0 0 0 0 0.415276 0 0 0 
0 0 0 0 0 0.449671 0 0 0 
0 0 0 0 0 0.481907 0 0 0 
0 0 0 0 0 0.512564 0 0 0 
0 0 0 0 0 0.541792 0 0 0 
0 0 0 0 0 0.56921 0 0 0 
0 0 0 0 0 0.593777 0 0 0 
0 0 0 0 0 0.615029 0 0 0 
0 0 0 0 0 0.632906 0 0 0 
0 0 0 0 0 0.648103 0 0 0 
0 0 0 0 0 0.661394 0 0 0 
0 0 0 0 0 0.673825 0 0 0 
0 0 0 0 0 0.685319 0 0 0 
0 0 0 0 0 0.69588 0 0 0 
0 0 0 0 0 0.705483 0 0 0 
0 0 0 0 0 0.71497 0 0 0 
0 0 0 0 0 0.724693 0 0 0 
0 0 0 0 0 0.734717 0 0 0 
0 0 0 0 0 0.744474 0 0 0 
0 0 0 0 0 0.753894 0 0 0 
0 0 0 0 0 0.762536 0 0 0 
0 0 0 0 0 0.770475 0 0 0 
0 0 0 0 0 0.77708 0 0 0 
0 0 0 0 0 0.782438 0 0 0 
0 0 0 0 0 0.786666 0 0 0 
0 0 0 0 0 0.789847 0 0 0 
0 0 0 0 0 0.791926 0 0 0 
0 0 0 0 0 0.792581 0 0 0 
0 0 0 0 0 0.791223 0 0 0 
0 0 0 0 0 0.787322 0 0 0 
0 0 0 0 0 0.780795 0 0 0 
0 0 0 0 0 0.77175 0 0 0 
0 0 0 0 0 0.76015 0 0 0 
0 0 0 0 0 0.746685 0 0 0 
0 0 0 0 0 0.731726 0 0 0 
0 0 0 0 0.0364943 0.715496 0 0 0 
0 0 0 0 0.156745 0.697918 0 0 0 
0 0 0 0 0.255444 0.678945 0 0 0 
0 0 0 0 0.345587 0.658411 0 0 0 
0 0 0 0 0.422299 0.63629 0 0 0 
0 0 0 0 0.488444 0.614246 0 0 0 
0 0 0 0 0.535869 0.593389 0 0 0 
0 0 0 0 0.565497 0.574231 0 0 0 
0 0 0 0 0.580083 0.55676 0 0 0 
0 0 0 0 0.596416 0.541051 0 0 0 
0 0 0 0 0.596997 0.529666 0 0 0 
0 0 0 0 0.593294 0.519841 0 0 0 
0 0 0 0 0.572537 0.511809 0 0 0 
0 0 0 0 0.547157 0.502126 0 0 0 
0 0 0 0 0.520975 0.491427 0 0 0 
0 0 0 0 0.501911 0.480529 0 0 0 
0 0 0 0 0.470483 0.471931 0 0 0 
0 0 0 0 0.438219 0.465405 0 0 0 
0 0 0 0 0.407082 0.461447 0 0 0 
0 0 0 0 0.36884 0.464911 0 0 0 
0 0 0 0 0.333364 0.469173 0 0 0 
0 0 0 0 0.298775 0.475327 0 0 0 
0 0 0 0 0.269589 0.483169 0 0 0 
0 0 0 0 0.233146 0.487214 0 0 0 
0 0 0 0 0.206525 0.489923 0 0 0 
0 0 0 0 0.188064 0.498195 0 0 0 
0 0 0 0 0.172402 0.50853 0 0 0 
0 0 0 0 0.161452 0.522586 0 0 0 
0 0 0 0 0.141181 0.530932 0 0 0 
0 0 0 0 0.114446 0.534884 0 0 0 
0 0 0 0 0.0877127 0.537468 0 0 0 
0 0 0 0 0.0642962 0.540172 0 0 0 
0 0 0 0 0.0451598 0.543324 0 0 0 
0 0 0 0 0.0304004 0.546894 0 0 0 
0 0 0 0 0.0208719 0.552084 0 0 0 
0 0 0 0 0.0166431 0.56151 0 0 0 
0 0 0 0 0.0193143 0.571389 0 0 0 
0 0 0 0 0.0192094 0.579004 0 0 0 
0 0 0 0 0.0216807 0.592139 0 0 0 
0 0 0 0 0.0312998 0.609688 0 0 0 
0 0 0 0 0.0419709 0.625445 0 0 0 
0 0 0 0 0.0585432 0.648225 0 0 0 
0 0 0 0 0.071609 0.666089 0 0 0 
0 0 0 0 0.0797293 0.682273 0 0 0 
0 0 0 0 0.0984082 0.701007 0 0 0 
0 0 0 0 0.101614 0.711182 0 0 0 
0 0 0 0 0.107314 0.728862 0 0 0 
0 0 0 0 0.111234 0.744038 0 0 0 
0 0 0 0 0.118606 0.763608 0 0 0 
0 0 0 0 0.123561 0.777816 0 0 0 
0 0 0 0 0.134963 0.791078 0 0 0 
0 0 0 0 0.146032 0.803411 0 0 0 
0 0 0 0 0.158385 0.809495 0 0 0 
0 0 0 0 0.171808 0.810213 0 0 0 
0 0 0 0 0.17435 0.811217 0 0 0 
0 0 0 0 0.178409 0.815986 0 0 0 
0 0 0 0 0.182894 0.819854 0 0 0 
0 0 0 0 0.185182 0.827741 0 0 0 
0 0 0 0 0.187558 0.828957 0 0 0 
0 0 0 0 0.192991 0.828495 0 0 0 
0 0 0 0 0.195027 0.833552 0 0 0 
0 0 0 0 0.20125 0.833001 0 0 0 
0 0 0 0 0.208668 0.832123 0 0 0 
0 0 0 0 0.213043 0.83236 0 0 0 
0 0 0 0 0.218985 0.831402 0 0 0 
0 0 0 0 0.224186 0.829887 0 0 0 
0 0 0 0 0.229621 0.8284 0 0 0 
0 0 0 0 0.234129 0.827592 0 0 0 
