0 0 0 0 0 0.351925 0 0 0 
0 0 0 0 0 0.351724 0 0 0 
0 0 0 0 0 0.351461 0 0 0 
0 0 0 0 0 0.351779 0 0 0 
0 0 0 0 0 0.352379 0 0 0 
0 0 0 0 0 0.352841 0 0 0 
0 0 0 0 0 0.353335 0 0 0 
0 0 0 0 0 0.35349 0 0 0 
0 0 0 0 0 0.353461 0 0 0 
0 0 0 0 0 0.353386 0 0 0 
0 0 0 0 0 0.353224 0 0 0 
0 0 0 0 0 0.353007 0 0 0 
0 0 0 0 0 0.352805 0 0 0 
0 0 0 0 0 0.35251 0 0 0 
0 0 0 0 0 0.352192 0 0 0 
0 0 0 0 0 0.351899 0 0 0 
0 0 0 0 0 0.351231 0 0 0 
0 0 0 0 0 0.350447 0 0 0 
0 0 0 0 0 0.349766 0 0 0 
0 0 0 0 0 0.34941 0 0 0 
0 0 0 0 0 0.348016 0 0 0 
0 0 0 0 0 0.344581 0 0 0 
0 0 0 0 0 0.341522 0 0 0 
0 0 0 0 0 0.337058 0 0 0 
0 0 0 0 0 0.328293 0 0 0 
0 0 0 0 0 0.320196 0 0 0 
0 0 0 0 0 0.319072 0 0 0 
0 0 0 0 0 0.32013 0 0 0 
0 0 0 0 0 0.322115 0 0 0 
0 0 0 0 0 0.322517 0 0 0 
0 0 0 0 0 0.316555 0 0 0 
0 0 0 0 0 0.314861 0 0 0 
0 0 0 0 0 0.316727 0 0 0 
0 0 0 0 0 0.320488 0 0 0 
0 0 0 0 0 0.325497 0 0 0 
0 0 0 0 0 0.330444 0 0 0 
0 0 0 0 0 0.335873 0 0 0 
0 0 0 0 0 0.341124 0 0 0 
0 0 0 0 0 0.34609 0 0 0 
0 0 0 0 0 0.350626 0 0 0 
0 0 0 0 0 0.35459 0 0 0 
0 0 0 0 0 0.358373 0 0 0 
0 0 0 0 0 0.363475 0 0 0 
0 0 0 0 0 0.370425 0 0 0 
0 0 0 0 0 0.379988 0 0 0 
0 0 0 0 0 0.392392 0 0 0 
0 0 0 0 0 0.406494 0 0 0 
0 0 0 0 0 0.420807 0 0 0 
0 0 0 0 0 0.434546 0 0 0 
0 0 0 0 0.0422464 0.447062 0 0 0 
0 0 0 0 0.130585 0.456766 0 0 0 
0 0 0 0 0.185986 0.463049 0 0 0 
0 0.0240774 0 0 0.221423 0.467214 0 0 0 
0 0.0739011 0 0 0.246939 0.470014 0 0 0 
0 0.120667 0 0 0.280463 0.472642 0 0 0 
0 0.164865 0 0 0.321669 0.475945 0 0 0 
0 0.206112 0 0 0.353941 0.479282 0 0 0 
0 0.244507 0 0 0.383558 0.482693 0 0 0 
0 0.280424 0 0 0.39279 0.486743 0 0 0 
0 0.313415 0 0 0.383644 0.491875 0 0 0 
0 0.344351 0 0 0.361752 0.497806 0 0 0 
0 0.37356 0 0 0.340603 0.504933 0 0 0 
0 0.401461 0 0 0.319736 0.512163 0 0 0 
0 0.428399 0 0 0.279258 0.519331 0 0 0 
0 0.454084 0 0 0.238352 0.525541 0 0 0 
0 0.478481 0 0 0.214297 0.532293 0 0 0 
0 0.501426 0 0 0.195882 0.539397 0 0 0 
0 0.523113 0 0 0.1826 0.54147 0 0 0 
0 0.542548 0 0 0.182218 0.542531 0 0 0 
0 0.559824 0 0 0.162423 0.5448 0 0 0 
0 0.575174 0 0 0.149476 0.54465 0 0 0 
0 0.588359 0 0 0.139075 0.544177 0 0 0 
0 0.599439 0 0 0.100181 0.545303 0 0 0 
0 0.608404 0 0 0.0613539 0.545463 0 0 0 
0 0.615534 0 0 0.0638049 0.543582 0 0 0 
0 0.620972 0 0 0.0719544 0.535294 0 0 0 
0 0.624685 0 0 0.0778481 0.52283 0 0 0 
0 0.627142 0 0 0.0251997 0.506924 0 0 0 
0 0.628427 0 0 0 0.488378 0 0 0 
0 0.628642 0 0 0 0.466076 0 0 0 
0 0.628035 0 0 0 0.441265 0 0 0 
0 0.626875 0 0 0 0.411839 0 0 0 
0 0.624998 0 0 0 0.380831 0 0 0 
0 0.622522 0 0 0 0.347528 0 0 0 
0 0.619622 0 0 0 0.316343 0 0 0 
0 0.616226 0 0 0 0.288397 0 0 0 
0 0.612475 0 0 0 0.250255 0 0 0 
0 0.608549 0 0 0 0.201229 0 0 0 
0 0.60433 0 0 0 0.149047 0 0 0 
0 0.59985 0 0 0 0.0856951 0 0 0 
0 0.595266 0 0 0 0.0143188 0 0 0 
0 0.590238 0 0 0 0 0 0 0 
0 0.584885 0 0 0 0 0 0 0 
0 0.57926 0 0 0 0 0 0 0 
0 0.573798 0 0 0 0 0 0 0 
0 0.569252 0 0 0 0 0 0 0 
0 0.565277 0 0 0 0 0 0 0 
0 0.562331 0 0 0 0 0 0.0514689 0 
0 0.558409 0 0 0 0 0 0.108262 0 
0 0.553794 0 0 0 0 0 0.0835625 0 
0 0.550755 0 0 0 0 0 0.0476606 0 
0 0.547783 0 0 0 0 0 0.0143916 0 
0 0.543804 0 0 0 0 0 0 0 
0 0.53861 0 0 0 0 0 0 0 
0 0.533617 0 0 0 0 0 0 0 
0 0.529427 0 0 0 0 0 0 0 
0 0.523544 0 0 0 0 0 0 0 
0 0.517799 0 0 0 0 0 0 0 
0 0.512822 0 0 0 0 0 0 0 
0 0.507256 0 0 0 0 0 0 0 
0 0.501081 0 0 0 0 0 0 0 
0 0.494619 0 0 0 0 0 0 0 
0 0.487282 0 0 0 0 0 0 0 
0 0.479752 0 0 0 0 0 0 0 
0 0.471746 0 0 0 0 0 0 0 
0 0.463084 0 0 0 0 0 0 0 
0 0.454459 0 0 0 0 0 0 0 
0 0.445485 0 0 0 0 0 0 0 
0 0.436213 0 0 0 0 0 0 0 
0 0.426933 0 0 0 0 0 0 0 
0 0.417532 0 0 0 0 0 0 0 
0 0.4079 0 0 0 0 0 0 0 
0 0.398101 0 0 0 0 0 0 0 
0 0.387967 0 0 0 0 0 0 0 
0 0.377211 0 0 0 0 0 0 0 
0 0.365791 0 0 0 0 0 0.00497398 0 
0 0.353779 0 0 0 0 0 0.0555025 0 
0 0.341203 0 0 0 0 0 0.0945384 0 
0 0.328483 0 0 0 0 0 0.117926 0 
0 0.31565 0 0 0 0 0 0.12905 0 
0 0.302035 0 0 0 0 0 0.131654 0 
0 0.287268 0 0 0 0 0 0.131847 0 
0 0.271697 0 0 0 0 0 0.128162 0 
0 0.255681 0 0 0 0 0 0.1182 0 
0 0.238495 0 0 0 0 0 0.108378 0 
0 0.220959 0 0 0 0 0 0.098119 0 
0 0.202683 0 0 0 0 0 0.0944405 0 
0 0.183411 0 0 0 0 0 0.0915081 0 
0 0.163153 0 0 0 0 0 0.108832 0 
0 0.1422 0 0 0 0 0 0.119082 0 
0 0.120275 0 0 0 0 0 0.136071 0 
0 0.0978455 0 0 0 0 0 0.139997 0 
0 0.0746476 0 0 0 0 0 0.138821 0 
0 0.0515536 0 0 0 0 0 0.136135 0 
0 0.0268969 0 0 0 0 0 0.126585 0 
0 0.00510276 0 0 0 0 0 0.121961 0 
0 0 0 0 0 0 0 0.0911993 0 
0 0 0 0 0 0 0 0.0646914 0 
0 0 0 0 0 0 0 0.017848 0 
0 0 0 0 0 0 0 0 0 
0 0 0 0 0 0 0 0 0 
0 0 0 0 0 0 0 0 0 
0 0 0 0 0 0 0 0 0.0598986 
0 0 0 0 0 0 0 0 0.111442 
0 0 0 0 0 0 0 0 0.156677 
0 0 0 0 0 0 0 0 0.181558 
0 0 0 0 0 0 0 0 0.208717 
0 0 0 0 0 0 0 0 0.231107 
0 0 0 0 0 0 0 0 0.249952 
0 0 0 0 0 0 0 0 0.265804 
0 0 0 0 0 0 0 0 0.280694 
0 0 0 0 0 0 0 0 0.301693 
0 0 0 0 0 0 0 0 0.31529 
0 0 0 0 0 0 0 0 0.315633 
0 0 0 0 0 0 0 0 0.305887 
0 0 0 0 0 0 0 0 0.296937 
0 0 0 0 0 0 0 0 0.282215 
0 0 0 0 0 0 0 0 0.273936 
0 0 0 0 0 0 0 0 0.259889 
0 0 0 0 0 0 0 0 0.251416 
0 0 0 0 0 0 0 0 0.248901 
0 0 0 0 0 0 0 0 0.245079 
0 0 0 0 0 0 0 0 0.248942 
0 0 0 0 0 0 0 0 0.257817 
0 0 0 0 0 0 0 0 0.269063 
0 0 0 0 0 0 0 0 0.279624 
0 0 0 0 0 0 0 0 0.287881 
0 0 0 0 0 0 0 0 0.298659 
0 0 0 0 0 0 0 0 0.30772 
0 0 0 0 0 0 0 0 0.315116 
0 0 0 0 0 0 0 0 0.32186 
0 0 0 0 0 0 0 0 0.326592 
0 0 0 0 0 0 0 0 0.334758 
0 0 0 0 0 0 0 0 0.343542 
0 0 0 0 0 0 0 0 0.352359 
0 0 0 0 0 0 0 0 0.362384 
0 0 0 0 0 0 0 0 0.373462 
0 0 0 0 0 0 0 0 0.381477 
0 0 0 0 0 0 0 0 0.390358 
0 0 0 0 0 0 0 0 0.39658 
0 0 0 0 0 0 0 0 0.400666 
0 0 0 0 0 0 0 0 0.403471 
0 0 0 0 0 0 0 0 0.416393 
0 0 0 0 0 0 0 0 0.428646 
0 0 0 0 0 0 0 0 0.45592 
0 0 0 0 0 0 0 0.110907 0.469616 
0 0 0 0 0 0 0 0.146732 0.494938 
0 0 0 0 0 0 0 0.102452 0.520633 
0 0 0 0 0 0 0 0.0271745 0.553549 
0 0 0 0 0 0 0 0 0.583496 
0 0 0 0 0 0 0 0 0.607563 
0 0 0 0 0 0 0 0 0.636217 
0 0 0 0 0 0 0 0 0.663131 
0 0 0 0 0 0 0 0 0.675312 
0 0 0 0 0 0 0 0 0.695497 
0 0 0 0 0 0 0 0 0.70408 
0 0 0 0 0 0 0 0 0.703595 
0 0 0 0 0 0 0 0 0.701786 
0 0 0 0 0 0 0 0 0.699832 
0.00883315 0 0 0 0 0 0 0 0.695212 
0.0620742 0 0 0 0 0 0 0 0.691847 
0.114699 0 0 0 0 0 0 0 0.684177 
0.176284 0 0 0 0 0 0 0 0.687448 
0.241018 0 0 0 0 0 0 0 0.697231 
0.303614 0 0 0 0 0 0 0 0.709738 
0.362256 0 0 0 0 0 0 0 0.724376 
0.415772 0 0 0 0 0 0 0 0.740695 
0.463478 0 0 0 0 0 0 0 0.758539 
0.507384 0 0 0 0 0 0 0 0.777542 
0.546292 0 0 0 0 0 0 0 0.79466 
0.579267 0 0 0 0 0 0 0 0.809877 
0.608522 0 0 0 0 0 0 0 0.824773 
0.634079 0 0 0 0 0 0 0 0.839527 
0.65657 0 0 0 0 0 0 0 0.854673 
0.676372 0 0 0 0 0 0 0 0.871016 
0.690816 0 0 0 0 0 0 0 0.884945 
0.702976 0 0 0 0 0 0 0 0.90003 
0.70909 0 0 0 0 0 0 0 0.909671 
0.713654 0 0 0 0 0 0 0 0.919003 
0.71778 0 0 0 0 0 0 0 0.926243 
0.723071 0 0 0 0 0 0 0 0.932282 
0.730382 0 0 0 0 0 0 0 0.936959 
0.73893 0 0 0 0 0 0 0 0.939393 
0.749933 0 0 0 0 0 0 0 0.940302 
0.761658 0 0 0 0 0 0 0 0.939884 
0.773117 0 0 0 0 0 0 0 0.939258 
0.785453 0 0 0 0 0 0 0 0.937916 
0.798998 0 0 0 0 0 0 0 0.937684 
0.812629 0 0 0 0 0 0 0 0.936994 
0.828558 0 0 0 0 0 0 0 0.938197 
0.839416 0 0 0 0 0 0 0 0.939721 
0.847515 0 0 0 0 0 0 0 0.933312 
0.862841 0 0 0 0 0 0 0 0.937541 
0.86772 0 0 0 0 0 0 0 0.940221 
0.863654 0 0 0 0 0 0 0 0.938311 
0.873901 0 0 0 0 0 0 0 0.941398 
0.883849 0 0 0 0 0 0 0 0.944862 
0.891439 0 0 0 0 0 0 0 0.946081 
0.907643 0 0 0 0 0 0 0 0.949862 
0.918229 0 0 0 0 0 0 0 0.954362 
0.923804 0 0 0 0 0 0 0 0.959592 
0.926717 0 0 0 0 0 0 0 0.962944 
0.928164 0 0 0 0 0 0 0 0.965273 
0.928395 0 0 0 0 0 0 0 0.965982 
0.928117 0 0 0 0 0 0 0 0.963725 
0.926469 0 0 0 0 0 0 0 0.960489 
0.928761 0 0 0 0 0 0 0 0.960958 
0.931449 0 0 0 0 0 0 0 0.964085 
0.932402 0 0 0 0 0 0 0 0.965995 
0.933284 0 0 0 0 0 0 0 0.966175 
0.933057 0 0 0 0 0 0 0 0.964881 
0.932933 0 0 0 0 0 0 0 0.965707 
0.933055 0 0 0 0 0 0 0 0.967808 
0.932543 0 0 0 0 0 0 0 0.969568 
0.932121 0 0 0 0 0 0 0 0.969721 
0.932707 0 0 0 0 0 0 0 0.969901 
0.93273 0 0 0 0 0 0 0 0.968885 
0.934131 0 0 0 0 0 0 0 0.970392 
0.934442 0 0 0 0 0 0 0 0.971016 
0.934553 0 0 0 0 0 0 0 0.972005 
0.93461 0 0 0 0 0 0 0 0.972053 
0.935014 0 0 0 0 0 0 0 0.971106 
0.935416 0 0 0 0 0 0 0 0.970503 
0.93608 0 0 0 0 0 0 0 0.970285 
0.936523 0 0 0 0 0 0 0 0.970644 
0.936823 0 0 0 0 0 0 0 0.970717 
0.937245 0 0 0 0 0 0 0 0.971034 
0.93782 0 0 0 0 0 0 0 0.971279 
0.938611 0 0 0 0 0 0 0 0.971231 
0.939274 0 0 0 0 0 0 0 0.971028 
0.939739 0 0 0 0 0 0 0 0.970814 
0.940381 0 0 0 0 0 0 0 0.970528 
0.940936 0 0 0 0 0 0 0 0.970296 
0.941389 0 0 0 0 0 0 0 0.97003 
0.941413 0 0 0 0 0 0 0 0.969948 
0.94123 0 0 0 0 0 0 0 0.969892 
0.941114 0 0 0 0 0 0 0 0.969786 
0.941108 0 0 0 0 0 0 0 0.969615 
0.940956 0 0 0 0 0 0 0 0.969423 
0.940799 0 0 0 0 0 0 0 0.969203 
0.940691 0 0 0 0 0 0 0 0.969027 
0.940558 0 0 0 0 0 0 0 0.968736 
0.940746 0 0 0 0 0 0 0 0.968641 
0.94083 0 0 0 0 0 0 0 0.968654 
0.94128 0 0 0 0 0 0 0 0.968678 
0.942192 0 0 0 0 0 0 0 0.968492 
0.942744 0 0 0 0 0 0 0 0.968259 
0.943141 0 0 0 0 0 0 0 0.967907 
0.9434 0 0 0 0 0 0 0 0.967453 
0.943451 0 0 0 0 0 0 0 0.966744 
0.943306 0 0 0 0 0 0 0 0.966103 
0.943062 0 0 0 0 0 0 0 0.965587 
0.943217 0 0 0 0 0 0 0 0.964914 
0.943675 0 0 0 0 0 0 0 0.964085 
0.943768 0 0 0 0 0 0 0 0.96339 
0.943683 0 0 0 0 0 0 0 0.962766 
