0 0 0 0 0 0.264497 0 0 0 
0 0 0 0 0 0.269624 0 0 0 
0 0 0 0 0 0.276944 0 0 0 
0 0 0 0 0 0.285231 0 0 0 
0 0 0 0 0 0.293071 0 0 0 
0 0 0 0 0 0.298986 0 0 0 
0 0 0 0 0 0.302772 0 0 0 
0 0 0 0 0 0.303737 0 0 0 
0 0 0 0 0 0.301614 0 0 0 
0 0 0 0 0.0576727 0.297162 0 0 0 
0 0 0 0 0.145902 0.291132 0 0 0 
0 0 0 0 0.232802 0.284606 0 0 0 
0 0 0 0 0.315063 0.278075 0 0 0 
0 0 0 0 0.392233 0.272229 0 0 0 
0 0 0 0 0.465587 0.267846 0 0 0 
0 0 0 0 0.533973 0.26497 0 0 0 
0 0 0 0 0.594894 0.263463 0 0 0 
0 0 0 0 0.6459 0.26379 0 0 0 
0 0 0 0 0.683993 0.264032 0 0 0 
0 0 0 0 0.709474 0.264292 0 0 0 
0 0 0 0 0.722401 0.264018 0 0 0 
0 0 0 0 0.723285 0.263128 0 0 0 
0 0 0 0 0.713206 0.263368 0 0 0 
0 0 0 0 0.696211 0.267066 0 0 0 
0 0 0 0 0.673045 0.27471 0 0 0 
0 0 0 0 0.646029 0.286094 0 0 0 
0 0 0 0 0.613499 0.298714 0 0 0 
0 0 0 0 0.574533 0.310376 0 0 0 
0 0 0 0 0.53167 0.321825 0 0 0 
0 0 0 0 0.490143 0.333648 0 0 0 
0 0 0 0 0.448077 0.345809 0 0 0 
0 0 0 0 0.407372 0.355726 0 0 0 
0 0 0 0 0.365708 0.365016 0 0 0 
0 0 0 0 0.313611 0.371504 0 0 0 
0 0 0 0 0.273164 0.380278 0 0 0 
0 0 0 0 0.231741 0.387091 0 0 0 
0 0 0 0 0.192067 0.39461 0 0 0 
0 0 0 0 0.151019 0.398409 0 0 0 
0 0 0 0 0.100931 0.398394 0 0 0 
0 0 0 0 0.0472794 0.397454 0 0 0 
0 0 0 0 0 0.39634 0 0 0 
0 0 0 0 0 0.392923 0 0 0 
0 0 0 0 0 0.387624 0 0 0 
0 0 0 0 0 0.382944 0 0 0 
0 0 0 0 0 0.377433 0 0 0 
0 0 0 0 0 0.373916 0 0 0 
0 0 0 0 0 0.369564 0 0 0 
0 0 0 0 0 0.364044 0 0 0 
0 0 0 0 0 0.358968 0 0 0 
0 0 0 0 0 0.351656 0 0 0 
0 0 0 0 0 0.349877 0 0 0 
0 0 0 0 0 0.356755 0 0 0 
0 0 0 0 0 0.363309 0 0 0 
0 0 0 0 0 0.362433 0 0 0 
0 0 0 0 0 0.361028 0 0 0 
0 0 0 0 0 0.365575 0 0 0 
0 0 0 0 0 0.37689 0 0 0 
0 0 0 0 0 0.380833 0 0 0 
0 0 0 0 0 0.385994 0 0 0 
0 0 0 0 0 0.393208 0 0 0 
0 0 0 0 0 0.402957 0 0 0 
0 0 0 0 0 0.412351 0 0 0 
0 0 0 0 0 0.424208 0 0 0 
0 0 0 0 0 0.431745 0 0 0 
0 0 0 0 0 0.440202 0 0 0 
0 0 0 0 0 0.44763 0 0 0 
0 0 0 0 0 0.452409 0 0 0 
0 0 0 0 0 0.459758 0 0 0 
0 0 0 0 0 0.465663 0 0 0 
0 0 0 0 0 0.470279 0 0 0 
0 0 0 0 0 0.471245 0 0 0 
0 0 0 0 0 0.473767 0 0 0 
0 0 0 0 0 0.470348 0 0 0 
0 0 0 0 0 0.467459 0 0 0 
0 0 0 0 0 0.464612 0 0 0 
0 0 0 0 0 0.461167 0 0 0 
0 0 0 0 0 0.457643 0 0 0 
0 0 0 0 0 0.453399 0 0 0 
0 0 0 0 0 0.449319 0 0 0 
0 0 0 0 0 0.445622 0 0 0 
0 0 0 0 0 0.442622 0 0 0 
0 0 0 0 0 0.43928 0 0 0 
0 0 0 0 0 0.43629 0 0 0 
0 0 0 0 0 0.433736 0 0 0 
0 0 0 0 0 0.431773 0 0 0 
0 0 0 0 0 0.430001 0 0 0 
0 0 0 0 0 0.428419 0 0 0 
0 0 0 0 0 0.42725 0 0 0 
0 0 0 0 0 0.426464 0 0 0 
0 0 0 0 0 0.426214 0 0 0 
0 0 0 0 0 0.426824 0 0 0 
0 0 0 0 0 0.427802 0 0 0 
0 0 0 0 0 0.429792 0 0 0 
0 0 0 0 0 0.432209 0 0 0 
0 0 0 0 0 0.435747 0 0 0 
0 0 0 0 0 0.438646 0 0 0 
0 0 0 0 0 0.441646 0 0 0 
0 0 0 0 0 0.445189 0 0 0 
0 0 0 0 0 0.448434 0 0 0 
0 0 0 0 0 0.451373 0 0 0 
0 0 0 0 0 0.453277 0 0 0 
0 0 0 0 0 0.454374 0 0 0 
0 0 0 0 0 0.454794 0 0 0 
0 0 0 0 0 0.453902 0 0 0 
0 0 0 0 0 0.453318 0 0 0 
0 0 0 0 0 0.451651 0 0 0 
0 0 0 0 0 0.449489 0 0 0 
0 0 0 0 0 0.447091 0 0 0 
0 0 0 0 0 0.444405 0 0 0 
0 0 0 0 0 0.441828 0 0 0 
0 0 0 0 0 0.43973 0 0 0 
0 0 0 0 0 0.438004 0 0 0 
0 0 0 0 0 0.437097 0 0 0 
0 0 0 0 0 0.4371 0 0 0 
0 0 0 0 0 0.438007 0 0 0 
0 0 0 0 0 0.439505 0 0 0 
0 0 0 0 0 0.441536 0 0 0 
0 0 0 0 0 0.443742 0 0 0 
0 0 0 0 0 0.445721 0 0 0 
0 0 0 0 0 0.447382 0 0 0 
0 0 0 0 0 0.448715 0 0 0 
0 0 0 0 0 0.449659 0 0 0 
0 0 0 0 0 0.45038 0 0 0 
0 0 0 0 0 0.451171 0 0 0 
0 0 0 0 0 0.451532 0 0 0 
0 0 0 0 0 0.451441 0 0 0 
0 0 0 0 0 0.450939 0 0 0 
0 0 0 0 0 0.449737 0 0 0 
0 0 0 0 0 0.448855 0 0 0 
0 0 0 0 0 0.44764 0 0 0 
0 0 0 0 0 0.446569 0 0 0 
0 0 0 0 0 0.445991 0 0 0 
0 0 0 0 0 0.446322 0 0 0 
0 0 0 0 0 0.446587 0 0 0 
0 0 0 0 0 0.447922 0 0 0 
0 0 0 0 0 0.449493 0 0 0 
0 0 0 0 0 0.451433 0 0 0 
0 0 0 0 0 0.452538 0 0 0 
0 0 0 0 0 0.455477 0 0 0 
0 0 0 0 0 0.460424 0 0 0 
0 0 0 0 0 0.467694 0 0 0 
0 0 0 0 0 0.475981 0 0 0 
0 0 0 0 0 0.485152 0 0 0 
0 0 0 0 0 0.495622 0 0 0 
0 0 0 0 0 0.506554 0 0 0 
0 0 0 0 0 0.517729 0 0 0 
0 0 0 0 0 0.529089 0 0 0 
0 0 0 0 0 0.540144 0 0 0 
0 0 0 0 0 0.550615 0 0 0 
0 0 0 0 0 0.560065 0 0 0 
0 0 0 0 0 0.568642 0 0 0 
0 0 0 0 0 0.576562 0 0 0 
0 0 0 0 0 0.583624 0 0 0 
0 0 0 0 0 0.589592 0 0 0 
0 0 0 0 0 0.593784 0 0 0 
0 0 0 0 0 0.595614 0 0 0 
0 0 0 0 0 0.594605 0 0 0 
0 0 0 0 0 0.590605 0 0 0 
0 0 0 0 0 0.584031 0 0 0 
0 0 0 0 0 0.575465 0 0 0 
0 0 0 0 0 0.566072 0 0 0 
0 0 0 0 0 0.556297 0 0 0 
0 0 0 0 0 0.545578 0 0 0 
0 0 0 0 0 0.534657 0 0 0 
0 0 0 0 0 0.524053 0 0 0 
0 0 0 0 0 0.515692 0 0 0 
0 0 0 0 0 0.510003 0 0 0 
0 0 0 0 0 0.504893 0 0 0 
0 0 0 0 0 0.499508 0 0 0 
0 0 0 0 0 0.493358 0 0 0 
0 0 0 0 0 0.486919 0 0 0 
0 0 0 0 0 0.480688 0 0 0 
0 0 0 0 0 0.474075 0 0 0 
0 0 0 0 0 0.468434 0 0 0 
0 0 0 0 0 0.464313 0 0 0 
0 0 0 0 0 0.462343 0 0 0 
0 0 0 0 0 0.458311 0 0 0 
0 0 0 0 0 0.456973 0 0 0 
0 0 0 0 0 0.453843 0 0 0 
0 0 0 0 0 0.449766 0 0 0 
0 0 0 0 0 0.449319 0 0 0 
0 0 0 0 0 0.4504 0 0 0 
0 0 0 0 0 0.452569 0 0 0 
0 0 0 0 0 0.45698 0 0 0 
0 0 0 0 0 0.459877 0 0 0 
0 0 0 0 0 0.464957 0 0 0 
0 0 0 0 0 0.469484 0 0 0 
0 0 0 0 0 0.472497 0 0 0 
0 0 0 0 0 0.477591 0 0 0 
0 0 0 0 0 0.481294 0 0 0 
0 0 0 0 0 0.486554 0 0 0 
0 0 0 0 0 0.490768 0 0 0 
0 0 0 0 0 0.495034 0 0 0 
