0 0 0 0 0 0.130361 0 0 0 
0 0 0 0 0 0.147996 0 0 0 
0 0 0 0 0 0.170696 0 0 0 
0 0 0 0 0 0.209151 0 0 0 
0 0 0 0 0 0.246055 0 0 0 
0 0 0 0 0 0.270698 0 0 0 
0 0 0 0 0 0.269946 0 0 0 
0 0 0 0 0.035324 0.263731 0 0 0 
0 0 0 0 0.156554 0.276473 0 0 0 
0 0 0 0 0.262779 0.259039 0 0 0 
0 0 0 0 0.372787 0.226683 0 0 0 
0 0 0 0 0.46462 0.194487 0 0 0 
0 0 0 0 0.538819 0.161744 0 0 0 
0 0 0 0 0.617659 0.169622 0 0 0 
0 0 0 0 0.671576 0.15073 0 0 0 
0 0 0 0 0.717943 0.135757 0 0 0 
0 0 0 0 0.759081 0.124048 0 0 0 
0 0 0 0 0.805488 0.123339 0 0 0 
0 0 0 0 0.835895 0.12579 0 0 0 
0 0 0 0 0.846596 0.115542 0 0 0 
0 0 0 0 0.853817 0.0986696 0 0 0 
0 0 0 0 0.851162 0.074302 0 0 0 
0 0 0 0 0.842113 0.0596163 0 0 0 
0 0 0 0 0.825798 0.0551253 0 0 0 
0 0 0 0 0.798572 0.0355737 0 0 0 
0 0 0 0 0.761867 0.00833903 0 0 0 
0 0 0 0 0.716566 0 0 0 0 
0 0 0 0 0.662506 0.00264567 0 0 0 
0 0 0 0 0.593821 0.00354574 0 0 0 
0 0 0 0 0.510807 0 0 0 0 
0 0 0 0 0.421018 0 0 0 0 
0 0 0 0 0.333518 0 0 0 0 
0 0 0 0 0.245378 0 0 0 0 
0 0 0 0 0.151517 0 0 0 0 
0 0 0 0 0.0665655 0 0 0 0 
0 0 0 0 0 0 0 0 0 
0 0 0 0 0 0 0 0 0 
0 0 0 0 0 0 0 0 0 
0 0 0 0 0 0 0 0 0 
0 0 0 0 0 0 0 0 0 
0 0 0 0 0 0 0 0 0 
0 0 0 0 0 0 0 0 0 
0 0 0 0 0 0 0 0 0 
0 0 0 0 0 0 0 0 0 
0 0 0 0 0 0 0 0 0 
0 0 0 0 0 0 0 0 0 
0 0 0 0 0 0 0 0 0 
0 0 0 0 0 0 0 0 0 
0 0 0 0 0 0 0 0 0 
0 0 0 0 0 0 0 0 0 
0 0 0 0 0 0 0 0 0 
0 0 0 0 0 0 0 0 0 
0 0 0 0 0 0 0 0 0 
0 0 0 0 0 0 0 0 0 
0 0 0 0 0 0 0 0 0 
0 0 0 0 0 0 0 0 0 
0 0 0 0 0 0 0 0 0 
0 0 0 0 0 0 0 0 0 
0 0 0 0 0 0 0 0 0 
0 0 0 0 0 0 0 0 0 
0 0 0 0 0 0 0 0 0 
0 0 0 0 0 0 0 0 0 
0 0 0 0 0 0 0 0 0 
0 0 0 0 0 0 0 0 0 
0 0 0 0 0 0 0 0 0 
0 0 0 0 0 0 0 0 0 
0 0 0 0 0 0 0 0 0 
0 0 0 0 0 0 0 0 0 
0 0 0 0 0 0 0 0 0 
0 0 0 0 0 0 0 0 0 
0 0 0 0 0 0 0 0 0 
0 0 0 0 0 0 0 0 0 
0 0 0 0 0 0 0 0 0 
0 0 0 0 0 0 0 0 0 
0 0 0 0 0 0 0 0 0 
0 0 0 0 0 0 0 0 0 
0 0 0 0 0 0 0 0 0 
0 0 0 0 0 0.0167696 0 0 0 
0 0 0 0 0 0.0392481 0 0 0 
0 0 0 0 0 0.0672649 0 0 0 
0 0 0 0 0 0.0976903 0 0 0 
0 0 0 0 0 0.130504 0 0 0 
0 0 0 0 0 0.165879 0 0 0 
0 0 0 0 0 0.202425 0 0 0 
0 0 0 0 0 0.240522 0 0 0 
0 0 0 0 0 0.280804 0 0 0 
0 0 0 0 0 0.322519 0 0 0 
0 0 0 0 0 0.365365 0 0 0 
0 0 0 0 0 0.406936 0 0 0 
0 0 0 0 0 0.452521 0 0 0 
0 0 0 0 0 0.500416 0 0 0 
0 0 0 0 0 0.549965 0 0 0 
0 0 0 0 0 0.598102 0 0 0 
0 0 0 0 0 0.643557 0 0 0 
0 0 0 0 0 0.684992 0 0 0 
0 0 0 0 0 0.721147 0 0 0 
0 0 0 0 0 0.753068 0 0 0 
0 0 0 0 0 0.779896 0 0 0 
0 0 0 0 0 0.803978 0 0 0 
0 0 0 0 0 0.824495 0 0 0 
0 0 0 0 0 0.842712 0 0 0 
0 0 0 0 0 0.85839 0 0 0 
0 0 0 0 0 0.871666 0 0 0 
0 0 0 0 0 0.884156 0 0 0 
0 0 0 0 0 0.896532 0 0 0 
0 0 0 0 0 0.908988 0 0 0 
0 0 0 0 0 0.921129 0 0 0 
0 0 0 0 0 0.932031 0 0 0 
0 0 0 0 0 0.94083 0 0 0 
0 0 0 0 0 0.94662 0 0 0 
0 0 0 0 0 0.948665 0 0 0 
0 0 0 0 0 0.946829 0 0 0 
0 0 0 0 0 0.941046 0 0 0 
0 0 0 0 0 0.931442 0 0 0 
0 0 0 0 0 0.918539 0 0 0 
0 0 0 0 0 0.902994 0 0 0 
0 0 0 0 0 0.885861 0 0 0 
0 0 0 0 0 0.867849 0 0 0 
0 0 0 0 0 0.849404 0 0 0 
0 0 0 0 0 0.831055 0 0 0 
0 0 0 0 0 0.812732 0 0 0 
0 0 0 0 0 0.793869 0 0 0 
0 0 0 0 0 0.77398 0 0 0 
0 0 0 0 0 0.753089 0 0 0 
0 0 0 0 0 0.731418 0 0 0 
0 0 0 0 0 0.709565 0 0 0 
0 0 0 0 0 0.687941 0 0 0 
0 0 0 0 0 0.667022 0 0 0 
0 0 0 0 0.0061271 0.647154 0 0 0 
0 0 0 0 0.0317164 0.629228 0 0 0 
0 0 0 0 0.0599273 0.613466 0 0 0 
0 0 0 0 0.0871557 0.600102 0 0 0 
0 0 0 0 0.105599 0.587219 0 0 0 
0 0 0 0 0.111981 0.573671 0 0 0 
0 0 0 0 0.115752 0.558649 0 0 0 
0 0 0 0 0.0960697 0.541328 0 0 0 
0 0 0 0 0.07216 0.522869 0 0 0 
0 0 0 0 0.0438794 0.501715 0 0 0 
0 0 0 0 0.0152832 0.480181 0 0 0 
0 0 0 0 0 0.457864 0 0 0 
0 0 0 0 0 0.436363 0 0 0 
0 0 0 0 0 0.417346 0 0 0 
0 0 0 0 0 0.402566 0 0 0 
0 0 0 0 0 0.394647 0 0 0 
0 0 0 0 0 0.391313 0 0 0 
0 0 0 0 0 0.386966 0 0 0 
0 0 0 0 0 0.384694 0 0 0 
0 0 0 0 0 0.383661 0 0 0 
0 0 0 0 0 0.381529 0 0 0 
0 0 0 0 0 0.381254 0 0 0 
0 0 0 0 0 0.385567 0 0 0 
0 0 0 0 0 0.393834 0 0 0 
0 0 0 0 0 0.400747 0 0 0 
0 0 0 0 0 0.407889 0 0 0 
0 0 0 0 0 0.415896 0 0 0 
0 0 0 0 0 0.434114 0 0 0 
0 0 0 0 0 0.469498 0 0 0 
0 0 0 0 0 0.512314 0 0 0 
0 0 0 0 0 0.545616 0 0 0 
0 0 0 0 0 0.569976 0 0 0 
0 0 0 0 0 0.578064 0 0 0 
0 0 0 0 0 0.600156 0 0 0 
0 0 0 0 0 0.618515 0 0 0 
0 0 0 0 0 0.633383 0 0 0 
0 0 0 0 0 0.659327 0 0 0 
0 0 0 0 0 0.698691 0 0 0 
0 0 0 0 0 0.731611 0 0 0 
0 0 0 0 0 0.754533 0 0 0 
0 0 0 0 0 0.757304 0 0 0 
0 0 0 0 0 0.764434 0 0 0 
0 0 0 0 0 0.769368 0 0 0 
0 0 0 0 0 0.774139 0 0 0 
0 0 0 0 0.00453082 0.777529 0 0 0 
0 0 0 0 0.0194266 0.780595 0 0 0 
0 0 0 0 0.0185413 0.784722 0 0 0 
0 0 0 0 0.0298509 0.786897 0 0 0 
0 0 0 0 0.0436766 0.780728 0 0 0 
0 0 0 0 0.0481743 0.787072 0 0 0 
0 0 0 0 0.0524256 0.78558 0 0 0 
0 0 0 0 0.056202 0.782177 0 0 0 
0 0 0 0 0.0593226 0.780234 0 0 0 
0 0 0 0 0.0619548 0.778938 0 0 0 
0 0 0 0 0.06373 0.777962 0 0 0 
0 0 0 0 0.0648989 0.776849 0 0 0 
0 0 0 0 0.0654541 0.775622 0 0 0 
0 0 0 0 0.0652269 0.773466 0 0 0 
0 0 0 0 0.0647212 0.771124 0 0 0 
0 0 0 0 0.0640322 0.768336 0 0 0 
0 0 0 0 0.0633441 0.765636 0 0 0 
0 0 0 0 0.0627479 0.763161 0 0 0 
0 0 0 0 0.0622431 0.761769 0 0 0 
0 0 0 0 0.0612922 0.758759 0 0 0 
0 0 0 0 0.0604816 0.755386 0 0 0 
0 0 0 0 0.0597187 0.753578 0 0 0 
0 0 0 0 0.0585228 0.75119 0 0 0 
0 0 0 0 0.0572868 0.74893 0 0 0 
0 0 0 0 0.0558995 0.747311 0 0 0 
0 0 0 0 0.0544482 0.746485 0 0 0 
0 0 0 0 0.0536962 0.747856 0 0 0 
0 0 0 0 0.0520177 0.747252 0 0 0 
0 0 0 0 0.0499918 0.745524 0 0 0 
0 0 0 0 0.0481456 0.745863 0 0 0 
0 0 0 0 0.0457897 0.744995 0 0 0 
0 0 0 0 0.0432437 0.743367 0 0 0 
