0 0 0 0 0 0 0 0 0 
0 0 0 0 0 0 0 0 0 
0 0 0 0 0 0 0 0 0 
0 0 0 0 0 0 0 0 0 
0 0 0 0 0 0 0 0 0 
0 0 0 0 0 0 0 0 0 
0 0 0 0 0 0 0 0 0 
0 0 0 0 0 0 0 0 0 
0 0 0 0 0 0 0 0 0 
0 0 0 0 0 0 0 0 0 
0 0 0 0 0 0 0.0733623 0 0 
0 0 0 0 0 0 0.164929 0 0 
0 0 0 0 0 0 0.223144 0 0 
0 0 0 0 0 0 0.239436 0 0 
0 0 0 0 0 0 0.24768 0 0 
0 0 0 0 0 0 0.227724 0 0 
0 0 0 0 0 0 0.169536 0 0 
0 0 0 0 0 0 0.0803948 0 0 
0 0 0 0 0 0 0 0 0 
0 0 0 0 0 0 0 0 0 
0 0 0 0 0 0 0 0 0 
0 0 0 0 0 0 0.0259504 0 0 
0 0 0 0 0 0 0.123876 0 0 
0 0 0 0 0 0 0.0943785 0 0 
0 0 0 0 0 0 0.0484687 0 0 
0 0 0 0 0 0 0 0 0 
0 0 0 0 0 0 0 0 0 
0 0 0 0 0 0 0 0 0 
0 0 0 0 0 0 0 0 0 
0 0 0 0 0 0 0 0 0 
0 0 0 0 0 0 0 0 0 
0 0 0 0 0 0 0 0 0 
0 0 0 0 0 0 0 0 0 
0 0 0 0 0 0 0 0 0 
0 0 0 0 0 0 0 0 0 
0 0 0 0 0 0 0 0 0 
0 0 0 0 0 0 0 0 0 
0 0 0 0 0 0 0 0 0 
0 0 0 0 0 0 0 0 0 
0 0 0 0 0 0 0 0 0 
0 0 0 0 0 0 0 0 0 
0 0 0 0 0 0 0 0 0 
0 0 0 0 0 0 0 0 0 
0 0 0 0 0 0 0 0 0 
0 0 0 0 0 0 0 0 0 
0 0 0 0 0 0 0 0 0 
0 0 0 0 0 0 0 0 0 
0 0 0 0 0 0 0 0 0 
0 0 0 0 0 0 0 0 0 
0 0 0 0 0 0 0 0 0 
0 0 0 0 0 0 0 0 0 
0 0 0 0 0 0 0 0 0 
0 0 0 0 0 0 0 0 0 
0 0 0 0 0 0 0 0 0 
0 0 0 0 0 0 0 0 0 
0 0 0 0 0 0 0 0 0 
0 0 0 0 0 0 0 0 0 
0 0 0 0 0 0 0 0 0 
0 0 0 0 0 0 0 0 0 
0 0 0 0 0 0 0 0 0 
0 0 0 0 0 0 0 0 0 
0 0 0 0 0 0 0 0 0 
0 0 0 0 0 0 0 0 0 
0 0 0 0 0 0 0 0 0 
0 0 0 0 0 0 0 0 0 
0 0 0 0 0 0 0 0 0 
0 0 0 0 0 0 0 0 0 
0 0 0 0 0 0 0 0 0 
0 0 0 0 0 0 0 0 0 
0 0 0 0 0 0 0 0 0 
0 0 0 0 0 0 0 0 0 
0 0 0 0 0 0 0 0 0 
0 0 0 0 0 0 0 0 0 
0 0 0 0 0 0 0 0 0 
0 0 0 0 0 0 0 0 0 
0 0 0 0 0 0 0 0 0 
0 0 0 0 0 0 0 0 0 
0 0 0 0 0 0 0 0 0 
0 0 0 0 0 0 0 0 0 
0 0 0 0 0 0 0 0 0 
0 0 0 0 0 0 0 0 0 
0 0 0 0 0 0 0 0 0 
0 0 0 0 0 0 0 0 0 
0 0 0 0 0 0 0 0 0 
0 0 0 0 0 0 0 0 0 
0 0 0 0 0 0 0 0 0 
0 0 0 0 0 0 0 0 0 
0 0 0 0 0 0 0 0 0 
0 0 0 0 0 0 0 0 0 
0 0 0 0 0 0 0 0 0 
0 0 0 0 0 0 0 0 0 
0 0 0 0 0 0 0 0 0 
0 0 0 0 0 0 0 0 0 
0 0 0 0 0 0 0 0 0 
0 0 0 0 0 0 0 0 0 
0 0 0 0 0 0 0 0 0 
0 0 0 0 0 0 0 0 0 
0 0 0 0 0 0 0 0 0 
0 0 0 0 0 0 0 0 0 
0 0 0 0 0 0.0411847 0 0 0 
0 0 0 0 0 0.0941899 0 0 0 
0 0 0 0 0 0.105051 0 0 0 
0 0 0 0 0 0.10697 0 0 0 
0 0 0 0 0 0.0979348 0 0 0 
0 0 0 0 0 0.122939 0 0 0 
0 0 0 0 0 0.219437 0 0 0 
0 0 0 0 0 0.269182 0 0 0 
0 0 0 0 0 0.346229 0 0 0 
0 0 0 0 0 0.399759 0 0 0 
0 0 0 0 0 0.450721 0 0 0 
0 0 0 0 0 0.488332 0 0 0 
0 0 0 0 0 0.510886 0 0 0 
0 0 0 0 0 0.515277 0 0 0 
0 0 0 0 0 0.517862 0 0 0 
0 0 0 0 0 0.516023 0 0 0 
0 0 0 0 0 0.511057 0 0 0 
0 0 0 0 0 0.499973 0 0 0 
0 0 0 0 0 0.504695 0 0 0 
0 0 0 0 0 0.504547 0 0 0 
0 0 0 0 0 0.502823 0 0 0 
0 0 0 0 0 0.502723 0 0 0 
0 0 0 0 0 0.505579 0 0 0 
0 0 0 0 0 0.506643 0 0 0 
0 0 0 0 0 0.506298 0 0 0 
0 0 0 0 0 0.504169 0 0 0 
0 0 0 0 0 0.50248 0 0 0 
0 0 0 0 0 0.502876 0 0 0 
0 0 0 0 0 0.50211 0 0 0 
0 0 0 0 0 0.502083 0 0 0 
0 0 0 0 0 0.502571 0 0 0 
0 0 0 0 0 0.502595 0 0 0 
0 0 0 0 0 0.502686 0 0 0 
0 0 0 0 0 0.502332 0 0 0 
0 0 0 0 0 0.501586 0 0 0 
0 0 0 0 0 0.501532 0 0 0 
0 0 0 0 0 0.501484 0 0 0 
0 0 0 0 0 0.502041 0 0 0 
0 0 0 0 0 0.501933 0 0 0 
0 0 0 0 0 0.501169 0 0 0 
0 0 0 0 0 0.500778 0 0 0 
0 0 0 0 0 0.500931 0 0 0 
0 0 0 0 0 0.501049 0 0 0 
0 0 0 0 0 0.501433 0 0 0 
0 0 0 0 0 0.501498 0 0 0 
0 0 0 0 0 0.502013 0 0 0 
0 0 0 0 0 0.502163 0 0 0 
0 0 0 0 0 0.502084 0 0 0 
0 0 0 0 0 0.502761 0 0 0 
0 0 0 0 0 0.502867 0 0 0 
0 0 0 0 0 0.502823 0 0 0 
0 0 0 0 0 0.504086 0 0 0 
0 0 0 0 0 0.504394 0 0 0 
0 0 0 0 0 0.504573 0 0 0 
0 0 0 0 0 0.504845 0 0 0 
0 0 0 0 0 0.50498 0 0 0 
0 0 0 0 0 0.505178 0 0 0 
0 0 0 0 0 0.504652 0 0 0 
0 0 0 0 0 0.504078 0 0 0 
0 0 0 0 0 0.504087 0 0 0 
0 0 0 0 0 0.503496 0 0 0 
0 0 0 0 0 0.502927 0 0 0 
0 0 0 0 0 0.501951 0 0 0 
0 0 0 0 0 0.501865 0 0 0 
0 0 0 0 0 0.502053 0 0 0 
0 0 0 0 0 0.502278 0 0 0 
0 0 0 0 0 0.502393 0 0 0 
0 0 0 0 0 0.5023 0 0 0 
0 0 0 0 0 0.502159 0 0 0 
0 0 0 0 0 0.501876 0 0 0 
0 0 0 0 0 0.501677 0 0 0 
0 0 0 0 0 0.501054 0 0 0 
0 0 0 0 0 0.501222 0 0 0 
0 0 0 0 0 0.501296 0 0 0 
0 0 0 0 0 0.500958 0 0 0 
0 0 0 0 0 0.500509 0 0 0 
0 0 0 0 0 0.500037 0 0 0 
0 0 0 0 0 0.499537 0 0 0 
0 0 0 0 0 0.499537 0 0 0 
0 0 0 0 0 0.499786 0 0 0 
0 0 0 0 0 0.499527 0 0 0 
0 0 0 0 0 0.499045 0 0 0 
0 0 0 0 0 0.499668 0 0 0 
0 0 0 0 0 0.499858 0 0 0 
0 0 0 0 0 0.501061 0 0 0 
0 0 0 0 0 0.501744 0 0 0 
0 0 0 0 0 0.502568 0 0 0 
0 0 0 0 0 0.502084 0 0 0 
