0 0.592338 0 0 0 0.579498 0 0 0 
0 0.601595 0 0 0 0.613436 0 0 0 
0 0.611802 0 0 0 0.653773 0 0 0 
0 0.619052 0 0 0 0.673014 0 0 0 
0 0.625604 0 0 0 0.682059 0 0 0 
0 0.631896 0 0 0 0.680511 0 0 0 
0 0.637651 0 0 0 0.673751 0 0 0 
0 0.642457 0 0 0 0.676588 0 0 0 
0 0.646683 0 0 0 0.679515 0 0 0 
0 0.650356 0 0 0 0.679723 0 0 0 
0 0.653291 0 0 0 0.679359 0 0 0 
0 0.65546 0 0 0 0.680144 0 0 0 
0 0.657006 0 0 0 0.680695 0 0 0 
0 0.657853 0 0 0 0.677739 0 0 0 
0 0.658054 0 0 0 0.674705 0 0 0 
0 0.657614 0 0 0 0.671184 0 0 0 
0 0.656435 0 0 0 0.669958 0 0 0 
0 0.654699 0 0 0 0.667881 0 0 0 
0 0.652431 0 0 0 0.66422 0 0 0 
0 0.649834 0 0 0 0.661137 0 0 0 
0 0.647057 0 0 0 0.657807 0 0 0 
0 0.644185 0 0 0 0.653927 0 0 0 
0 0.641315 0 0 0 0.650675 0 0 0 
0 0.638623 0 0 0 0.648037 0 0 0 
0 0.635946 0 0 0 0.646727 0 0 0 
0 0.633396 0 0 0 0.645656 0 0 0 
0 0.630946 0 0 0 0.645943 0 0 0 
0 0.628583 0 0 0 0.644632 0 0 0 
0 0.626155 0 0 0 0.644176 0 0 0 
0 0.623971 0 0 0 0.641405 0 0 0 
0 0.621888 0 0 0 0.634863 0 0 0 
0 0.619901 0 0 0 0.628836 0 0 0 
0 0.617955 0 0 0 0.618395 0 0 0 
0 0.61612 0 0 0 0.60652 0 0 0 
0 0.614388 0 0 0 0.589417 0 0 0 
0 0.61276 0 0 0 0.563512 0 0 0 
0 0.611259 0 0 0 0.521946 0 0 0 
0 0.609887 0 0 0 0.465538 0 0 0 
0 0.608446 0 0 0 0.390794 0 0 0 
0 0.606997 0 0 0 0.29333 0 0 0 
0 0.605336 0 0 0 0.175546 0 0 0 
0 0.603479 0 0 0 0.0414559 0 0 0 
0 0.601398 0 0 0 0 0 0 0 
0 0.598908 0 0 0 0 0 0 0 
0 0.595953 0 0 0 0 0 0 0 
0 0.592601 0 0 0 0 0 0 0 
0 0.588638 0 0 0 0 0 0 0 
0 0.584113 0 0 0 0 0 0 0 
0 0.578914 0 0 0 0 0 0 0 
0 0.572894 0 0 0 0 0 0 0 
0 0.566208 0 0 0 0 0 0 0 
0 0.558856 0 0 0 0 0 0 0 
0 0.55067 0 0 0 0 0 0 0 
0 0.541914 0 0 0 0 0 0 0 
0 0.532592 0 0 0 0 0 0 0 
0 0.522773 0 0 0 0 0 0 0 
0 0.512544 0 0 0 0 0 0 0 
0 0.502085 0 0 0 0 0 0 0 
0 0.491289 0 0 0 0 0 0 0 
0 0.480232 0 0 0 0 0 0 0 
0 0.468907 0 0 0 0 0 0 0 
0 0.457432 0 0 0 0 0 0 0 
0 0.445731 0 0 0 0 0 0 0 
0 0.433527 0 0 0 0 0 0 0 
0 0.421336 0 0 0 0 0 0 0 
0 0.409027 0 0 0 0 0 0 0 
0 0.396067 0 0 0 0 0 0 0 
0 0.382692 0 0 0 0 0 0.0408636 0 
0 0.368531 0 0 0 0 0 0.0822123 0 
0 0.354666 0 0 0 0 0 0.120749 0 
0 0.340492 0 0 0 0 0 0.155971 0 
0 0.326425 0 0 0 0 0 0.188883 0 
0 0.312018 0 0 0 0 0 0.21438 0 
0 0.29765 0 0 0 0 0 0.230613 0 
0 0.283172 0 0 0 0 0 0.235192 0 
0 0.26906 0 0 0 0 0 0.23246 0 
0 0.254724 0 0 0 0 0 0.222266 0 
0 0.240005 0 0 0 0 0 0.204097 0 
0 0.224402 0 0 0 0 0 0.179242 0 
0 0.207634 0 0 0 0 0 0.146766 0 
0 0.189722 0 0 0 0 0 0.11762 0 
0 0.171775 0 0 0 0 0 0.100693 0 
0 0.152691 0 0 0 0 0 0.0964805 0 
0 0.132992 0 0 0 0 0 0.100421 0 
0 0.113034 0 0 0 0 0 0.104911 0 
0 0.0936648 0 0 0 0 0 0.108805 0 
0 0.075386 0 0 0 0 0 0.115758 0 
0 0.0571646 0 0 0 0 0 0.124134 0 
0 0.0383049 0 0 0 0 0 0.125221 0 
0 0.0207239 0 0 0 0 0 0.124824 0 
0 0.00261441 0 0 0 0 0 0.118331 0 
0 0 0 0 0 0 0 0.10391 0 
0 0 0 0 0 0 0 0.0933885 0 
0 0 0 0 0 0 0 0.0939787 0 
0 0 0 0 0 0 0 0.114869 0.0102164 
0 0 0 0 0 0 0 0.105732 0.0724486 
0 0 0 0 0 0 0 0.0964237 0.120757 
0 0 0 0 0 0 0 0.0812349 0.177162 
0 0 0 0 0 0 0 0.0546615 0.234942 
0 0 0 0 0 0 0 0.0160751 0.290645 
0 0 0 0 0 0 0 0 0.352821 
0 0 0 0 0 0 0 0 0.403041 
0 0 0 0 0 0 0 0 0.439344 
0 0 0 0 0 0 0 0 0.462691 
0 0 0 0 0 0 0 0 0.487219 
0 0 0 0 0 0 0 0 0.49514 
0 0 0 0 0 0 0 0 0.495503 
0 0 0 0 0 0 0 0 0.504445 
0 0 0 0 0 0 0 0 0.51051 
0 0 0 0 0 0 0 0 0.515167 
0 0 0 0 0 0 0 0 0.512873 
0 0 0 0 0 0 0 0 0.523571 
0 0 0 0 0 0 0 0 0.533611 
0 0 0 0 0 0 0 0 0.542385 
0 0 0 0 0 0 0 0 0.541053 
0 0 0 0 0 0 0 0 0.556854 
0 0 0 0 0 0 0 0 0.575631 
0 0 0 0 0 0 0 0 0.593708 
0 0 0 0 0 0 0 0 0.61428 
0 0 0 0 0 0 0 0 0.630298 
0 0 0 0 0 0 0 0 0.641695 
0 0 0 0 0 0 0 0 0.649962 
0 0 0 0 0 0 0 0.0450071 0.655429 
0 0 0 0 0 0 0 0.093699 0.66107 
0 0 0 0 0 0 0 0.137161 0.66811 
0 0 0 0 0 0 0 0.164502 0.673429 
0 0 0 0 0 0 0 0.198022 0.677065 
0 0 0 0 0 0 0 0.217964 0.679384 
0 0 0 0 0 0 0 0.192582 0.682553 
0 0 0 0 0 0 0 0.153224 0.684259 
0 0 0 0 0 0 0 0.0889505 0.692247 
0 0 0 0 0 0 0 0.0219014 0.694206 
0 0 0 0 0 0 0 0.00706832 0.689886 
0 0 0 0 0 0 0 0 0.688498 
0 0 0 0 0 0 0 0 0.693796 
0 0 0 0 0 0 0 0 0.68918 
0 0 0 0 0 0 0 0 0.685042 
0 0 0 0 0 0 0 0 0.681224 
0.0600822 0 0 0 0 0 0 0 0.67806 
0.139972 0 0 0 0 0 0 0 0.676249 
0.214042 0 0 0 0 0 0 0 0.680408 
0.281469 0 0 0 0 0 0 0 0.690107 
0.345513 0 0 0 0 0 0 0 0.713441 
0.395861 0 0 0 0 0 0 0 0.730979 
0.448754 0 0 0 0 0 0 0 0.747024 
0.494958 0 0 0 0 0 0 0 0.778743 
0.527311 0 0 0 0 0 0 0 0.805979 
0.556758 0 0 0 0 0 0 0 0.813904 
0.582393 0 0 0 0 0 0 0 0.836218 
0.612643 0 0 0 0 0 0 0 0.869395 
0.629224 0 0 0 0 0 0 0 0.890468 
0.642949 0 0 0 0 0 0 0 0.907171 
0.649125 0 0 0 0 0 0 0 0.915655 
0.651716 0 0 0 0 0 0 0 0.92364 
0.653294 0 0 0 0 0 0 0 0.930453 
0.657293 0 0 0 0 0 0 0 0.935387 
0.663924 0 0 0 0 0 0 0 0.940264 
0.672301 0 0 0 0 0 0 0 0.943568 
0.68145 0 0 0 0 0 0 0 0.945155 
0.696931 0 0 0 0 0 0 0 0.946147 
0.71499 0 0 0 0 0 0 0 0.946508 
0.730905 0 0 0 0 0 0 0 0.945756 
0.748042 0 0 0 0 0 0 0 0.943955 
0.764789 0 0 0 0 0 0 0 0.939343 
0.791944 0 0 0 0 0 0 0 0.937218 
0.806963 0 0 0 0 0 0 0 0.929731 
0.822066 0 0 0 0 0 0 0 0.927657 
0.832086 0 0 0 0 0 0 0 0.926525 
0.84511 0 0 0 0 0 0 0 0.925895 
0.868124 0 0 0 0 0 0 0 0.931947 
0.886494 0 0 0 0 0 0 0 0.936428 
0.901727 0 0 0 0 0 0 0 0.941391 
0.906926 0 0 0 0 0 0 0 0.942257 
0.916871 0 0 0 0 0 0 0 0.9491 
0.925937 0 0 0 0 0 0 0 0.956408 
0.929212 0 0 0 0 0 0 0 0.961269 
0.92909 0 0 0 0 0 0 0 0.964015 
0.928699 0 0 0 0 0 0 0 0.965302 
0.92822 0 0 0 0 0 0 0 0.967642 
0.928379 0 0 0 0 0 0 0 0.9709 
0.926437 0 0 0 0 0 0 0 0.971081 
0.924258 0 0 0 0 0 0 0 0.972794 
0.922193 0 0 0 0 0 0 0 0.974032 
0.920468 0 0 0 0 0 0 0 0.974686 
0.920011 0 0 0 0 0 0 0 0.974014 
0.921152 0 0 0 0 0 0 0 0.972838 
0.921231 0 0 0 0 0 0 0 0.972254 
0.920402 0 0 0 0 0 0 0 0.972096 
0.920106 0 0 0 0 0 0 0 0.972211 
0.920846 0 0 0 0 0 0 0 0.972223 
0.921431 0 0 0 0 0 0 0 0.971873 
0.921833 0 0 0 0 0 0 0 0.972192 
0.922409 0 0 0 0 0 0 0 0.972454 
0.922872 0 0 0 0 0 0 0 0.972529 
0.923511 0 0 0 0 0 0 0 0.972392 
0.924193 0 0 0 0 0 0 0 0.97225 
0.925156 0 0 0 0 0 0 0 0.972183 
0.926309 0 0 0 0 0 0 0 0.972263 
0.928062 0 0 0 0 0 0 0 0.972286 
0.929702 0 0 0 0 0 0 0 0.972307 
0.931708 0 0 0 0 0 0 0 0.971944 
0.932061 0 0 0 0 0 0 0 0.971946 
0.932428 0 0 0 0 0 0 0 0.971955 
0.932709 0 0 0 0 0 0 0 0.972116 
0.932967 0 0 0 0 0 0 0 0.972301 
0.933397 0 0 0 0 0 0 0 0.972582 
0.934081 0 0 0 0 0 0 0 0.972886 
0.934851 0 0 0 0 0 0 0 0.973082 
0.9353 0 0 0 0 0 0 0 0.973234 
0.935112 0 0 0 0 0 0 0 0.973569 
0.934764 0 0 0 0 0 0 0 0.973757 
0.93422 0 0 0 0 0 0 0 0.973855 
0.933888 0 0 0 0 0 0 0 0.973616 
