0 0 0 0 0 0.474545 0 0 0 
0 0 0 0 0 0.436709 0 0 0 
0 0 0 0 0 0.396151 0 0 0 
0 0 0 0 0 0.353154 0 0 0 
0 0 0 0 0 0.308502 0 0 0 
0 0 0 0 0 0.2622 0 0 0 
0 0 0 0 0 0.21439 0 0 0 
0 0 0 0 0 0.16526 0 0 0 
0 0 0 0 0 0.116203 0 0 0 
0 0 0 0 0 0.0675027 0 0 0 
0 0 0 0 0 0.0179102 0 0 0 
0 0 0.128909 0 0 0 0 0 0 
0 0 0.286552 0 0 0 0 0 0 
0 0 0.404114 0 0 0 0 0 0 
0 0 0.491391 0 0 0 0 0 0 
0 0 0.555003 0 0 0 0 0 0 
0 0 0.600065 0 0 0 0 0 0 
0 0 0.629887 0 0 0 0 0 0 
0 0 0.646375 0 0 0 0 0 0 
0 0 0.651038 0 0 0 0 0 0 
0 0 0.646538 0 0 0 0 0 0 
0 0 0.634114 0 0 0 0 0 0 
0 0 0.613086 0 0 0 0 0 0 
0 0 0.581348 0 0 0 0 0 0 
0 0 0.540507 0 0 0 0 0 0 
0 0 0.488237 0 0 0 0 0 0 
0 0 0.423564 0 0 0 0 0 0 
0 0 0.354133 0 0 0 0 0 0 
0 0 0.275653 0 0 0 0 0 0 
0 0 0.186095 0 0 0 0 0 0 
0 0 0.0922013 0 0 0 0 0 0 
0 0 0 0 0 0 0 0 0 
0 0 0 0 0 0 0 0 0 
0 0 0 0 0 0 0 0 0 
0 0 0 0 0 0 0 0 0 
0 0 0 0 0 0 0 0 0 
0 0 0 0 0 0 0 0 0 
0 0 0 0 0 0 0 0 0 
0 0 0 0 0 0 0 0 0 
0 0 0 0 0 0 0 0 0 
0 0 0 0 0 0 0 0 0 
0 0 0 0 0 0 0 0 0 
0 0 0 0 0 0 0 0 0 
0 0 0 0 0 0 0 0 0 
0 0 0 0 0 0 0 0 0 
0 0 0 0 0 0 0 0 0 
0 0 0 0 0 0 0 0 0 
0 0 0 0 0 0 0 0 0 
0 0 0 0 0 0 0 0 0 
0 0 0 0 0 0 0 0 0 
0 0 0 0 0 0 0 0 0 
0 0 0 0 0 0 0 0 0 
0 0 0 0 0 0 0 0 0 
0 0 0 0 0 0 0 0 0 
0 0 0 0 0 0 0 0 0 
0 0 0 0 0 0 0 0 0 
0 0 0 0 0 0 0 0 0 
0 0 0 0 0 0 0 0 0 
0 0 0 0 0 0 0 0 0 
0 0 0 0 0 0 0 0 0 
0 0 0 0 0 0 0 0 0 
0 0 0 0 0 0 0 0 0 
0 0 0 0 0 0 0 0 0 
0 0 0 0 0 0 0 0 0 
0 0 0 0 0 0 0 0 0 
0 0 0 0 0 0 0 0 0 
0 0 0 0 0 0 0 0 0 
0 0 0 0 0 0 0 0 0 
0 0 0 0 0 0 0 0 0 
0 0 0 0 0 0 0 0 0 
0 0 0 0 0 0 0 0 0 
0 0 0 0 0 0 0 0 0 
0 0 0 0 0 0 0 0 0 
0 0 0 0 0 0 0 0 0 
0 0 0 0 0 0 0 0 0 
0 0 0 0 0 0 0 0 0 
0 0 0 0 0 0 0 0 0 
0 0 0 0 0 0 0 0 0 
0 0 0 0 0 0 0 0 0 
0 0 0 0 0 0 0 0 0 
0 0 0 0 0 0 0 0 0 
0 0 0 0 0 0 0 0 0 
0 0 0 0 0 0 0 0 0 
0 0 0 0 0 0 0 0 0 
0 0 0 0 0 0 0 0 0 
0 0 0 0 0 0 0 0 0 
0 0 0 0 0 0 0 0 0 
0 0 0 0 0 0 0 0 0 
0 0 0 0 0 0 0 0 0 
0 0 0 0 0 0 0 0 0 
0 0 0 0 0 0 0 0 0 
0 0 0 0 0 0 0 0 0 
0 0 0 0 0 0 0 0 0 
0 0 0 0 0 0 0 0 0 
0 0 0 0 0 0 0 0 0 
0 0 0 0 0 0 0 0 0 
0 0 0 0 0 0 0 0 0 
0 0 0 0 0 0 0 0 0 
0 0 0 0 0 0 0 0 0 
0 0 0 0 0 0 0 0 0 
0 0 0 0 0 0 0 0 0 
0 0 0 0 0 0 0 0 0 
0 0 0 0 0 0 0 0 0 
0 0 0 0 0 0 0 0 0 
0 0 0 0 0 0 0 0 0 
0 0 0 0 0 0 0 0 0 
0 0 0 0 0 0 0 0 0 
0 0 0 0 0 0 0 0 0 
0 0 0 0 0 0 0 0 0 
0 0 0 0 0 0 0 0 0 
0 0 0 0 0 0 0 0 0 
0 0 0 0 0 0 0 0 0 
0 0 0 0 0 0 0 0 0 
0 0 0 0 0 0 0 0 0 
0 0 0 0 0 0 0 0 0 
0 0 0 0 0 0 0 0 0 
0 0 0 0 0 0 0 0 0 
0 0 0 0 0 0 0 0 0 
0 0 0 0 0 0 0 0 0 
0 0 0 0 0 0 0 0 0 
0 0 0 0 0 0 0 0 0 
0 0 0 0 0 0 0 0 0 
0 0 0 0 0 0 0 0 0 
0 0 0 0 0 0 0 0 0 
0 0 0 0 0 0 0 0 0 
0 0 0 0 0 0 0 0 0 
0 0 0 0 0 0 0 0 0 
0 0 0 0 0 0 0 0 0 
0 0 0 0 0 0 0 0 0 
0 0 0 0 0 0 0 0 0 
0 0 0 0 0 0 0 0 0 
0 0 0 0 0 0 0 0 0 
0 0 0 0 0 0 0 0 0 
0 0 0 0 0 0 0 0 0 
0 0 0 0 0 0 0 0 0 
0 0 0 0 0 0 0 0 0 
0 0 0 0 0 0 0 0 0 
0 0 0 0 0 0 0 0 0 
0 0 0 0 0 0 0 0 0 
0 0 0 0 0 0 0 0 0 
0 0 0 0 0 0 0 0 0 
0 0 0 0 0 0 0 0 0 
0 0 0 0 0 0 0 0 0 
0 0 0 0 0 0 0 0 0 
0 0 0 0 0 0 0 0 0 
0 0 0 0 0 0 0 0 0 
0 0 0 0 0 0 0 0 0 
0 0 0 0 0 0 0 0 0 
0 0 0 0 0 0 0 0 0 
0 0 0 0 0 0 0 0 0 
0 0 0 0 0 0 0 0 0 
0 0 0 0 0 0 0 0 0 
0 0 0 0 0 0 0 0 0 
0 0 0 0 0 0 0 0 0 
0 0 0 0 0 0 0 0 0 
0 0 0 0 0 0 0 0 0 
0 0 0 0 0 0 0 0 0 
0 0 0 0 0 0 0 0 0 
0 0 0 0 0 0 0 0 0 
0 0 0 0 0 0 0 0 0 
0 0 0 0 0 0 0 0 0 
0 0 0 0 0 0 0 0 0 
0 0 0 0 0 0 0 0 0 
0 0 0 0 0 0 0 0 0 
0 0 0 0 0 0 0 0 0 
0 0 0 0 0 0 0 0 0 
0 0 0 0 0 0 0 0 0 
0 0 0 0 0 0 0 0 0 
0 0 0 0 0 0 0 0 0 
0 0 0 0 0 0 0 0 0 
0 0 0 0 0 0 0 0 0 
0 0 0 0 0 0 0 0 0 
0 0 0 0 0 0 0 0 0 
0 0 0 0 0 0 0 0 0 
0 0 0 0 0 0 0 0 0 
0 0 0 0 0 0 0 0 0 
0 0 0 0 0 0 0 0 0 
0 0 0 0 0 0 0 0 0 
0 0 0 0 0 0 0 0 0 
0 0 0 0 0 0 0 0 0 
0 0 0 0 0 0 0 0 0 
0 0 0 0 0 0 0 0 0 
0 0 0 0 0 0 0 0 0 
0 0 0 0 0 0 0 0 0 
0 0 0 0 0 0 0 0 0 
0 0 0 0 0 0 0 0 0 
0 0 0 0 0 0 0 0 0 
0 0 0 0 0 0 0 0 0 
0 0 0 0 0 0 0 0 0 
0 0 0 0 0 0 0 0 0 
0 0 0 0 0 0 0 0 0 
0 0 0 0 0 0 0 0 0 
0 0 0 0 0 0 0 0 0 
0 0 0 0 0 0 0 0 0 
0 0 0 0 0 0 0 0 0 
0 0 0 0 0 0 0 0 0 
0 0 0 0 0 0 0 0 0 
0 0 0 0 0 0 0 0 0 
0 0 0 0 0 0 0 0 0 
0 0 0 0 0 0 0 0 0 
0 0 0 0 0 0 0 0 0 
0 0 0 0 0 0 0 0 0 
0 0 0 0 0 0 0 0 0 
0 0 0 0 0 0 0 0 0 
0 0 0 0 0 0 0 0 0 
0 0 0 0 0 0 0 0 0 
0 0 0 0 0 0 0 0 0 
0 0 0 0 0 0 0 0 0 
0 0 0 0 0 0 0 0 0 
0 0 0 0 0 0 0 0 0 
0 0 0 0 0 0 0 0 0 
0 0 0 0.0694196 0 0 0 0 0 
0 0 0 0.211236 0 0 0 0 0 
0 0 0 0.332425 0 0 0 0 0 
0 0 0 0.435961 0 0 0 0 0 
0 0 0 0.524247 0 0 0 0 0 
0 0 0 0.602163 0 0 0 0 0 
0 0 0 0.667989 0 0 0 0 0 
0 0 0 0.726375 0 0 0 0 0 
0 0 0 0.773946 0 0 0 0 0 
0 0 0 0.811548 0 0 0 0 0 
0 0 0 0.842922 0 0 0 0 0 
0 0 0 0.867861 0 0 0 0 0 
0 0 0 0.887178 0 0 0 0 0 
0 0 0 0.901746 0 0 0 0 0 
0 0 0 0.912812 0 0 0 0 0 
0 0 0 0.920973 0 0 0 0 0 
0 0 0 0.926621 0 0 0 0 0 
0 0 0 0.92993 0 0 0 0 0 
0 0 0 0.931395 0 0 0 0 0 
0 0 0 0.93089 0 0 0 0 0 
0 0 0 0.928733 0 0 0 0 0 
0 0 0 0.925005 0 0 0 0 0 
0 0 0 0.919413 0 0 0 0 0 
0 0 0 0.911613 0 0 0 0 0 
0 0 0 0.900658 0 0 0 0 0 
0 0 0 0.885279 0 0 0 0 0 
0 0 0 0.864011 0 0 0 0 0 
0 0 0 0.835195 0 0 0 0 0 
0 0 0 0.796352 0 0 0 0 0 
0 0 0 0.744265 0 0 0 0 0 
0 0 0 0.674825 0 0 0 0 0 
0 0 0 0.58411 0 0 0 0 0 
0 0 0 0.469367 0 0 0 0 0 
0 0 0 0.328676 0 0 0 0 0 
0 0 0 0.160852 0 0 0 0 0 
0 0 0 0 0 0 0 0 0 
0 0 0 0 0 0 0 0 0 
0 0 0 0 0 0 0 0 0 
0 0 0 0 0 0 0 0 0 
0 0 0 0 0 0 0 0 0 
0 0 0 0 0 0 0 0 0 
0 0 0 0 0 0 0 0 0 
0 0 0 0 0 0 0 0 0 
0 0 0 0 0 0 0 0 0 
0 0 0 0 0 0.0492483 0 0 0 
0 0 0 0 0 0.109666 0 0 0 
0 0 0 0 0 0.168214 0 0 0 
0 0 0 0 0 0.225575 0 0 0 
0 0 0 0 0 0.282469 0 0 0 
0 0 0 0 0 0.335581 0 0 0 
0 0 0 0 0 0.385924 0 0 0 
0 0 0 0 0 0.427496 0 0 0 
0 0 0 0 0 0.462098 0 0 0 
0 0 0 0 0 0.488373 0 0 0 
0 0 0 0 0 0.506885 0 0 0 
0 0 0 0 0 0.517869 0 0 0 
0 0 0 0 0 0.520914 0 0 0 
0 0 0 0 0 0.515272 0 0 0 
0 0 0 0 0 0.499457 0 0 0 
0 0 0 0 0 0.471956 0 0 0 
0 0 0 0 0 0.43721 0 0 0 
0 0 0 0 0 0.396797 0 0 0 
0 0 0 0 0 0.352326 0 0 0 
0 0 0 0 0 0.305206 0 0 0 
0 0 0 0 0 0.257516 0 0 0 
0 0 0 0 0 0.212618 0 0 0 
0 0 0 0 0 0.173753 0 0 0 
0 0 0 0 0 0.142061 0 0 0 
0 0 0 0 0 0.116902 0 0 0 
0 0 0 0 0 0.0984653 0 0 0 
0 0 0 0 0.125769 0.0849025 0 0 0 
0 0 0 0 0.24128 0.0713865 0 0 0 
0 0 0 0 0.377202 0.0676861 0 0 0 
0 0 0 0 0.436189 0.0638156 0 0 0 
0 0 0 0 0.487159 0.0800121 0 0 0 
0 0 0 0 0.497889 0.0993198 0 0 0 
0 0 0 0 0.500075 0.129984 0 0 0 
0 0 0 0 0.484182 0.158808 0 0 0 
0 0 0 0 0.451789 0.193944 0 0 0 
0 0 0 0 0.421141 0.225049 0 0 0 
0 0 0 0 0.385317 0.254489 0 0 0 
0 0 0 0 0.35256 0.281897 0 0 0 
0 0 0 0 0.311796 0.302828 0 0 0 
0 0 0 0 0.273967 0.316357 0 0 0 
0 0 0 0 0.232972 0.323507 0 0 0 
0 0 0 0 0.191902 0.326523 0 0 0 
0 0 0 0 0.156176 0.329036 0 0 0 
0 0 0 0 0.122204 0.330553 0 0 0 
0 0 0 0 0.0888616 0.328778 0 0 0 
0 0 0 0 0.0661749 0.333662 0 0 0 
0 0 0 0 0.0445623 0.339528 0 0 0 
0 0 0 0 0.0284575 0.351683 0 0 0 
0 0 0 0 0.023335 0.370783 0 0 0 
0 0 0 0 0.0285664 0.394263 0 0 0 
0 0 0 0 0.0319467 0.415007 0 0 0 
0 0 0 0 0.0384245 0.434199 0 0 0 
0 0 0 0 0.0483771 0.453945 0 0 0 
0 0 0 0 0.0617411 0.476131 0 0 0 
0 0 0 0 0.0771104 0.501532 0 0 0 
0 0 0 0 0.087475 0.523411 0 0 0 
0 0 0 0 0.0935796 0.542755 0 0 0 
0 0 0 0 0.105002 0.568189 0 0 0 
0 0 0 0 0.114845 0.590866 0 0 0 
0 0 0 0 0.123208 0.6077 0 0 0 
