0 0 0 0 0.481235 0.505199 0 0 0 
0 0 0 0 0.562168 0.488488 0 0 0 
0 0 0 0 0.629669 0.470583 0 0 0 
0 0 0 0 0.690307 0.450889 0 0 0 
0 0 0 0 0.746297 0.42862 0 0 0 
0 0 0 0 0.796747 0.40433 0 0 0 
0 0 0 0 0.840068 0.375886 0 0 0 
0 0 0 0 0.875756 0.34573 0 0 0 
0 0 0 0 0.903556 0.313535 0 0 0 
0 0 0 0 0.923631 0.280529 0 0 0 
0 0 0 0 0.935023 0.245744 0 0 0 
0 0 0 0 0.937756 0.210407 0 0 0 
0 0 0 0 0.931175 0.172551 0 0 0 
0 0 0 0 0.914908 0.133511 0 0 0 
0 0 0 0 0.888154 0.0925728 0 0 0 
0 0 0 0 0.84903 0.0489484 0 0 0 
0 0 0 0 0.797049 0.00357025 0 0 0 
0 0 0 0 0.731068 0 0 0 0 
0 0 0 0 0.650198 0 0 0 0 
0 0 0 0 0.553716 0 0 0 0 
0 0 0 0 0.442047 0 0 0 0 
0 0 0 0 0.316246 0 0 0 0 
0 0 0 0 0.176151 0 0 0 0 
0 0 0 0 0.0202379 0 0 0 0 
0 0 0 0 0 0 0 0 0 
0 0 0 0 0 0 0 0 0 
0 0 0 0 0 0 0 0 0 
0 0 0 0 0 0 0 0 0 
0 0 0 0 0 0 0 0 0 
0 0 0 0 0 0 0 0 0 
0 0 0 0 0 0 0 0 0 
0 0 0 0 0 0 0 0 0 
0 0 0 0 0 0 0 0 0 
0 0 0 0 0 0 0 0 0 
0 0 0 0 0 0 0 0 0 
0 0 0 0 0 0 0 0 0 
0 0 0 0 0 0 0 0 0 
0 0 0 0 0 0 0 0 0 
0 0 0 0 0 0 0 0 0 
0 0 0 0 0 0 0 0 0 
0 0 0 0 0 0 0 0 0 
0 0 0 0 0 0 0 0 0 
0 0 0 0 0 0 0 0 0 
0 0 0 0 0 0 0 0 0 
0 0 0 0 0 0 0 0 0 
0 0 0 0 0 0 0 0 0 
0 0 0 0 0 0 0 0 0 
0 0 0 0 0 0 0 0 0 
0 0 0 0 0 0 0 0 0 
0 0 0 0 0 0 0 0 0 
0 0 0 0 0 0 0 0 0 
0 0 0 0 0 0 0 0 0 
0 0 0 0 0 0 0 0 0 
0 0 0 0 0 0 0 0 0 
0 0 0 0 0 0 0 0 0 
0 0 0 0 0 0 0 0 0 
0 0 0 0 0 0 0 0 0 
0 0 0 0 0 0 0 0 0 
0 0 0 0 0 0 0 0 0 
0 0 0 0 0 0 0 0 0 
0 0 0 0 0 0 0 0 0 
0 0 0 0 0 0 0 0 0 
0 0 0 0 0 0.0125848 0 0 0 
0 0 0 0 0 0.0480629 0 0 0 
0 0 0 0 0 0.0877475 0 0 0 
0 0 0 0 0 0.131059 0 0 0 
0 0 0 0 0 0.177829 0 0 0 
0 0 0 0 0 0.228147 0 0 0 
0 0 0 0 0 0.281831 0 0 0 
0 0 0 0 0 0.336844 0 0 0 
0 0 0 0 0 0.392117 0 0 0 
0 0 0 0 0 0.445872 0 0 0 
0 0 0 0 0 0.497331 0 0 0 
0 0 0 0 0 0.546622 0 0 0 
0 0 0 0 0 0.594637 0 0 0 
0 0 0 0 0 0.640383 0 0 0 
0 0 0 0 0 0.684467 0 0 0 
0 0 0 0 0 0.725906 0 0 0 
0 0 0 0 0 0.763461 0 0 0 
0 0 0 0 0 0.796171 0 0 0 
0 0 0 0 0 0.824377 0 0 0 
0 0 0 0 0 0.848895 0 0 0 
0 0 0 0 0 0.86993 0 0 0 
0 0 0 0 0 0.887993 0 0 0 
0 0 0 0 0 0.903226 0 0 0 
0 0 0 0 0 0.915831 0 0 0 
0 0 0 0 0 0.925913 0 0 0 
0 0 0 0 0 0.933915 0 0 0 
0 0 0 0 0 0.939911 0 0 0 
0 0 0 0 0 0.943163 0 0 0 
0 0 0 0 0 0.942954 0 0 0 
0 0 0 0 0 0.938568 0 0 0 
0 0 0 0 0 0.930215 0 0 0 
0 0 0 0 0 0.918667 0 0 0 
0 0 0 0 0 0.904775 0 0 0 
0 0 0 0 0 0.889131 0 0 0 
0 0 0 0 0 0.872098 0 0 0 
0 0 0 0 0 0.85389 0 0 0 
0 0 0 0 0 0.834764 0 0 0 
0 0 0 0 0 0.814983 0 0 0 
0 0 0 0 0 0.795043 0 0 0 
0 0 0 0 0 0.775427 0 0 0 
0 0 0 0 0 0.756791 0 0 0 
0 0 0 0 0 0.739381 0 0 0 
0 0 0 0 0 0.723195 0 0 0 
0 0 0 0 0 0.707981 0 0 0 
0 0 0 0 0 0.693484 0 0 0 
0 0 0 0 0 0.679928 0 0 0 
0 0 0 0 0 0.667449 0 0 0 
0 0 0 0 0 0.656236 0 0 0 
0 0 0 0 0 0.645943 0 0 0 
0 0 0 0 0 0.636405 0 0 0 
0 0 0 0 0 0.627311 0 0 0 
0 0 0 0 0 0.618735 0 0 0 
0 0 0 0 0 0.610631 0 0 0 
0 0 0 0 0 0.603204 0 0 0 
0 0 0 0 0 0.592667 0 0 0 
0 0 0 0 0 0.578966 0 0 0 
0 0 0 0 0 0.560136 0 0 0 
0 0 0 0 0 0.539116 0 0 0 
0 0 0 0 0 0.518977 0 0 0 
0 0 0 0 0 0.502282 0 0 0 
0 0 0 0 0 0.490804 0 0 0 
0 0 0 0 0 0.486273 0 0 0 
0 0 0 0 0 0.486675 0 0 0 
0 0 0 0 0 0.489315 0 0 0 
0 0 0 0 0 0.493699 0 0 0 
0 0 0 0 0 0.499606 0 0 0 
0 0 0 0 0 0.507356 0 0 0 
0 0 0 0 0 0.514248 0 0 0 
0 0 0 0 0 0.523679 0 0 0 
0 0 0 0 0 0.522845 0 0 0 
0 0 0 0 0 0.532276 0 0 0 
0 0 0 0 0.0252679 0.549247 0 0 0 
