0 0.837944 0 0 0 0.533873 0 0 0 
0 0.83311 0 0 0 0.499085 0 0 0 
0 0.828119 0 0 0 0.455612 0 0 0 
0 0.823033 0 0 0 0.402414 0 0 0 
0 0.81779 0 0 0 0.33872 0 0 0 
0 0.812356 0 0 0 0.264678 0 0 0 
0 0.806767 0 0 0 0.180038 0 0 0 
0 0.800925 0 0 0 0.0870321 0 0 0 
0 0.794907 0 0 0 0 0 0 0 
0 0.78864 0 0 0 0 0 0.0666144 0 
0 0.78217 0 0 0 0 0 0.152871 0 
0 0.775378 0 0 0 0 0 0.232348 0 
0 0.768316 0 0 0 0 0 0.304878 0 
0 0.761046 0 0 0 0 0 0.371865 0 
0 0.753524 0 0 0 0 0 0.434227 0 
0 0.745758 0 0 0 0 0 0.491009 0 
0 0.737887 0 0 0 0 0 0.541998 0 
0 0.729884 0 0 0 0 0 0.587328 0 
0 0.721658 0 0 0 0 0 0.627785 0 
0 0.713254 0 0 0 0 0 0.662191 0 
0 0.705052 0 0 0 0 0 0.690751 0 
0 0.69654 0 0 0 0 0 0.713816 0 
0 0.687891 0 0 0 0 0 0.732147 0 
0 0.679168 0 0 0 0 0 0.747279 0 
0 0.670331 0 0 0 0 0 0.761044 0 
0 0.661421 0 0 0 0 0 0.774517 0 
0 0.652415 0 0 0 0 0 0.788105 0 
0 0.643302 0 0 0 0 0 0.80156 0 
0 0.634107 0 0 0 0 0 0.813805 0 
0 0.624775 0 0 0 0 0 0.824681 0 
0 0.615333 0 0 0 0 0 0.833818 0 
0 0.6058 0 0 0 0 0 0.841809 0 
0 0.596089 0 0 0 0 0 0.848714 0 
0 0.586222 0 0 0 0 0 0.85472 0 
0 0.576222 0 0 0 0 0 0.859674 0 
0 0.565999 0 0 0 0 0 0.863627 0 
0 0.5556 0 0 0 0 0 0.866517 0 
0 0.544961 0 0 0 0 0 0.86781 0 
0 0.534124 0 0 0 0 0 0.868126 0 
0 0.523066 0 0 0 0 0 0.867483 0 
0 0.511522 0 0 0 0 0 0.866043 0 
0 0.499541 0 0 0 0 0 0.864427 0 
0 0.487091 0 0 0 0 0 0.861932 0 
0 0.474036 0 0 0 0 0 0.859528 0 
0 0.460448 0 0 0 0 0 0.856459 0 
0 0.446356 0 0 0 0 0 0.853512 0 
0 0.431682 0 0 0 0 0 0.850021 0 
0 0.416549 0 0 0 0 0 0.846029 0 
0 0.400928 0 0 0 0 0 0.841614 0 
0 0.384951 0 0 0 0 0 0.836776 0 
0 0.368616 0 0 0 0 0 0.831617 0 
0 0.351985 0 0 0 0 0 0.826371 0 
0 0.335179 0 0 0 0 0 0.820422 0.0205219 
0 0.318305 0 0 0 0 0 0.813608 0.063178 
0 0.301166 0 0 0 0 0 0.805873 0.105099 
0 0.283802 0 0 0 0 0 0.796368 0.147142 
0 0.266272 0 0 0 0 0 0.784476 0.188102 
0 0.24835 0 0 0 0 0 0.770266 0.229148 
0 0.230451 0 0 0 0 0 0.753931 0.271199 
0 0.21231 0 0 0 0 0 0.737396 0.313388 
0 0.193659 0 0 0 0 0 0.716796 0.361946 
0 0.174691 0 0 0 0 0 0.695416 0.411332 
0 0.155258 0 0 0 0 0 0.67511 0.468638 
0 0.135405 0 0 0 0 0 0.645741 0.522285 
0 0.115028 0 0 0 0 0 0.608456 0.570576 
0 0.0942153 0 0 0 0 0 0.565566 0.612257 
0 0.0729632 0 0 0 0 0 0.517493 0.650183 
0 0.0512138 0 0 0 0 0 0.464043 0.682778 
0 0.0294683 0 0 0 0 0 0.405093 0.709137 
0 0.00756847 0 0 0 0 0 0.34131 0.730646 
0 0 0 0 0 0 0 0.272435 0.749384 
0 0 0 0 0 0 0 0.200848 0.765021 
0 0 0 0 0 0 0 0.139884 0.774006 
0.0549743 0 0 0 0 0 0 0.0923441 0.780316 
0.129416 0 0 0 0 0 0 0.0357866 0.787213 
0.185829 0 0 0 0 0 0 0 0.792681 
0.240242 0 0 0 0 0 0 0 0.797385 
0.28457 0 0 0 0 0 0 0 0.801981 
0.323593 0 0 0 0 0 0 0 0.806006 
0.357166 0 0 0 0 0 0 0 0.810701 
0.404503 0 0 0 0 0 0 0 0.818416 
0.441221 0 0 0 0 0 0 0 0.826971 
0.47453 0 0 0 0 0 0 0 0.835701 
0.503202 0 0 0 0 0 0 0 0.842769 
0.526005 0 0 0 0 0 0 0 0.848845 
0.546449 0 0 0 0 0 0 0 0.85514 
0.564528 0 0 0 0 0 0 0 0.858705 
0.582099 0 0 0 0 0 0 0 0.86099 
0.603613 0 0 0 0 0 0 0 0.86214 
0.623203 0 0 0 0 0 0 0 0.862132 
0.642333 0 0 0 0 0 0 0 0.863071 
0.654952 0 0 0 0 0 0 0 0.863912 
0.66858 0 0 0 0 0 0 0 0.864986 
0.678474 0 0 0 0 0 0 0 0.86736 
0.686729 0 0 0 0 0 0 0 0.870927 
0.693567 0 0 0 0 0 0 0 0.874069 
0.699193 0 0 0 0 0 0 0 0.876485 
0.70541 0 0 0 0 0 0 0 0.878289 
0.709647 0 0 0 0 0 0 0 0.879165 
0.712686 0 0 0 0 0 0 0 0.880365 
0.714486 0 0 0 0 0 0 0 0.880267 
0.717155 0 0 0 0 0 0 0 0.880283 
0.718161 0 0 0 0 0 0 0 0.879705 
0.718818 0 0 0 0 0 0 0 0.88037 
0.719298 0 0 0 0 0 0 0 0.880891 
0.719679 0 0 0 0 0 0 0 0.881431 
0.719923 0 0 0 0 0 0 0 0.881718 
0.71972 0 0 0 0 0 0 0 0.881215 
0.719878 0 0 0 0 0 0 0 0.880752 
0.720049 0 0 0 0 0 0 0 0.880789 
0.719937 0 0 0 0 0 0 0 0.879997 
0.720251 0 0 0 0 0 0 0 0.879772 
0.720198 0 0 0 0 0 0 0 0.878704 
0.720173 0 0 0 0 0 0 0 0.877745 
0.71957 0 0 0 0 0 0 0 0.87641 
0.720073 0 0 0 0 0 0 0 0.876721 
0.720815 0 0 0 0 0 0 0 0.877459 
0.721985 0 0 0 0 0 0 0 0.87887 
0.723017 0 0 0 0 0 0 0 0.879943 
0.724361 0 0 0 0 0 0 0 0.880971 
0.725543 0 0 0 0 0 0 0 0.881644 
0.726759 0 0 0 0 0 0 0 0.882066 
0.727493 0 0 0 0 0 0 0 0.881678 
0.727309 0 0 0 0 0 0 0 0.880948 
0.727043 0 0 0 0 0 0 0 0.88003 
0.726847 0 0 0 0 0 0 0 0.879431 
0.726847 0 0 0 0 0 0 0 0.879552 
0.727269 0 0 0 0 0 0 0 0.880183 
0.728215 0 0 0 0 0 0 0 0.881091 
0.728457 0 0 0 0 0 0 0 0.881928 
0.728794 0 0 0 0 0 0 0 0.882823 
0.729075 0 0 0 0 0 0 0 0.883499 
0.729259 0 0 0 0 0 0 0 0.883616 
0.729605 0 0 0 0 0 0 0 0.883632 
0.730493 0 0 0 0 0 0 0 0.883693 
0.731822 0 0 0 0 0 0 0 0.883948 
0.733343 0 0 0 0 0 0 0 0.884604 
0.735045 0 0 0 0 0 0 0 0.885118 
0.736086 0 0 0 0 0 0 0 0.885225 
0.737144 0 0 0 0 0 0 0 0.885442 
0.738176 0 0 0 0 0 0 0 0.885545 
0.739318 0 0 0 0 0 0 0 0.885708 
0.740684 0 0 0 0 0 0 0 0.885927 
0.741988 0 0 0 0 0 0 0 0.886101 
0.743086 0 0 0 0 0 0 0 0.886021 
0.743909 0 0 0 0 0 0 0 0.885355 
0.744755 0 0 0 0 0 0 0 0.885114 
0.745766 0 0 0 0 0 0 0 0.88495 
0.746848 0 0 0 0 0 0 0 0.884777 
0.747923 0 0 0 0 0 0 0 0.88453 
0.749014 0 0 0 0 0 0 0 0.884287 
0.750242 0 0 0 0 0 0 0 0.884163 
0.751709 0 0 0 0 0 0 0 0.884483 
0.752702 0 0 0 0 0 0 0 0.88435 
0.753719 0 0 0 0 0 0 0 0.884013 
0.75514 0 0 0 0 0 0 0 0.884673 
0.756416 0 0 0 0 0 0 0 0.88543 
0.757729 0 0 0 0 0 0 0 0.886603 
0.758742 0 0 0 0 0 0 0 0.887046 
0.759001 0 0 0 0 0 0 0 0.886806 
0.75882 0 0 0 0 0 0 0 0.88612 
0.759092 0 0 0 0 0 0 0 0.88615 
0.759427 0 0 0 0 0 0 0 0.886484 
