0 0.172538 0 0 0 0.175998 0 0 0 
0 0.196036 0 0 0 0.172407 0 0 0 
0 0.21704 0 0 0 0.161411 0 0 0 
0 0.235416 0 0 0 0.144813 0 0 0 
0 0.251389 0 0 0 0.131153 0 0 0 
0 0.264833 0 0 0 0.125732 0 0 0 
0 0.276118 0 0 0 0.113654 0 0 0 
0 0.28559 0 0 0 0.106292 0 0 0 
0 0.293159 0 0 0 0.106003 0 0 0 
0 0.299187 0 0 0 0.108576 0 0 0 
0 0.304052 0 0 0 0.11227 0 0 0 
0 0.30757 0 0 0 0.116115 0 0 0 
0 0.30997 0 0 0 0.120007 0 0 0 
0 0.311235 0 0 0 0.124009 0 0 0 
0 0.311493 0 0 0 0.12801 0 0 0 
0 0.31079 0 0 0 0.127948 0 0 0 
0 0.309235 0 0 0 0.124514 0 0 0 
0 0.306949 0 0 0 0.122037 0 0 0 
0 0.304052 0 0 0 0.122531 0 0 0 
0 0.300522 0 0 0 0.121124 0 0 0 
0 0.296473 0 0 0 0.117868 0 0 0 
0 0.291899 0 0 0 0.114712 0 0 0 
0 0.286831 0 0 0 0.111841 0 0 0 
0 0.281308 0 0 0 0.098667 0 0 0 
0 0.275247 0 0 0 0.0995595 0 0 0 
0 0.26896 0 0 0 0.109697 0 0 0 
0 0.262273 0 0 0 0.123298 0 0 0 
0 0.25524 0 0 0 0.133381 0 0 0 
0 0.247757 0 0 0 0.138759 0 0 0 
0 0.240012 0 0 0 0.141061 0 0 0 
0 0.231859 0 0 0 0.130808 0 0 0 
0 0.223393 0 0 0 0.116801 0 0 0 
0 0.214763 0 0 0 0.0988619 0 0 0 
0 0.206135 0 0 0 0.0738745 0 0 0 
0 0.197637 0 0 0 0.0359785 0 0 0 
0 0.189471 0 0 0 0 0 0 0 
0 0.181759 0 0 0 0 0 0 0 
0 0.174483 0 0 0 0 0 0 0 
0 0.167717 0 0 0 0 0 0 0 
0 0.161596 0 0 0 0 0 0 0 
0 0.155861 0 0 0 0 0 0 0 
0 0.150249 0 0 0 0 0 0 0 
0 0.144549 0 0 0 0 0 0 0 
0 0.138498 0 0 0 0 0 0 0 
0 0.132407 0 0 0 0 0 0 0 
0 0.126135 0 0 0 0 0 0 0 
0 0.119283 0 0 0 0 0 0 0 
0 0.111915 0 0 0 0 0 0 0 
0 0.10405 0 0 0 0 0 0 0 
0 0.0957462 0 0 0 0 0 0 0 
0 0.0868297 0 0 0 0 0 0 0 
0 0.0773521 0 0 0 0 0 0.00307442 0 
0 0.0673665 0 0 0 0 0 0.00199022 0 
0 0.0569527 0 0 0 0 0 0 0 
0 0.0459575 0 0 0 0 0 0 0 
0 0.0347229 0 0 0 0 0 0 0 
0 0.023112 0 0 0 0 0 0 0 
0 0.0117515 0 0 0 0 0 0 0 
0 0.000642423 0 0 0 0 0 0 0 
0 0 0 0 0 0 0 0 0 
0 0 0 0 0 0 0 0 0 
0 0 0 0 0 0 0 0 0 
0 0 0 0 0 0 0 0 0 
0 0 0 0 0 0 0 0 0 
0 0 0 0 0 0 0 0 0 
0 0 0 0 0 0 0 0 0 
0 0 0 0 0 0 0 0 0 
0 0 0 0 0 0 0 0 0 
0 0 0 0 0 0 0 0 0 
0 0 0 0 0 0 0 0 0 
0 0 0 0 0 0 0 0 0 
0 0 0 0 0 0 0 0 0 
0 0 0 0 0 0 0 0 0 
0 0 0 0 0 0 0 0 0 
0 0 0 0 0 0 0 0 0 
0 0 0 0 0 0 0 0 0 
0 0 0 0 0 0 0 0 0 
0 0 0 0 0 0 0 0 0 
0 0 0 0 0 0 0 0 0 
0 0 0 0 0 0 0 0 0 
0 0 0 0 0 0 0 0 0 
0 0 0 0 0 0 0 0 0 
0 0 0 0 0 0 0 0 0 
0 0 0 0 0 0 0 0 0 
0 0 0 0 0 0 0 0 0 
0 0 0 0 0 0 0 0 0 
0 0 0 0 0 0 0 0 0 
0 0 0 0 0 0 0 0 0 
0 0 0 0 0 0 0 0 0 
0 0 0 0 0 0 0 0 0 
0 0 0 0 0 0 0 0 0 
0 0 0 0 0 0 0 0 0 
0 0 0 0 0 0 0 0 0 
0 0 0 0 0 0 0 0 0 
0 0 0 0 0 0 0 0 0 
0 0 0 0 0 0 0 0 0 
0 0 0 0 0 0 0 0 0 
0 0 0 0 0 0 0 0 0 
0 0 0 0 0 0 0 0 0.0388537 
0 0 0 0 0 0 0 0 0.0152381 
0 0 0 0 0 0 0 0 0.0277425 
0 0 0 0 0 0 0 0 0.0776024 
0 0 0 0 0 0 0 0 0.111027 
0 0 0 0 0 0 0 0 0.131632 
0 0 0 0 0 0 0 0 0.143645 
0 0 0 0 0 0 0 0 0.142253 
0 0 0 0 0 0 0 0 0.129655 
0 0 0 0 0 0 0 0 0.128353 
0 0 0 0 0 0 0 0 0.112076 
0 0 0 0 0 0 0 0 0.0945566 
0 0 0 0 0 0 0 0 0.074814 
0 0 0 0 0 0 0 0 0.0600578 
0 0 0 0 0 0 0 0 0.0522395 
0 0 0 0 0 0 0 0 0.0462457 
0 0 0 0 0 0 0 0 0.0425782 
0 0 0 0 0 0 0 0 0.0431816 
0 0 0 0 0 0 0 0 0.0489612 
0 0 0 0 0 0 0 0 0.0628185 
0 0 0 0 0 0 0 0 0.0850496 
0 0 0 0 0 0 0 0 0.114059 
0 0 0 0 0 0 0 0 0.145873 
0 0 0 0 0 0 0 0 0.178152 
0 0 0 0 0 0 0 0 0.212488 
0 0 0 0 0 0 0 0 0.248448 
0 0 0 0 0 0 0 0 0.284338 
0 0 0 0 0 0 0 0 0.320098 
0 0 0 0 0 0 0 0 0.355799 
0 0 0 0 0 0 0 0 0.385953 
0 0 0 0 0 0 0 0 0.412372 
0 0 0 0 0 0 0 0 0.432657 
0 0 0 0 0 0 0 0 0.449963 
0 0 0 0 0 0 0 0 0.460791 
0 0 0 0 0 0 0 0 0.472229 
0 0 0 0 0 0 0 0 0.476716 
0 0 0 0 0 0 0 0 0.479967 
0 0 0 0 0 0 0 0 0.478816 
0 0 0 0 0 0 0 0 0.47404 
0 0 0 0 0 0 0 0 0.466577 
0 0 0 0 0 0 0 0 0.457903 
0 0 0 0 0 0 0 0 0.455499 
0 0 0 0 0 0 0 0 0.455202 
0 0 0 0 0 0 0 0 0.458404 
0 0 0 0 0 0 0 0 0.464523 
0 0 0 0 0 0 0 0 0.467375 
0 0 0 0 0 0 0 0 0.470362 
0 0 0 0 0 0 0 0 0.479707 
0 0 0 0 0 0 0 0 0.486793 
0.0254827 0 0 0 0 0 0 0 0.495645 
0.103905 0 0 0 0 0 0 0 0.513106 
0.170733 0 0 0 0 0 0 0 0.530444 
0.232542 0 0 0 0 0 0 0 0.553753 
0.292287 0 0 0 0 0 0 0 0.582868 
0.354709 0 0 0 0 0 0 0 0.619341 
0.424191 0 0 0 0 0 0 0 0.668828 
0.471333 0 0 0 0 0 0 0 0.705647 
0.517091 0 0 0 0 0 0 0 0.747436 
0.546268 0 0 0 0 0 0 0 0.774817 
0.564961 0 0 0 0 0 0 0 0.793747 
0.575973 0 0 0 0 0 0 0 0.807028 
0.589113 0 0 0 0 0 0 0 0.826364 
