0 0.729721 0 0 0 0.474442 0 0 0 
0 0.729762 0 0 0 0.475565 0 0 0 
0 0.729481 0 0 0 0.476839 0 0 0 
0 0.729125 0 0 0 0.477067 0 0 0 
0 0.72827 0 0 0 0.477485 0 0 0 
0 0.726959 0 0 0 0.484694 0 0 0 
0 0.725766 0 0 0 0.484845 0 0 0 
0 0.724846 0 0 0 0.484986 0 0 0 
0 0.723839 0 0 0 0.482218 0 0 0 
0 0.722618 0 0 0 0.478668 0 0 0 
0 0.72116 0 0 0 0.47526 0 0 0 
0 0.719804 0 0 0 0.472002 0 0 0 
0 0.718278 0 0 0 0.469414 0 0 0 
0 0.716813 0 0 0 0.466046 0 0 0 
0 0.714825 0 0 0 0.460745 0 0 0 
0 0.711542 0 0 0 0.453637 0 0 0 
0 0.708458 0 0 0 0.448429 0 0 0 
0 0.705492 0 0 0 0.445017 0 0 0 
0 0.701629 0 0 0 0.456063 0 0 0 
0 0.698959 0 0 0 0.46001 0 0 0 
0 0.694814 0 0 0 0.454819 0 0 0 
0 0.690065 0 0 0 0.450431 0 0 0 
0 0.685236 0 0 0 0.444652 0 0 0 
0 0.679844 0 0 0 0.438452 0 0 0 
0 0.674326 0 0 0 0.428896 0 0 0 
0 0.668564 0 0 0 0.416002 0 0 0 
0 0.662882 0 0 0 0.39908 0 0 0 
0 0.656946 0 0 0 0.37405 0 0 0 
0 0.650677 0 0 0 0.34152 0 0 0 
0 0.644482 0 0 0 0.302175 0 0 0 
0 0.638346 0 0 0 0.255765 0 0 0 
0 0.632275 0 0 0 0.199159 0 0.0164849 0 
0 0.626221 0 0 0 0.12976 0 0.0848671 0 
0 0.620189 0 0 0 0.0462235 0 0.150221 0 
0 0.6143 0 0 0 0 0 0.21236 0 
0 0.608448 0 0 0 0 0 0.271241 0 
0 0.602579 0 0 0 0 0 0.326823 0 
0 0.59673 0 0 0 0 0 0.379426 0 
0 0.590975 0 0 0 0 0 0.429115 0 
0 0.585211 0 0 0 0 0 0.475993 0 
0 0.579494 0 0 0 0 0 0.520176 0 
0 0.57386 0 0 0 0 0 0.562039 0 
0 0.567946 0 0 0 0 0 0.600987 0 
0 0.561967 0 0 0 0 0 0.637911 0 
0 0.555864 0 0 0 0 0 0.672211 0 
0 0.549618 0 0 0 0 0 0.703029 0 
0 0.543401 0 0 0 0 0 0.729679 0 
0 0.536897 0 0 0 0 0 0.751651 0 
0 0.530272 0 0 0 0 0 0.770497 0 
0 0.523374 0 0 0 0 0 0.787084 0 
0 0.516322 0 0 0 0 0 0.802698 0 
0 0.509144 0 0 0 0 0 0.81802 0 
0 0.501736 0 0 0 0 0 0.832026 0 
0 0.494198 0 0 0 0 0 0.845075 0 
0 0.486632 0 0 0 0 0 0.857499 0 
0 0.478907 0 0 0 0 0 0.869452 0 
0 0.471247 0 0 0 0 0 0.881344 0 
0 0.463668 0 0 0 0 0 0.892935 0 
0 0.456201 0 0 0 0 0 0.903677 0 
0 0.448706 0 0 0 0 0 0.913383 0 
0 0.441112 0 0 0 0 0 0.921501 0 
0 0.433706 0 0 0 0 0 0.928923 0 
0 0.426275 0 0 0 0 0 0.935865 0 
0 0.418712 0 0 0 0 0 0.942406 0 
0 0.411246 0 0 0 0 0 0.948488 0 
0 0.403669 0 0 0 0 0 0.953491 0 
0 0.395691 0 0 0 0 0 0.957002 0 
0 0.387599 0 0 0 0 0 0.959767 0 
0 0.379058 0 0 0 0 0 0.960927 0 
0 0.369937 0 0 0 0 0 0.960699 0 
0 0.360361 0 0 0 0 0 0.958988 0 
0 0.350116 0 0 0 0 0 0.955911 0.02817 
0 0.339059 0 0 0 0 0 0.952248 0.0624197 
0 0.32715 0 0 0 0 0 0.947138 0.10007 
0 0.314426 0 0 0 0 0 0.941223 0.140243 
0 0.300729 0 0 0 0 0 0.934955 0.182227 
0 0.286234 0 0 0 0 0 0.92891 0.225262 
0 0.270988 0 0 0 0 0 0.922808 0.267618 
0 0.255004 0 0 0 0 0 0.916213 0.308615 
0 0.238333 0 0 0 0 0 0.908499 0.347058 
0 0.221122 0 0 0 0 0 0.899662 0.380785 
0 0.203359 0 0 0 0 0 0.889581 0.409757 
0 0.18498 0 0 0 0 0 0.877892 0.434716 
0 0.166318 0 0 0 0 0 0.864708 0.456732 
0 0.147268 0 0 0 0 0 0.849832 0.477385 
0 0.127898 0 0 0 0 0 0.83302 0.498192 
0 0.107624 0 0 0 0 0 0.811044 0.522408 
0 0.0883364 0 0 0 0 0 0.792257 0.541774 
0 0.0690057 0 0 0 0 0 0.766231 0.569239 
0 0.0485673 0 0 0 0 0 0.727831 0.599771 
0 0.0280708 0 0 0 0 0 0.681335 0.642576 
0 0.00819047 0 0 0 0 0 0.628648 0.682228 
0 0 0 0 0 0 0 0.562723 0.721835 
0 0 0 0 0 0 0 0.485188 0.758409 
0 0 0 0 0 0 0 0.400491 0.788433 
0 0 0 0 0 0 0 0.307403 0.814431 
0.0191858 0 0 0 0 0 0 0.215243 0.829928 
0.118697 0 0 0 0 0 0 0.126443 0.84362 
0.213188 0 0 0 0 0 0 0.0434617 0.85317 
0.299074 0 0 0 0 0 0 0 0.861259 
0.394026 0 0 0 0 0 0 0 0.871692 
0.454053 0 0 0 0 0 0 0 0.874453 
0.514121 0 0 0 0 0 0 0 0.87987 
0.588096 0 0 0 0 0 0 0 0.890089 
0.641411 0 0 0 0 0 0 0 0.899999 
0.695329 0 0 0 0 0 0 0 0.910365 
0.74003 0 0 0 0 0 0 0 0.919179 
0.775112 0 0 0 0 0 0 0 0.928387 
0.801828 0 0 0 0 0 0 0 0.935235 
0.820812 0 0 0 0 0 0 0 0.940913 
0.843925 0 0 0 0 0 0 0 0.949129 
0.856015 0 0 0 0 0 0 0 0.952786 
0.859734 0 0 0 0 0 0 0 0.95403 
0.861601 0 0 0 0 0 0 0 0.954106 
0.863204 0 0 0 0 0 0 0 0.952547 
0.863941 0 0 0 0 0 0 0 0.95227 
0.8629 0 0 0 0 0 0 0 0.953444 
0.862721 0 0 0 0 0 0 0 0.955549 
0.862561 0 0 0 0 0 0 0 0.957874 
0.862244 0 0 0 0 0 0 0 0.959844 
0.864771 0 0 0 0 0 0 0 0.961682 
0.866841 0 0 0 0 0 0 0 0.963208 
0.869301 0 0 0 0 0 0 0 0.963396 
0.871577 0 0 0 0 0 0 0 0.963002 
0.873217 0 0 0 0 0 0 0 0.962132 
0.876584 0 0 0 0 0 0 0 0.96257 
0.881226 0 0 0 0 0 0 0 0.96486 
0.884464 0 0 0 0 0 0 0 0.964787 
0.886746 0 0 0 0 0 0 0 0.965211 
0.887775 0 0 0 0 0 0 0 0.965546 
0.888336 0 0 0 0 0 0 0 0.966483 
0.888852 0 0 0 0 0 0 0 0.967032 
0.888747 0 0 0 0 0 0 0 0.967401 
0.888216 0 0 0 0 0 0 0 0.967695 
0.888947 0 0 0 0 0 0 0 0.967638 
0.88819 0 0 0 0 0 0 0 0.967627 
0.886985 0 0 0 0 0 0 0 0.967208 
0.886183 0 0 0 0 0 0 0 0.966899 
0.885497 0 0 0 0 0 0 0 0.966663 
0.885164 0 0 0 0 0 0 0 0.966248 
0.885142 0 0 0 0 0 0 0 0.96619 
0.885863 0 0 0 0 0 0 0 0.966116 
0.886228 0 0 0 0 0 0 0 0.965908 
0.886325 0 0 0 0 0 0 0 0.965722 
0.886609 0 0 0 0 0 0 0 0.965554 
0.886695 0 0 0 0 0 0 0 0.965394 
0.886748 0 0 0 0 0 0 0 0.965238 
0.886624 0 0 0 0 0 0 0 0.965226 
0.886292 0 0 0 0 0 0 0 0.965267 
0.885906 0 0 0 0 0 0 0 0.965284 
0.885629 0 0 0 0 0 0 0 0.965273 
0.885475 0 0 0 0 0 0 0 0.965292 
0.885692 0 0 0 0 0 0 0 0.965371 
0.886186 0 0 0 0 0 0 0 0.965626 
0.886936 0 0 0 0 0 0 0 0.965855 
0.887142 0 0 0 0 0 0 0 0.966114 
0.887087 0 0 0 0 0 0 0 0.966347 
0.886888 0 0 0 0 0 0 0 0.96657 
0.886727 0 0 0 0 0 0 0 0.966778 
0.886401 0 0 0 0 0 0 0 0.967092 
0.886276 0 0 0 0 0 0 0 0.967316 
0.886071 0 0 0 0 0 0 0 0.967532 
0.886018 0 0 0 0 0 0 0 0.967716 
0.886156 0 0 0 0 0 0 0 0.96775 
0.886434 0 0 0 0 0 0 0 0.967721 
0.886864 0 0 0 0 0 0 0 0.967586 
0.886862 0 0 0 0 0 0 0 0.967399 
0.886998 0 0 0 0 0 0 0 0.967065 
0.887864 0 0 0 0 0 0 0 0.966803 
0.88809 0 0 0 0 0 0 0 0.966617 
0.887695 0 0 0 0 0 0 0 0.966587 
0.887468 0 0 0 0 0 0 0 0.966562 
0.887149 0 0 0 0 0 0 0 0.966653 
0.886889 0 0 0 0 0 0 0 0.966781 
0.886713 0 0 0 0 0 0 0 0.96693 
0.886816 0 0 0 0 0 0 0 0.967089 
0.886837 0 0 0 0 0 0 0 0.967169 
0.886652 0 0 0 0 0 0 0 0.967179 
0.886613 0 0 0 0 0 0 0 0.967198 
0.886273 0 0 0 0 0 0 0 0.967328 
0.885779 0 0 0 0 0 0 0 0.967421 
0.885267 0 0 0 0 0 0 0 0.967567 
0.88477 0 0 0 0 0 0 0 0.967693 
0.885092 0 0 0 0 0 0 0 0.967346 
0.885162 0 0 0 0 0 0 0 0.96747 
0.885327 0 0 0 0 0 0 0 0.967588 
0.885332 0 0 0 0 0 0 0 0.967782 
0.886464 0 0 0 0 0 0 0 0.967773 
0.888386 0 0 0 0 0 0 0 0.967682 
0.889597 0 0 0 0 0 0 0 0.96751 
0.889644 0 0 0 0 0 0 0 0.967188 
0.891528 0 0 0 0 0 0 0 0.966908 
0.892617 0 0 0 0 0 0 0 0.966756 
0.892969 0 0 0 0 0 0 0 0.966697 
0.892603 0 0 0 0 0 0 0 0.966725 
0.893122 0 0 0 0 0 0 0 0.966611 
0.893423 0 0 0 0 0 0 0 0.96657 
0.893424 0 0 0 0 0 0 0 0.966558 
0.893372 0 0 0 0 0 0 0 0.966545 
0.893214 0 0 0 0 0 0 0 0.966534 
0.892824 0 0 0 0 0 0 0 0.966547 
0.892301 0 0 0 0 0 0 0 0.966537 
0.892042 0 0 0 0 0 0 0 0.966516 
0.892207 0 0 0 0 0 0 0 0.966422 
0.891836 0 0 0 0 0 0 0 0.966413 
0.891107 0 0 0 0 0 0 0 0.966502 
0.890993 0 0 0 0 0 0 0 0.966621 
0.891396 0 0 0 0 0 0 0 0.966726 
0.891701 0 0 0 0 0 0 0 0.966844 
0.892139 0 0 0 0 0 0 0 0.966991 
0.892527 0 0 0 0 0 0 0 0.967122 
0.89294 0 0 0 0 0 0 0 0.967184 
0.893258 0 0 0 0 0 0 0 0.967213 
0.893611 0 0 0 0 0 0 0 0.967177 
0.893986 0 0 0 0 0 0 0 0.967064 
0.894186 0 0 0 0 0 0 0 0.967021 
0.894205 0 0 0 0 0 0 0 0.967027 
0.894143 0 0 0 0 0 0 0 0.967062 
0.894081 0 0 0 0 0 0 0 0.966988 
0.894084 0 0 0 0 0 0 0 0.967081 
0.894348 0 0 0 0 0 0 0 0.967162 
0.894568 0 0 0 0 0 0 0 0.967255 
0.89466 0 0 0 0 0 0 0 0.967344 
0.894552 0 0 0 0 0 0 0 0.967464 
0.89477 0 0 0 0 0 0 0 0.967449 
0.894541 0 0 0 0 0 0 0 0.967497 
0.894172 0 0 0 0 0 0 0 0.967509 
0.893739 0 0 0 0 0 0 0 0.967535 
0.893444 0 0 0 0 0 0 0 0.967567 
0.893137 0 0 0 0 0 0 0 0.96762 
0.89281 0 0 0 0 0 0 0 0.967657 
0.892341 0 0 0 0 0 0 0 0.967742 
0.892043 0 0 0 0 0 0 0 0.967814 
0.891586 0 0 0 0 0 0 0 0.967935 
0.891361 0 0 0 0 0 0 0 0.968007 
0.891305 0 0 0 0 0 0 0 0.968082 
0.891136 0 0 0 0 0 0 0 0.968139 
0.891029 0 0 0 0 0 0 0 0.96823 
0.890773 0 0 0 0 0 0 0 0.96827 
0.890673 0 0 0 0 0 0 0 0.96828 
0.890557 0 0 0 0 0 0 0 0.968239 
0.89033 0 0 0 0 0 0 0 0.968193 
0.89004 0 0 0 0 0 0 0 0.968212 
0.889922 0 0 0 0 0 0 0 0.968134 
0.889622 0 0 0 0 0 0 0 0.967921 
0.889363 0 0 0 0 0 0 0 0.967683 
0.889134 0 0 0 0 0 0 0 0.967422 
0.888799 0 0 0 0 0 0 0 0.967092 
0.888433 0 0 0 0 0 0 0 0.966766 
0.888244 0 0 0 0 0 0 0 0.966476 
0.887961 0 0 0 0 0 0 0 0.966265 
0.887703 0 0 0 0 0 0 0 0.966074 
0.887514 0 0 0 0 0 0 0 0.965963 
0.887555 0 0 0 0 0 0 0 0.965905 
0.887656 0 0 0 0 0 0 0 0.9659 
0.887951 0 0 0 0 0 0 0 0.965944 
0.888145 0 0 0 0 0 0 0 0.965982 
0.888449 0 0 0 0 0 0 0 0.966016 
0.888613 0 0 0 0 0 0 0 0.966012 
0.888854 0 0 0 0 0 0 0 0.96602 
0.889085 0 0 0 0 0 0 0 0.966053 
0.889209 0 0 0 0 0 0 0 0.966098 
0.889329 0 0 0 0 0 0 0 0.966225 
0.889323 0 0 0 0 0 0 0 0.966288 
0.889403 0 0 0 0 0 0 0 0.966464 
0.889683 0 0 0 0 0 0 0 0.966683 
0.890029 0 0 0 0 0 0 0 0.966853 
0.890159 0 0 0 0 0 0 0 0.966965 
0.890556 0 0 0 0 0 0 0 0.967065 
0.890795 0 0 0 0 0 0 0 0.967209 
0.890874 0 0 0 0 0 0 0 0.967304 
0.890994 0 0 0 0 0 0 0 0.967391 
