0 0 0 0 0 0.486392 0 0 0 
0 0 0 0 0 0.456875 0 0 0 
0 0 0 0 0 0.422881 0 0 0 
0 0 0 0 0 0.3865 0 0 0 
0 0 0 0 0 0.345416 0 0 0 
0 0 0 0 0 0.300643 0 0 0 
0 0 0 0 0 0.252775 0 0 0 
0 0 0 0 0 0.203154 0 0 0 
0 0 0 0 0 0.150293 0 0 0 
0 0 0 0 0 0.095978 0 0 0 
0 0 0 0 0 0.0421695 0 0 0 
0 0 0 0 0 0 0 0 0 
0 0 0 0 0 0 0 0 0 
0 0 0 0 0 0 0 0 0 
0 0 0 0 0 0 0 0 0 
0 0 0 0 0 0 0 0 0 
0 0 0 0 0 0 0 0 0 
0 0 0 0 0 0 0 0 0 
0 0 0 0 0 0 0 0 0 
0 0 0.0857272 0 0 0 0 0 0 
0 0 0.169291 0 0 0 0 0 0 
0 0 0.230345 0 0 0 0 0 0 
0 0 0.269905 0 0 0 0 0 0 
0 0 0.291852 0 0 0 0 0 0 
0 0 0.294434 0 0 0 0 0 0 
0 0 0.280341 0 0 0 0 0 0 
0 0 0.248755 0 0 0 0 0 0 
0 0 0.202757 0 0 0 0 0 0 
0 0 0.14393 0 0 0 0 0 0 
0 0 0.0793617 0 0 0 0 0 0 
0 0 0.0146074 0 0 0 0 0 0 
0 0 0 0 0 0 0 0 0 
0 0 0 0 0 0 0 0 0 
0 0 0 0 0 0 0 0 0 
0 0 0 0 0 0 0 0 0 
0 0 0 0 0 0 0 0 0 
0 0 0 0 0 0 0 0 0 
0 0 0 0 0 0 0 0 0 
0 0 0 0 0 0 0 0 0 
0 0 0 0 0 0 0 0 0 
0 0 0 0 0 0 0 0 0 
0 0 0 0 0 0 0 0 0 
0 0 0 0 0 0 0 0 0 
0 0 0 0 0 0 0 0 0 
0 0 0 0 0 0 0 0 0 
0 0 0 0 0 0 0 0 0 
0 0 0 0 0 0 0 0 0 
0 0 0 0 0 0 0 0 0 
0 0 0 0 0 0 0 0 0 
0 0 0 0 0 0 0 0 0 
0 0 0 0 0 0 0 0 0 
0 0 0 0 0 0 0 0 0 
0 0 0 0 0 0 0 0 0 
0 0 0 0 0 0 0 0 0 
0 0 0 0 0 0 0 0 0 
0 0 0 0 0 0 0 0 0 
0 0 0 0 0 0 0 0 0 
0 0 0 0 0 0 0 0 0 
0 0 0 0 0 0 0 0 0 
0 0 0 0 0 0 0 0 0 
0 0 0 0 0 0 0 0 0 
0 0 0 0 0 0 0 0 0 
0 0 0 0 0 0 0 0 0 
0 0 0 0 0 0 0 0 0 
0 0 0 0 0 0 0 0 0 
0 0 0 0 0 0 0 0 0 
0 0 0 0 0 0 0 0 0 
0 0 0 0 0 0 0 0 0 
0 0 0 0 0 0 0 0 0 
0 0 0 0 0 0 0 0 0 
0 0 0 0 0 0 0 0 0 
0 0 0 0 0 0 0 0 0 
0 0 0 0 0 0 0 0 0 
0 0 0 0 0 0 0 0 0 
0 0 0 0 0 0 0 0 0 
0 0 0 0 0 0 0 0 0 
0 0 0 0 0 0 0 0 0 
0 0 0 0 0 0 0 0 0 
0 0 0 0 0 0 0 0 0 
0 0 0 0 0 0 0 0 0 
0 0 0 0 0 0 0 0 0 
0 0 0 0 0 0 0 0 0 
0 0 0 0 0 0 0 0 0 
0 0 0 0 0 0 0 0 0 
0 0 0 0 0 0 0 0 0 
0 0 0 0 0 0 0 0 0 
0 0 0 0 0 0 0 0 0 
0 0 0 0 0 0 0 0 0 
0 0 0 0 0 0 0 0 0 
0 0 0 0 0 0 0 0 0 
0 0 0 0 0 0 0 0 0 
0 0 0 0 0 0 0 0 0 
0 0 0 0 0 0 0 0 0 
0 0 0 0 0 0 0 0 0 
0 0 0 0 0 0 0 0 0 
0 0 0 0.00697564 0 0 0 0 0 
0 0 0 0.142452 0 0 0 0 0 
0 0 0 0.258921 0 0 0 0 0 
0 0 0 0.353107 0 0 0 0 0 
0 0 0 0.425424 0 0 0 0 0 
0 0 0 0.480077 0 0 0 0 0 
0 0 0 0.52367 0 0 0 0 0 
0 0 0 0.559534 0 0 0 0 0 
0 0 0 0.586042 0 0 0 0 0 
0 0 0 0.609607 0 0 0 0 0 
0 0 0 0.630153 0 0 0 0 0 
0 0 0 0.645765 0 0 0 0 0 
0 0 0 0.660476 0 0 0 0 0 
0 0 0 0.667713 0 0 0 0 0 
0 0 0 0.674849 0 0 0 0 0 
0 0 0 0.679683 0 0 0 0 0 
0 0 0 0.681872 0 0 0 0 0 
0 0 0 0.682028 0 0 0 0 0 
0 0 0 0.680632 0 0 0 0 0 
0 0 0 0.676549 0 0 0 0 0 
0 0 0 0.670308 0 0 0 0 0 
0 0 0 0.659647 0 0 0 0 0 
0 0 0 0.646657 0 0 0 0 0 
0 0 0 0.629942 0 0 0 0 0 
0 0 0 0.610321 0 0 0 0 0 
0 0 0 0.583572 0 0 0 0 0 
0 0 0 0.546733 0 0 0 0 0 
0 0 0 0.493143 0 0 0 0 0 
0 0 0 0.428321 0 0 0 0 0 
0 0 0 0.346506 0 0 0 0 0 
0 0 0 0.246166 0 0 0 0 0 
0 0 0 0.1215 0 0 0 0 0 
0 0 0 0 0 0 0 0 0 
0 0 0 0 0 0 0 0 0 
0 0 0 0 0 0 0 0 0 
0 0 0 0 0 0 0 0 0 
0 0 0 0 0 0 0 0 0 
0 0 0 0 0 0 0 0 0 
0 0 0 0 0 0 0 0 0 
0 0 0 0 0 0 0 0 0 
0 0 0 0 0 0 0 0 0 
0 0 0 0 0 0 0 0 0 
0 0 0 0 0 0 0 0 0 
0 0 0 0 0 0 0 0 0 
0 0 0 0 0 0 0 0 0 
0 0 0 0 0 0 0 0 0 
0 0 0 0 0 0.0588169 0 0 0 
0 0 0 0 0 0.125308 0 0 0 
0 0 0 0 0 0.18726 0 0 0 
0 0 0 0 0 0.244863 0 0 0 
0 0 0 0 0 0.297257 0 0 0 
0 0 0 0 0 0.341529 0 0 0 
0 0 0 0 0 0.37764 0 0 0 
0 0 0 0 0 0.402434 0 0 0 
0 0 0 0 0 0.418559 0 0 0 
0 0 0 0 0 0.425163 0 0 0 
0 0 0 0 0 0.423624 0 0 0 
0 0 0 0 0 0.413953 0 0 0 
0 0 0 0 0 0.39847 0 0 0 
0 0 0 0 0 0.376183 0 0 0 
0 0 0 0 0 0.348235 0 0 0 
0 0 0 0 0 0.31545 0 0 0 
0 0 0 0 0 0.279592 0 0 0 
0 0 0 0 0 0.242026 0 0 0 
0 0 0 0 0 0.205511 0 0 0 
0 0 0 0 0 0.172687 0 0 0 
0 0 0 0 0 0.144686 0 0 0 
0 0 0 0 0 0.123331 0 0 0 
0 0 0 0 0 0.109873 0 0 0 
0 0 0 0 0 0.101979 0 0 0 
0 0 0 0 0 0.0961825 0 0 0 
0 0 0 0 0.00632147 0.101041 0 0 0 
0 0 0 0 0.0968635 0.107992 0 0 0 
0 0 0 0 0.181325 0.127329 0 0 0 
0 0 0 0 0.237019 0.149538 0 0 0 
0 0 0 0 0.259566 0.174664 0 0 0 
0 0 0 0 0.275348 0.208617 0 0 0 
0 0 0 0 0.276038 0.23032 0 0 0 
0 0 0 0 0.263847 0.253488 0 0 0 
0 0 0 0 0.248593 0.277295 0 0 0 
0 0 0 0 0.227913 0.295165 0 0 0 
0 0 0 0 0.203144 0.309169 0 0 0 
0 0 0 0 0.17832 0.322017 0 0 0 
0 0 0 0 0.153794 0.334426 0 0 0 
0 0 0 0 0.135695 0.34513 0 0 0 
0 0 0 0 0.11621 0.351596 0 0 0 
0 0 0 0 0.099049 0.357366 0 0 0 
0 0 0 0 0.0794819 0.36047 0 0 0 
0 0 0 0 0.0722628 0.368961 0 0 0 
0 0 0 0 0.0647071 0.380905 0 0 0 
0 0 0 0 0.0528927 0.387 0 0 0 
0 0 0 0 0.0442808 0.395925 0 0 0 
0 0 0 0 0.0385903 0.409327 0 0 0 
0 0 0 0 0.0321459 0.42426 0 0 0 
0 0 0 0 0.0254193 0.437263 0 0 0 
0 0 0 0 0.0252653 0.453476 0 0 0 
0 0 0 0 0.0274547 0.468546 0 0 0 
0 0 0 0 0.0325285 0.483926 0 0 0 
0 0 0 0 0.0434354 0.503022 0 0 0 
0 0 0 0 0.0569383 0.527406 0 0 0 
0 0 0 0 0.0771398 0.562771 0 0 0 
0 0 0 0 0.0919956 0.590946 0 0 0 
0 0 0 0 0.105838 0.616385 0 0 0 
0 0 0 0 0.119811 0.638768 0 0 0 
0 0 0 0 0.134388 0.658602 0 0 0 
0 0 0 0 0.146616 0.677759 0 0 0 
0 0 0 0 0.16176 0.696304 0 0 0 
0 0 0 0 0.16158 0.694533 0 0 0 
0 0 0 0 0.164226 0.696259 0 0 0 
0 0 0 0 0.168244 0.697649 0 0 0 
0 0 0 0 0.175293 0.701371 0 0 0 
0 0 0 0 0.183897 0.717214 0 0 0 
0 0 0 0 0.19126 0.731479 0 0 0 
0 0 0 0 0.202473 0.751295 0 0 0 
0 0 0 0 0.208777 0.763118 0 0 0 
0 0 0 0 0.215271 0.774454 0 0 0 
0 0 0 0 0.225419 0.79477 0 0 0 
0 0 0 0 0.221993 0.801679 0 0 0 
0 0 0 0 0.225767 0.801373 0 0 0 
0 0 0 0 0.230552 0.797083 0 0 0 
0 0 0 0 0.23208 0.795827 0 0 0 
0 0 0 0 0.232996 0.79659 0 0 0 
0 0 0 0 0.233931 0.795957 0 0 0 
0 0 0 0 0.234919 0.794982 0 0 0 
0 0 0 0 0.235679 0.794051 0 0 0 
0 0 0 0 0.23613 0.792725 0 0 0 
0 0 0 0 0.236297 0.791767 0 0 0 
0 0 0 0 0.236154 0.791273 0 0 0 
