0 0 0 0 0 0 0 0.700028 0 
0 0 0 0 0 0 0 0.719985 0 
0 0 0 0 0 0 0 0.741479 0 
0 0 0 0 0 0 0 0.765626 0 
0 0 0 0 0 0 0 0.791541 0 
0 0 0 0 0 0 0 0.816516 0 
0 0 0 0 0 0 0 0.839475 0 
0 0 0 0 0 0 0 0.859105 0 
0 0 0 0 0 0 0 0.874279 0 
0 0 0 0 0 0 0 0.886563 0 
0 0 0 0 0 0 0 0.896225 0 
0 0 0 0 0 0 0 0.904351 0 
0 0 0 0 0 0 0 0.91176 0 
0 0 0 0 0 0 0 0.919279 0 
0 0 0 0 0 0 0 0.926426 0 
0 0 0 0 0 0 0 0.932335 0 
0 0 0 0 0 0 0 0.936508 0 
0 0 0 0 0 0 0 0.939521 0 
0 0 0 0 0 0 0 0.942034 0 
0 0 0 0 0 0 0 0.944116 0 
0 0 0 0 0 0 0 0.944959 0 
0 0 0 0 0 0 0 0.943641 0 
0 0 0 0 0 0 0 0.939422 0.0175115 
0 0 0 0 0 0 0 0.932259 0.0566952 
0 0 0 0 0 0 0 0.922844 0.0942439 
0 0 0 0 0 0 0 0.911692 0.128314 
0 0 0 0 0 0 0 0.898919 0.158963 
0 0 0 0 0 0 0 0.883637 0.185498 
0 0 0 0 0 0 0 0.864609 0.207848 
0 0 0 0 0 0 0 0.840732 0.226932 
0 0 0 0 0 0 0 0.810025 0.240733 
0 0 0 0 0 0 0 0.775245 0.261287 
0 0 0 0 0 0 0 0.742818 0.283255 
0 0 0 0 0 0 0 0.708616 0.297777 
0 0 0 0 0 0 0 0.679336 0.31644 
0 0 0 0 0 0 0 0.63225 0.340775 
0 0 0 0 0 0 0 0.569137 0.376388 
0 0 0 0 0 0 0 0.478906 0.416673 
0 0 0 0 0 0 0 0.371474 0.461161 
0 0 0 0 0 0 0 0.241812 0.522926 
0 0 0 0 0 0 0 0.0927972 0.589124 
0.0817103 0 0 0 0 0 0 0 0.641309 
0.22479 0 0 0 0 0 0 0 0.686799 
0.329568 0 0 0 0 0 0 0 0.735872 
0.454094 0 0 0 0 0 0 0 0.759568 
0.531766 0 0 0 0 0 0 0 0.793712 
0.592393 0 0 0 0 0 0 0 0.827435 
0.638656 0 0 0 0 0 0 0 0.845874 
0.690292 0 0 0 0 0 0 0 0.860897 
0.715891 0 0 0 0 0 0 0 0.871462 
0.739877 0 0 0 0 0 0 0 0.877381 
0.755942 0 0 0 0 0 0 0 0.883298 
0.770069 0 0 0 0 0 0 0 0.890761 
0.775363 0 0 0 0 0 0 0 0.8957 
0.77892 0 0 0 0 0 0 0 0.900089 
0.779464 0 0 0 0 0 0 0 0.901311 
0.780377 0 0 0 0 0 0 0 0.900835 
0.775603 0 0 0 0 0 0 0 0.896293 
0.780796 0 0 0 0 0 0 0 0.891301 
0.782312 0 0 0 0 0 0 0 0.886706 
0.788348 0 0 0 0 0 0 0 0.882481 
0.795855 0 0 0 0 0 0 0 0.877841 
0.800644 0 0 0 0 0 0 0 0.87736 
0.815747 0 0 0 0 0 0 0 0.875582 
0.818895 0 0 0 0 0 0 0 0.866254 
0.839268 0 0 0 0 0 0 0 0.869705 
0.861411 0 0 0 0 0 0 0 0.877178 
0.881183 0 0 0 0 0 0 0 0.885011 
0.897691 0 0 0 0 0 0 0 0.893605 
0.912739 0 0 0 0 0 0 0 0.90276 
0.923234 0 0 0 0 0 0 0 0.908747 
0.924378 0 0 0 0 0 0 0 0.914425 
0.921234 0 0 0 0 0 0 0 0.916364 
0.917887 0 0 0 0 0 0 0 0.916284 
0.914717 0 0 0 0 0 0 0 0.9158 
0.912833 0 0 0 0 0 0 0 0.914566 
0.910428 0 0 0 0 0 0 0 0.913257 
0.908028 0 0 0 0 0 0 0 0.912048 
0.906307 0 0 0 0 0 0 0 0.911423 
0.905847 0 0 0 0 0 0 0 0.910943 
0.905439 0 0 0 0 0 0 0 0.910499 
0.905328 0 0 0 0 0 0 0 0.911066 
0.90505 0 0 0 0 0 0 0 0.911576 
0.904481 0 0 0 0 0 0 0 0.912758 
0.905176 0 0 0 0 0 0 0 0.914015 
0.905711 0 0 0 0 0 0 0 0.91544 
0.9063 0 0 0 0 0 0 0 0.916137 
0.906682 0 0 0 0 0 0 0 0.913718 
0.913209 0 0 0 0 0 0 0 0.914614 
0.918776 0 0 0 0 0 0 0 0.914674 
0.922232 0 0 0 0 0 0 0 0.91456 
0.924977 0 0 0 0 0 0 0 0.914487 
0.925701 0 0 0 0 0 0 0 0.913679 
0.919695 0 0 0 0 0 0 0 0.907357 
0.924362 0 0 0 0 0 0 0 0.912395 
0.929827 0 0 0 0 0 0 0 0.918475 
0.931628 0 0 0 0 0 0 0 0.921224 
0.932763 0 0 0 0 0 0 0 0.921318 
0.932974 0 0 0 0 0 0 0 0.920664 
0.931979 0 0 0 0 0 0 0 0.918733 
0.932732 0 0 0 0 0 0 0 0.919969 
0.934365 0 0 0 0 0 0 0 0.922455 
0.93491 0 0 0 0 0 0 0 0.923954 
0.934701 0 0 0 0 0 0 0 0.924019 
0.933708 0 0 0 0 0 0 0 0.922863 
0.931924 0 0 0 0 0 0 0 0.921156 
0.931599 0 0 0 0 0 0 0 0.921293 
0.932566 0 0 0 0 0 0 0 0.922721 
0.932556 0 0 0 0 0 0 0 0.922611 
0.932335 0 0 0 0 0 0 0 0.922159 
0.932315 0 0 0 0 0 0 0 0.922031 
0.93225 0 0 0 0 0 0 0 0.922079 
0.931697 0 0 0 0 0 0 0 0.921757 
0.931256 0 0 0 0 0 0 0 0.922011 
0.930875 0 0 0 0 0 0 0 0.922263 
0.930629 0 0 0 0 0 0 0 0.922538 
0.930531 0 0 0 0 0 0 0 0.922701 
0.930394 0 0 0 0 0 0 0 0.922518 
0.930576 0 0 0 0 0 0 0 0.922776 
0.93092 0 0 0 0 0 0 0 0.923215 
0.931266 0 0 0 0 0 0 0 0.923258 
0.931412 0 0 0 0 0 0 0 0.923267 
0.931129 0 0 0 0 0 0 0 0.923186 
0.931482 0 0 0 0 0 0 0 0.923343 
0.931623 0 0 0 0 0 0 0 0.923527 
0.931512 0 0 0 0 0 0 0 0.92333 
0.931188 0 0 0 0 0 0 0 0.92353 
0.930915 0 0 0 0 0 0 0 0.924053 
0.930715 0 0 0 0 0 0 0 0.924359 
0.930495 0 0 0 0 0 0 0 0.924659 
0.930446 0 0 0 0 0 0 0 0.924844 
0.930361 0 0 0 0 0 0 0 0.924612 
0.93017 0 0 0 0 0 0 0 0.923926 
0.930064 0 0 0 0 0 0 0 0.923819 
0.929955 0 0 0 0 0 0 0 0.923808 
0.929853 0 0 0 0 0 0 0 0.923862 
0.929893 0 0 0 0 0 0 0 0.924025 
0.929985 0 0 0 0 0 0 0 0.924123 
0.930096 0 0 0 0 0 0 0 0.923992 
0.930157 0 0 0 0 0 0 0 0.923732 
0.929985 0 0 0 0 0 0 0 0.923399 
0.930145 0 0 0 0 0 0 0 0.92354 
0.930385 0 0 0 0 0 0 0 0.923603 
0.930616 0 0 0 0 0 0 0 0.923278 
0.930607 0 0 0 0 0 0 0 0.923118 
0.930888 0 0 0 0 0 0 0 0.923469 
0.931089 0 0 0 0 0 0 0 0.923701 
0.931141 0 0 0 0 0 0 0 0.923836 
0.931423 0 0 0 0 0 0 0 0.924097 
0.931647 0 0 0 0 0 0 0 0.924135 
0.931782 0 0 0 0 0 0 0 0.924292 
0.931896 0 0 0 0 0 0 0 0.924549 
