0.503271 0 0 0 0 0 0 0 0.820932 
0.503843 0 0 0 0 0 0 0 0.822182 
0.509474 0 0 0 0 0 0 0 0.821511 
0.518037 0 0 0 0 0 0 0 0.819649 
0.526799 0 0 0 0 0 0 0 0.817167 
0.533234 0 0 0 0 0 0 0 0.813511 
0.534994 0 0 0 0 0 0 0 0.807957 
0.536447 0 0 0 0 0 0 0 0.800546 
0.537778 0 0 0 0 0 0 0 0.791559 
0.539461 0 0 0 0 0 0 0 0.782078 
0.540937 0 0 0 0 0 0 0 0.773181 
0.541676 0 0 0 0 0 0 0 0.766432 
0.542867 0 0 0 0 0 0 0 0.761884 
0.54606 0 0 0 0 0 0 0 0.759434 
0.550235 0 0 0 0 0 0 0 0.759126 
0.553759 0 0 0 0 0 0 0 0.76037 
0.556719 0 0 0 0 0 0 0 0.762355 
0.561072 0 0 0 0 0 0 0 0.765406 
0.562909 0 0 0 0 0 0 0 0.769412 
0.562024 0 0 0 0 0 0 0 0.773776 
0.559704 0 0 0 0 0 0 0 0.779748 
0.558422 0 0 0 0 0 0 0 0.786757 
0.560434 0 0 0 0 0 0 0 0.795465 
0.563761 0 0 0 0 0 0 0 0.803909 
0.569789 0 0 0 0 0 0 0 0.810172 
0.577531 0 0 0 0 0 0 0 0.813008 
0.583274 0 0 0 0 0 0 0 0.811662 
0.586994 0 0 0 0 0 0 0 0.806276 
0.587377 0 0 0 0 0 0 0 0.798718 
0.58881 0 0 0 0 0 0 0 0.790424 
0.579386 0 0 0 0 0 0 0 0.783528 
0.572646 0 0 0 0 0 0 0 0.782503 
0.564026 0 0 0 0 0 0 0 0.787738 
0.559793 0 0 0 0 0 0 0 0.787239 
0.547741 0 0 0 0 0 0 0 0.78891 
0.536514 0 0 0 0 0 0 0 0.790689 
0.527142 0 0 0 0 0 0 0 0.791152 
0.519773 0 0 0 0 0 0 0 0.790171 
0.512961 0 0 0 0 0 0 0 0.788629 
0.508229 0 0 0 0 0 0 0 0.786906 
0.504916 0 0 0 0 0 0 0 0.784545 
0.50923 0 0 0 0 0 0 0 0.782759 
0.514797 0 0 0 0 0 0 0 0.788064 
0.517911 0 0 0 0 0 0 0 0.790288 
0.522007 0 0 0 0 0 0 0 0.785347 
0.525482 0 0 0 0 0 0 0 0.784195 
0.533862 0 0 0 0 0 0 0 0.789219 
0.532526 0 0 0 0 0 0 0 0.784443 
0.528677 0 0 0 0 0 0 0 0.77806 
0.524644 0 0 0 0 0 0 0 0.769953 
0.521989 0 0 0 0 0 0 0 0.762798 
0.520229 0 0 0 0 0 0 0 0.758703 
0.520621 0 0 0 0 0 0 0 0.756968 
0.519213 0 0 0 0 0 0 0 0.759564 
0.514907 0 0 0 0 0 0 0 0.76175 
0.515118 0 0 0 0 0 0 0 0.765657 
0.512715 0 0 0 0 0 0 0 0.767336 
0.510575 0 0 0 0 0 0 0 0.769683 
0.509697 0 0 0 0 0 0 0 0.769746 
0.513804 0 0 0 0 0 0 0 0.766897 
0.516948 0 0 0 0 0 0 0 0.763288 
0.518912 0 0 0 0 0 0 0 0.759073 
0.519326 0 0 0 0 0 0 0 0.751631 
0.518454 0 0 0 0 0 0 0 0.750529 
0.514716 0 0 0 0 0 0 0 0.747102 
0.508463 0 0 0 0 0 0 0 0.738469 
0.503423 0 0 0 0 0 0 0 0.734662 
0.493676 0 0 0 0 0 0 0 0.72904 
0.482696 0 0 0 0 0 0 0 0.720183 
0.468985 0 0 0 0 0 0 0 0.710468 
0.452643 0 0 0 0 0 0 0 0.701068 
0.434729 0 0 0 0 0 0 0 0.692918 
0.423714 0 0 0 0 0 0 0 0.689289 
0.403108 0 0 0 0 0 0 0 0.677475 
0.408195 0 0 0 0 0 0 0 0.691169 
0.397462 0 0 0 0 0 0 0 0.713965 
0.381749 0 0 0 0 0 0 0 0.729075 
0.360881 0 0 0 0 0 0 0 0.74234 
0.338581 0 0 0 0 0 0 0 0.751371 
0.317518 0 0 0 0 0 0 0 0.75782 
0.298557 0 0 0 0 0 0 0 0.761312 
0.283008 0 0 0 0 0 0 0 0.761204 
0.269215 0 0 0 0 0 0 0 0.75609 
0.26041 0 0 0 0 0 0 0 0.74904 
0.260559 0 0 0 0 0 0 0 0.753265 
0.277849 0 0 0 0 0 0 0 0.754145 
0.287648 0 0 0 0 0 0 0 0.747277 
0.303393 0 0 0 0 0 0 0 0.74329 
0.324322 0 0 0 0 0 0 0 0.740402 
0.346443 0 0 0 0 0 0 0 0.735686 
0.370698 0 0 0 0 0 0 0 0.732021 
0.388491 0 0 0 0 0 0 0 0.727333 
0.399895 0 0 0 0 0 0 0 0.721986 
0.413505 0 0 0 0 0 0 0 0.720839 
0.421554 0 0 0 0 0 0 0 0.720356 
0.429303 0 0 0 0 0 0 0 0.724056 
0.430729 0 0 0 0 0 0 0 0.72317 
0.43727 0 0 0 0 0 0 0 0.727555 
0.43946 0 0 0 0 0 0 0 0.73169 
0.440273 0 0 0 0 0 0 0 0.735608 
0.439363 0 0 0 0 0 0 0 0.738428 
0.434382 0 0 0 0 0 0 0 0.738178 
0.428695 0 0 0 0 0 0 0 0.736288 
0.422216 0 0 0 0 0 0 0 0.729083 
0.417018 0 0 0 0 0 0 0 0.725671 
0.412005 0 0 0 0 0 0 0 0.726369 
0.405468 0 0 0 0 0 0 0 0.72802 
0.396541 0 0 0 0 0 0 0 0.729023 
0.385115 0 0 0 0 0 0 0 0.72951 
0.377577 0 0 0 0 0 0 0 0.729281 
0.369308 0 0 0 0 0 0 0 0.726611 
0.360609 0 0 0 0 0 0 0 0.722688 
0.352865 0 0 0 0 0 0 0 0.718429 
0.346344 0 0 0 0 0 0 0 0.713505 
0.335862 0 0 0 0 0 0 0 0.708798 
0.327032 0 0 0 0 0 0 0 0.706437 
0.314744 0 0 0 0 0 0 0 0.7031 
0.300646 0 0 0 0 0 0 0 0.703676 
0.28256 0 0 0 0 0 0 0 0.704683 
0.260765 0 0 0 0 0 0 0 0.704919 
0.236494 0 0 0 0 0 0 0 0.704104 
0.21263 0 0 0 0 0 0 0 0.703636 
0.193899 0 0 0 0 0 0 0 0.701326 
0.183896 0 0 0 0 0 0 0 0.699219 
0.182379 0 0 0 0 0 0 0 0.694512 
0.18484 0 0 0 0 0 0 0 0.690272 
0.191035 0 0 0 0 0 0 0 0.689791 
0.196105 0 0 0 0 0 0 0 0.683922 
0.201374 0 0 0 0 0 0 0 0.680755 
0.206048 0 0 0 0 0 0 0 0.680163 
0.21145 0 0 0 0 0 0 0 0.678428 
0.217222 0 0 0 0 0 0 0 0.676201 
0.223028 0 0 0 0 0 0 0 0.674085 
0.230321 0 0 0 0 0 0 0 0.672718 
0.237859 0 0 0 0 0 0 0 0.669243 
0.246871 0 0 0 0 0 0 0 0.670419 
0.256773 0 0 0 0 0 0 0 0.673942 
0.264807 0 0 0 0 0 0 0 0.67604 
0.269985 0 0 0 0 0 0 0 0.681889 
0.272603 0 0 0 0 0 0 0 0.687805 
0.27428 0 0 0 0 0 0 0 0.695103 
0.276853 0 0 0 0 0 0 0 0.699435 
0.282098 0 0 0 0 0 0 0 0.70289 
0.288276 0 0 0 0 0 0 0 0.704229 
0.293492 0 0 0 0 0 0 0 0.701373 
0.305419 0 0 0 0 0 0 0 0.706938 
0.314784 0 0 0 0 0 0 0 0.712146 
0.316682 0 0 0 0 0 0 0 0.714554 
0.317916 0 0 0 0 0 0 0 0.7172 
0.322638 0 0 0 0 0 0 0 0.72127 
0.324973 0 0 0 0 0 0 0 0.721612 
0.325168 0 0 0 0 0 0 0 0.720424 
0.324118 0 0 0 0 0 0 0 0.718553 
0.321184 0 0 0 0 0 0 0 0.7152 
0.318833 0 0 0 0 0 0 0 0.711666 
0.327705 0 0 0 0 0 0 0 0.706061 
0.32998 0 0 0 0 0 0 0 0.701216 
0.333615 0 0 0 0 0 0 0 0.698204 
0.341469 0 0 0 0 0 0 0 0.690809 
0.348164 0 0 0 0 0 0 0 0.687544 
0.351812 0 0 0 0 0 0 0 0.682134 
0.352329 0 0 0 0 0 0 0 0.673807 
0.350132 0 0 0 0 0 0 0 0.662367 
0.34761 0 0 0 0 0 0 0 0.648549 
0.344937 0 0 0 0 0 0 0 0.632375 
0.341971 0 0 0 0 0 0 0 0.613891 
0.340669 0 0 0 0 0 0 0 0.594195 
0.344266 0 0 0 0 0 0 0 0.575928 
0.349013 0 0 0 0 0 0 0 0.55749 
0.354634 0 0 0 0 0 0 0 0.54295 
0.358567 0 0 0 0 0 0 0 0.530057 
0.360877 0 0 0 0 0 0 0 0.519712 
0.363069 0 0 0 0 0 0 0 0.509288 
0.368243 0 0 0 0 0 0 0 0.503584 
0.375811 0 0 0 0 0 0 0 0.502718 
0.381789 0 0 0 0 0 0 0 0.505356 
0.376561 0 0 0 0 0 0 0 0.511959 
0.372943 0 0 0 0 0 0 0 0.521414 
0.36453 0 0 0 0 0 0 0 0.531083 
0.356502 0 0 0 0 0 0 0 0.543182 
0.346553 0 0 0 0 0 0 0 0.556186 
0.331729 0 0 0 0 0 0 0 0.571175 
0.317001 0 0 0 0 0 0 0 0.587111 
0.295576 0 0 0 0 0 0 0 0.59751 
0.273073 0 0 0 0 0 0 0 0.607528 
0.250361 0 0 0 0 0 0 0 0.614623 
0.2205 0 0 0 0 0 0 0 0.619406 
0.201829 0 0 0 0 0 0 0 0.626564 
0.175672 0 0 0 0 0 0 0 0.633141 
0.141321 0 0 0 0 0 0 0 0.635181 
0.103172 0 0 0 0 0 0 0 0.639347 
0.0632462 0 0 0 0 0 0 0 0.643571 
0.0189284 0 0 0 0 0 0 0 0.644719 
0 0 0 0 0 0 0 0 0.646632 
0 0 0 0 0 0 0 0 0.648589 
0 0 0 0 0 0 0 0 0.647221 
0 0 0 0 0 0 0 0 0.643811 
0 0 0 0 0 0 0 0 0.635113 
0 0 0 0 0 0 0 0 0.624787 
0 0 0 0 0 0 0 0 0.617036 
0 0 0 0 0 0 0 0 0.606418 
0 0 0 0 0 0 0 0 0.592016 
0 0 0 0 0 0 0 0 0.586769 
0 0 0 0 0 0 0 0 0.58331 
0 0 0 0 0 0 0 0 0.587434 
0 0 0 0 0 0 0 0 0.586922 
0 0 0 0 0 0 0 0 0.58892 
0 0 0 0 0 0 0 0 0.591152 
0.0341947 0 0 0 0 0 0 0 0.595907 
0.0714114 0 0 0 0 0 0 0 0.600263 
0.106492 0 0 0 0 0 0 0 0.603939 
0.137648 0 0 0 0 0 0 0 0.60627 
0.161526 0 0 0 0 0 0 0 0.608225 
0.179049 0 0 0 0 0 0 0 0.609207 
0.19332 0 0 0 0 0 0 0 0.609581 
0.202219 0 0 0 0 0 0 0 0.608257 
0.20516 0 0 0 0 0 0 0 0.60433 
0.204014 0 0 0 0 0 0 0 0.598504 
0.19758 0 0 0 0 0 0 0 0.59168 
0.186512 0 0 0 0 0 0 0 0.584041 
0.171141 0 0 0 0 0 0 0 0.575522 
0.152355 0 0 0 0 0 0 0 0.566261 
0.131808 0 0 0 0 0 0 0 0.560222 
0.108936 0 0 0 0 0 0 0 0.557476 
0.0826468 0 0 0 0 0 0 0 0.554382 
0.0539889 0 0 0 0 0 0 0 0.550913 
0.0252438 0 0 0 0 0 0 0 0.548605 
0 0 0 0 0 0 0 0 0.547663 
0 0 0 0 0 0 0 0 0.546255 
0 0 0 0 0 0 0 0 0.545517 
0 0 0 0 0 0 0 0 0.547934 
0 0 0 0 0 0 0 0 0.550836 
0 0 0 0 0 0 0 0 0.538386 
0 0 0 0 0 0 0 0 0.553547 
0 0 0 0 0 0 0 0 0.575135 
0 0 0 0 0 0 0 0 0.593622 
0 0 0 0 0 0 0 0 0.605395 
0 0 0 0 0 0 0 0 0.613541 
0 0 0 0 0 0 0 0 0.619332 
0 0 0 0 0 0 0 0 0.620226 
0 0 0 0 0 0 0 0 0.616988 
0 0 0 0 0 0 0 0 0.609932 
0 0 0 0 0 0 0 0 0.601467 
0 0 0 0 0 0 0 0 0.585555 
0 0 0 0 0 0 0 0 0.579572 
0 0 0 0 0 0 0 0 0.579901 
0 0 0 0 0 0 0 0 0.572977 
0 0 0 0 0 0 0 0 0.56947 
0 0 0 0 0 0 0 0 0.566687 
0 0 0 0 0 0 0 0 0.564499 
0 0 0 0 0 0 0 0 0.563635 
0 0 0 0 0 0 0 0 0.565599 
0 0 0 0 0 0 0 0 0.571209 
0 0 0 0 0 0 0 0 0.57486 
0 0 0 0 0 0 0 0 0.584737 
0 0 0 0 0 0 0 0 0.597486 
0 0 0 0 0 0 0 0 0.601755 
0 0 0 0 0 0 0 0 0.611205 
0 0 0 0 0 0 0 0 0.619016 
0 0 0 0 0 0 0 0 0.622049 
0 0 0 0 0 0 0 0 0.620424 
0 0 0 0 0 0 0 0 0.617618 
0 0 0 0 0 0 0 0 0.613897 
0 0 0 0 0 0 0 0 0.609829 
0 0 0 0 0 0 0 0 0.598867 
0.00816549 0 0 0 0 0 0 0 0.60227 
0.0141784 0 0 0 0 0 0 0 0.612479 
0.0108744 0 0 0 0 0 0 0 0.613096 
0.00784541 0 0 0 0 0 0 0 0.623742 
0 0 0 0 0 0 0 0 0.627205 
0 0 0 0 0 0 0 0 0.62741 
0 0 0 0 0 0 0 0 0.625679 
0 0 0 0 0 0 0 0 0.623088 
0 0 0 0 0 0 0 0 0.618187 
0 0 0 0 0 0 0 0 0.610507 
0 0 0 0 0 0 0 0 0.599624 
0 0 0 0 0 0 0 0 0.58777 
0 0 0 0 0 0 0 0 0.578667 
0 0 0 0 0 0 0 0 0.568013 
0 0 0 0 0 0 0 0 0.553831 
0 0 0 0 0 0 0 0 0.537854 
0 0 0 0 0 0 0 0 0.519603 
0 0 0 0 0 0 0 0 0.503243 
0 0 0 0 0 0 0 0 0.487729 
0 0 0 0 0 0 0 0 0.473617 
0 0 0 0 0 0 0 0 0.46239 
0 0 0 0 0 0 0 0 0.456899 
0 0 0 0 0 0 0 0 0.465976 
0 0 0 0 0 0 0 0 0.470115 
0 0 0 0 0 0 0 0 0.474289 
0 0 0 0 0 0 0 0 0.484656 
0 0 0 0 0 0 0 0 0.496092 
0 0 0 0 0 0 0 0 0.5083 
0 0 0 0 0 0 0 0 0.520268 
0 0 0 0 0 0 0 0 0.531963 
0 0 0 0 0 0 0 0 0.542062 
0 0 0 0 0 0 0 0 0.549604 
0 0 0 0 0 0 0 0 0.551521 
0 0 0 0 0 0 0 0 0.557715 
0 0 0 0 0 0 0 0 0.567796 
0 0 0 0 0 0 0 0 0.571132 
0 0 0 0 0 0 0 0 0.571257 
0 0 0 0 0 0 0 0 0.568778 
0 0 0 0 0 0 0 0 0.562315 
0 0 0 0 0 0 0 0 0.553484 
0 0 0 0 0 0 0 0 0.541725 
0 0 0 0 0 0 0 0 0.529956 
0 0 0 0 0 0 0 0 0.516632 
0 0 0 0 0 0 0 0 0.502569 
0 0 0 0 0 0 0 0 0.496218 
0 0 0 0 0 0 0 0 0.484313 
0 0 0 0 0 0 0 0 0.483629 
0 0 0 0 0 0 0 0 0.47828 
0 0 0 0 0 0 0 0 0.476777 
0 0 0 0 0 0 0 0 0.458717 
0 0 0 0 0 0 0 0 0.428715 
0 0 0 0 0 0 0 0 0.396455 
0 0 0 0 0 0 0 0 0.344156 
0 0 0 0 0 0 0 0 0.285289 
0 0 0 0 0 0 0 0 0.229537 
0 0 0 0 0 0 0 0 0.153344 
0 0 0 0 0 0 0 0 0.0738558 
0.00564029 0 0 0 0 0 0 0 0 
0.031538 0 0 0 0 0 0 0 0 
0.0565072 0 0 0 0 0 0 0 0 
0.0653789 0 0 0 0 0 0 0 0 
0.0678758 0 0 0 0 0 0 0 0 
0.0705539 0 0 0 0 0 0 0 0 
0.0640715 0 0 0 0 0 0 0 0 
0.0381717 0 0 0 0 0 0 0 0 
0 0 0 0 0 0 0 0 0 
0 0 0 0 0 0 0 0 0 
0 0 0 0 0 0 0 0 0 
0 0 0 0 0 0 0 0 0 
0 0 0 0 0 0 0 0 0 
0 0 0 0 0 0 0 0 0 
0 0 0 0 0 0 0 0 0 
0 0 0 0 0 0 0 0 0 
0 0 0 0 0 0 0 0 0 
0 0 0 0 0 0 0 0 0 
0 0 0 0 0 0 0 0 0 
0 0 0 0 0 0 0 0 0 
0 0 0 0 0 0 0 0 0 
0 0 0 0 0 0 0 0 0 
0 0 0 0 0 0 0 0 0 
0 0 0 0 0 0 0 0 0 
0 0 0 0 0 0 0 0 0 
0 0 0 0 0 0 0 0 0 
0 0 0 0 0 0 0 0 0 
0 0 0 0 0 0 0 0 0 
0 0 0 0 0 0 0 0 0 
0 0 0 0 0 0 0 0 0 
0 0 0 0 0 0 0 0 0 
0 0 0 0 0 0 0 0 0 
0 0 0 0 0 0 0 0 0 
0 0 0 0 0 0 0 0 0 
0 0 0 0 0 0 0 0 0 
0 0 0 0 0 0 0 0 0 
0 0 0 0 0 0 0 0 0 
0 0 0 0 0 0 0 0 0 
0 0 0 0 0 0 0 0 0 
0 0 0 0 0 0 0 0 0 
0 0 0 0 0 0 0 0 0 
0 0 0 0 0 0 0 0 0 
0 0 0 0 0 0 0 0 0 
0 0 0 0 0 0 0 0 0 
0 0 0 0 0 0 0 0 0 
0 0 0 0 0 0 0 0 0 
0 0 0 0 0 0 0 0 0 
0 0 0 0 0 0 0 0 0 
0 0 0 0 0 0 0 0 0 
0 0 0 0 0 0 0 0 0 
0 0 0 0 0 0 0 0 0 
0 0 0 0 0 0 0 0 0 
0 0 0 0 0 0 0 0 0 
0 0 0 0 0 0 0 0 0 
0 0 0 0 0 0 0 0 0 
0 0 0 0 0 0 0 0 0 
0 0 0 0 0 0 0 0 0 
0 0 0 0 0 0 0 0 0 
0 0 0 0 0 0 0 0 0 
0 0 0 0 0 0 0 0 0 
0 0 0 0 0 0 0 0 0 
0 0 0 0 0 0 0 0 0 
0 0 0 0 0 0 0 0 0 
0 0 0 0 0 0 0 0 0 
0 0 0 0 0 0 0 0 0 
0 0 0 0 0 0 0 0 0 
0 0 0 0 0 0 0 0 0 
0 0 0 0 0 0 0 0 0 
0 0 0 0 0 0 0 0 0 
0 0 0 0 0 0 0 0 0 
0 0 0 0 0 0 0 0 0 
0 0 0 0 0 0 0 0 0 
0 0 0 0 0 0 0 0 0 
0 0 0 0 0 0 0 0 0 
0 0 0 0 0 0 0 0 0 
0 0 0 0 0 0 0 0 0 
0 0 0 0 0 0 0 0 0 
0 0 0 0 0 0 0 0 0 
0 0 0 0 0 0 0 0 0 
0 0 0 0 0 0 0 0 0 
0 0 0 0 0 0 0 0 0 
0 0 0 0 0 0 0 0 0 
0 0 0 0 0 0 0 0 0 
0 0 0 0 0 0 0 0 0 
0 0 0 0 0 0 0 0 0 
0 0 0 0 0 0 0 0 0 
0 0 0 0 0 0 0 0 0 
0 0 0 0 0 0 0 0 0 
0 0 0 0 0 0 0 0 0 
0 0 0 0 0 0 0 0 0 
0 0 0 0 0 0 0 0 0 
0 0 0 0 0 0 0 0 0 
0 0 0 0 0 0 0 0 0 
0 0 0 0 0 0 0 0 0 
0 0 0 0 0 0 0 0 0 
