0 0 0 0 0 0 0 0 0 
0 0 0 0 0 0 0 0 0 
0 0 0 0 0 0 0 0 0 
0 0 0 0 0 0 0 0 0 
0 0 0 0 0 0 0 0 0 
0 0 0 0 0 0 0 0 0 
0 0 0 0 0 0 0 0 0 
0 0 0 0 0 0 0 0 0 
0 0 0 0 0 0 0 0 0 
0 0 0 0 0 0 0 0 0 
0 0 0 0 0 0 0 0 0 
0 0 0 0 0 0 0 0 0 
0 0 0 0 0 0 0 0 0 
0 0 0 0 0 0 0 0 0 
0 0 0 0 0 0 0 0 0 
0 0 0 0 0 0 0 0 0 
0 0 0 0 0 0 0 0 0 
0 0 0 0 0 0 0 0 0 
0 0 0 0 0 0 0 0 0 
0 0 0 0 0 0 0 0 0 
0 0 0 0 0 0 0 0 0 
0 0 0 0 0 0 0 0 0 
0 0 0 0 0 0 0 0 0 
0 0 0 0 0 0 0 0 0 
0 0 0 0 0 0 0 0 0 
0 0 0 0 0 0 0 0 0 
0 0 0 0 0 0 0 0 0 
0 0 0 0 0 0 0 0 0 
0 0 0 0 0 0 0 0 0 
0 0 0 0 0 0 0 0 0 
0 0 0 0 0 0 0 0 0 
0 0 0 0 0 0 0 0 0 
0 0 0 0 0 0 0 0 0 
0 0 0 0 0 0 0 0 0 
0 0 0 0 0 0 0 0 0 
0 0 0 0 0 0 0 0 0 
0 0 0 0 0 0 0 0 0 
0 0 0 0 0 0 0 0 0 
0 0 0 0 0 0 0 0 0 
0 0.043947 0 0 0 0 0 0 0 
0 0.09123 0 0 0 0 0 0 0 
0 0.137049 0 0 0 0 0 0 0 
0 0.181318 0 0 0 0 0 0 0 
0 0.223853 0 0 0 0 0 0 0 
0 0.265064 0 0 0 0 0 0 0 
0 0.30483 0 0 0 0 0 0 0 
0 0.343395 0 0 0 0 0 0 0 
0 0.380721 0 0 0 0 0 0 0 
0 0.416946 0 0 0 0 0 0 0 
0 0.452077 0 0 0 0 0 0 0 
0 0.485942 0 0 0 0 0 0 0 
0 0.518532 0 0 0 0 0 0 0 
0 0.549703 0 0 0 0 0 0 0 
0 0.579096 0 0 0 0 0 0 0 
0 0.606929 0 0 0 0 0 0 0 
0 0.633058 0 0 0 0 0 0 0 
0 0.657552 0 0 0 0 0 0 0 
0 0.680311 0 0 0 0 0 0 0 
0 0.701667 0 0 0 0 0 0 0 
0 0.721701 0 0 0 0 0 0 0 
0 0.740471 0 0 0 0 0 0 0 
0 0.757984 0 0 0 0 0 0 0 
0 0.77417 0 0 0 0 0 0 0 
0 0.789077 0 0 0 0 0 0 0 
0 0.80272 0 0 0 0 0 0 0 
0 0.815054 0 0 0 0 0 0 0 
0 0.8259 0 0 0 0 0 0 0 
0 0.835679 0 0 0 0 0 0 0 
0 0.844144 0 0 0 0 0 0 0 
0 0.851657 0 0 0 0 0 0 0 
0 0.858361 0 0 0 0 0 0 0 
0 0.864227 0 0 0 0 0 0 0 
0 0.869181 0 0 0 0 0 0 0 
0 0.873512 0 0 0 0 0 0 0 
0 0.877544 0 0 0 0 0 0 0 
0 0.880863 0 0 0 0 0 0 0 
0 0.883629 0 0 0 0 0 0 0 
0 0.885944 0 0 0 0 0 0 0 
0 0.888025 0 0 0 0 0 0 0 
0 0.889866 0 0 0 0 0 0 0 
0 0.891328 0 0 0 0 0 0 0 
0 0.892468 0 0 0 0 0 0 0 
0 0.8934 0 0 0 0 0 0 0 
0 0.894152 0 0 0 0 0 0 0 
0 0.894578 0 0 0 0 0 0 0 
0 0.894596 0 0 0 0 0 0 0 
0 0.894473 0 0 0 0 0 0 0 
0 0.894198 0 0 0 0 0 0 0 
0 0.893624 0 0 0 0 0 0 0 
0 0.892786 0 0 0 0 0 0 0 
0 0.891565 0 0 0 0 0 0 0 
0 0.890063 0 0 0 0 0 0 0 
0 0.888293 0 0 0 0 0 0 0 
0 0.886227 0 0 0 0 0 0 0 
0 0.88412 0 0 0 0 0 0 0 
0 0.881949 0 0 0 0 0 0 0 
0 0.880135 0 0 0 0 0 0 0 
0 0.878465 0 0 0 0 0 0 0 
0 0.876731 0 0 0 0 0 0 0 
0 0.875059 0 0 0 0 0 0 0 
0 0.873769 0 0 0 0 0 0 0 
0 0.8735 0 0 0 0 0 0 0 
0 0.873891 0 0 0 0 0 0 0 
0 0.874093 0 0 0 0 0 0 0 
0 0.872924 0 0 0 0 0 0 0 
0 0.870011 0 0 0 0 0 0 0 
0 0.865788 0 0 0 0 0 0 0 
0 0.860231 0 0 0 0 0 0 0 
0 0.854878 0 0 0 0 0 0 0 
0 0.848214 0 0 0 0 0 0 0 
0 0.841601 0 0 0 0 0 0 0 
0 0.83458 0 0 0 0 0 0 0 
0 0.827531 0 0 0 0 0 0 0 
0 0.824518 0 0 0 0 0 0 0 
0 0.817848 0 0 0 0 0 0 0 
0 0.810794 0 0 0 0 0 0 0 
0 0.802829 0 0 0 0 0 0 0 
0 0.794261 0 0 0 0 0 0 0 
0 0.785609 0 0 0 0 0 0 0 
0 0.776499 0 0 0 0 0 0 0 
0 0.767481 0 0 0 0 0 0 0 
0 0.75821 0 0 0 0 0 0 0 
0 0.748818 0 0 0 0 0 0 0 
0 0.739839 0 0 0 0 0 0 0 
0 0.729796 0 0 0 0 0 0 0 
0 0.72047 0 0 0 0 0 0 0 
0 0.711362 0 0 0 0 0 0 0 
0 0.702305 0 0 0 0 0 0 0 
0 0.693526 0 0 0 0 0 0 0 
0 0.684507 0 0 0 0 0 0 0 
0 0.675337 0 0 0 0 0 0 0 
0 0.667437 0 0 0 0 0 0 0 
0 0.658819 0 0 0 0 0 0 0 
0 0.649529 0 0 0 0 0 0 0 
0 0.641007 0 0 0 0 0 0 0 
0 0.634577 0 0 0 0 0 0 0 
0 0.625384 0 0 0 0 0 0 0 
0 0.616113 0 0 0 0 0 0 0 
0 0.606782 0 0 0 0 0 0 0 
0 0.597523 0 0 0 0 0 0 0 
0 0.588286 0 0 0 0 0 0 0 
0 0.579972 0 0 0 0 0 0 0 
0 0.570214 0 0 0 0 0 0 0 
0 0.560374 0 0 0 0 0 0 0 
0 0.550772 0 0 0 0 0 0 0 
0 0.540529 0 0 0 0 0 0 0 
0 0.529751 0 0 0 0 0 0 0 
0 0.518577 0 0 0 0 0 0 0 
0 0.506476 0 0 0 0 0 0 0 
0 0.494667 0 0 0 0 0 0 0 
0 0.485428 0 0 0 0 0 0 0 
0 0.473094 0 0 0 0 0 0 0 
0 0.459471 0 0 0 0 0 0 0 
0 0.4476 0 0 0 0 0 0 0 
0 0.435286 0 0 0 0 0 0 0 
0 0.422391 0 0 0 0 0 0 0 
0 0.409005 0 0 0 0 0 0 0 
0 0.394433 0 0 0 0 0 0 0 
0 0.380679 0 0 0 0 0 0 0 
0 0.366903 0 0 0 0 0 0 0 
0 0.353798 0 0 0 0 0 0 0 
0 0.340773 0 0 0 0 0 0.0861787 0 
0 0.326775 0 0 0 0 0 0.12159 0 
0 0.313004 0 0 0 0 0 0.146472 0 
0 0.297761 0 0 0 0 0 0.164918 0 
0 0.283608 0 0 0 0 0 0.195904 0 
0 0.268699 0 0 0 0 0 0.217777 0 
0 0.253498 0 0 0 0 0 0.247243 0 
0 0.238412 0 0 0 0 0 0.271326 0 
0 0.222651 0 0 0 0 0 0.280901 0 
0 0.202576 0 0 0 0 0 0.302356 0 
0 0.17897 0 0 0 0 0 0.324172 0 
0 0.160969 0 0 0 0 0 0.340811 0 
0 0.1453 0 0 0 0 0 0.393016 0 
0 0.1263 0 0 0 0 0 0.450548 0 
0 0.101928 0 0 0 0 0 0.496934 0 
0 0.0753007 0 0 0 0 0 0.543013 0.00554499 
0 0.0518541 0 0 0 0 0 0.570785 0.118879 
0 0.0337918 0 0 0 0 0 0.586495 0.228063 
0 0.0101327 0 0 0 0 0 0.598014 0.32181 
0 0 0 0 0 0 0 0.598869 0.413751 
0 0 0 0 0 0 0 0.592584 0.495382 
0 0 0 0 0 0 0 0.580122 0.581683 
0 0 0 0 0 0 0 0.521389 0.634246 
0 0 0 0 0 0 0 0.451924 0.668082 
0 0 0 0 0 0 0 0.368702 0.697953 
0 0 0 0 0 0 0 0.270461 0.724093 
0 0 0 0 0 0 0 0.163183 0.742142 
0.0576101 0 0 0 0 0 0 0.0447473 0.756041 
0.165257 0 0 0 0 0 0 0 0.760106 
0.262019 0 0 0 0 0 0 0 0.767299 
0.324745 0 0 0 0 0 0 0 0.784208 
0.375754 0 0 0 0 0 0 0 0.794256 
0.422146 0 0 0 0 0 0 0 0.801512 
0.474249 0 0 0 0 0 0 0 0.806494 
0.524501 0 0 0 0 0 0 0 0.812822 
0.559493 0 0 0 0 0 0 0 0.820496 
0.587973 0 0 0 0 0 0 0 0.828525 
0.614496 0 0 0 0 0 0 0 0.833218 
0.634577 0 0 0 0 0 0 0 0.83985 
0.647043 0 0 0 0 0 0 0 0.846892 
0.656303 0 0 0 0 0 0 0 0.852723 
0.663038 0 0 0 0 0 0 0 0.859704 
0.664364 0 0 0 0 0 0 0 0.864579 
0.664846 0 0 0 0 0 0 0 0.869523 
0.66593 0 0 0 0 0 0 0 0.874436 
0.667692 0 0 0 0 0 0 0 0.878425 
0.670611 0 0 0 0 0 0 0 0.881712 
0.674716 0 0 0 0 0 0 0 0.884321 
0.679742 0 0 0 0 0 0 0 0.886022 
0.684367 0 0 0 0 0 0 0 0.886622 
0.690885 0 0 0 0 0 0 0 0.887187 
0.696847 0 0 0 0 0 0 0 0.886276 
0.702856 0 0 0 0 0 0 0 0.885464 
0.70834 0 0 0 0 0 0 0 0.883665 
0.714045 0 0 0 0 0 0 0 0.881659 
0.722188 0 0 0 0 0 0 0 0.879194 
0.727823 0 0 0 0 0 0 0 0.876499 
0.741284 0 0 0 0 0 0 0 0.875345 
0.752104 0 0 0 0 0 0 0 0.873223 
0.757075 0 0 0 0 0 0 0 0.868999 
0.765408 0 0 0 0 0 0 0 0.866243 
0.77951 0 0 0 0 0 0 0 0.86922 
0.784097 0 0 0 0 0 0 0 0.873623 
0.793631 0 0 0 0 0 0 0 0.876482 
0.797567 0 0 0 0 0 0 0 0.880885 
0.800696 0 0 0 0 0 0 0 0.881199 
0.803818 0 0 0 0 0 0 0 0.886318 
0.804369 0 0 0 0 0 0 0 0.886986 
0.805506 0 0 0 0 0 0 0 0.888696 
0.806917 0 0 0 0 0 0 0 0.88918 
0.809169 0 0 0 0 0 0 0 0.889444 
0.810169 0 0 0 0 0 0 0 0.890685 
0.81668 0 0 0 0 0 0 0 0.891573 
0.820763 0 0 0 0 0 0 0 0.889764 
0.820756 0 0 0 0 0 0 0 0.892292 
0.821069 0 0 0 0 0 0 0 0.895703 
0.820114 0 0 0 0 0 0 0 0.897861 
0.820549 0 0 0 0 0 0 0 0.897486 
0.820893 0 0 0 0 0 0 0 0.896606 
0.821407 0 0 0 0 0 0 0 0.893691 
0.822951 0 0 0 0 0 0 0 0.890578 
0.824057 0 0 0 0 0 0 0 0.889088 
0.825047 0 0 0 0 0 0 0 0.888822 
0.825494 0 0 0 0 0 0 0 0.889586 
0.826251 0 0 0 0 0 0 0 0.889209 
0.825453 0 0 0 0 0 0 0 0.887569 
0.825116 0 0 0 0 0 0 0 0.890635 
0.82442 0 0 0 0 0 0 0 0.893178 
0.823247 0 0 0 0 0 0 0 0.895097 
0.821605 0 0 0 0 0 0 0 0.896532 
0.819652 0 0 0 0 0 0 0 0.896484 
0.819323 0 0 0 0 0 0 0 0.894337 
0.819208 0 0 0 0 0 0 0 0.894955 
0.818206 0 0 0 0 0 0 0 0.894983 
0.817006 0 0 0 0 0 0 0 0.895277 
0.816404 0 0 0 0 0 0 0 0.895692 
0.815711 0 0 0 0 0 0 0 0.896512 
0.815578 0 0 0 0 0 0 0 0.89685 
0.814395 0 0 0 0 0 0 0 0.897002 
0.81264 0 0 0 0 0 0 0 0.896818 
0.810257 0 0 0 0 0 0 0 0.896954 
0.808237 0 0 0 0 0 0 0 0.896688 
0.806663 0 0 0 0 0 0 0 0.896465 
0.805758 0 0 0 0 0 0 0 0.896286 
0.804846 0 0 0 0 0 0 0 0.895191 
0.804165 0 0 0 0 0 0 0 0.894602 
0.803673 0 0 0 0 0 0 0 0.893587 
0.803678 0 0 0 0 0 0 0 0.89384 
0.806062 0 0 0 0 0 0 0 0.894293 
0.808412 0 0 0 0 0 0 0 0.894468 
0.810378 0 0 0 0 0 0 0 0.894043 
0.812235 0 0 0 0 0 0 0 0.893728 
0.813515 0 0 0 0 0 0 0 0.89341 
0.814638 0 0 0 0 0 0 0 0.893104 
0.81534 0 0 0 0 0 0 0 0.892494 
0.816345 0 0 0 0 0 0 0 0.892516 
0.817344 0 0 0 0 0 0 0 0.892932 
0.818414 0 0 0 0 0 0 0 0.893358 
0.819774 0 0 0 0 0 0 0 0.894154 
0.820998 0 0 0 0 0 0 0 0.895356 
0.821804 0 0 0 0 0 0 0 0.896685 
0.821707 0 0 0 0 0 0 0 0.898245 
0.821604 0 0 0 0 0 0 0 0.899865 
0.821378 0 0 0 0 0 0 0 0.901031 
0.819965 0 0 0 0 0 0 0 0.901721 
0.818395 0 0 0 0 0 0 0 0.901913 
0.817736 0 0 0 0 0 0 0 0.901696 
0.817497 0 0 0 0 0 0 0 0.901076 
0.817358 0 0 0 0 0 0 0 0.900402 
0.817498 0 0 0 0 0 0 0 0.899748 
0.817871 0 0 0 0 0 0 0 0.899307 
0.818533 0 0 0 0 0 0 0 0.898768 
0.819623 0 0 0 0 0 0 0 0.898232 
0.820654 0 0 0 0 0 0 0 0.898252 
0.82147 0 0 0 0 0 0 0 0.898509 
0.822499 0 0 0 0 0 0 0 0.898782 
0.823603 0 0 0 0 0 0 0 0.899102 
0.824676 0 0 0 0 0 0 0 0.899362 
0.825959 0 0 0 0 0 0 0 0.899438 
0.827114 0 0 0 0 0 0 0 0.899415 
0.827798 0 0 0 0 0 0 0 0.899553 
0.828204 0 0 0 0 0 0 0 0.900055 
0.828536 0 0 0 0 0 0 0 0.9008 
0.829377 0 0 0 0 0 0 0 0.901997 
0.830617 0 0 0 0 0 0 0 0.903731 
0.832236 0 0 0 0 0 0 0 0.905729 
0.833899 0 0 0 0 0 0 0 0.907631 
0.835488 0 0 0 0 0 0 0 0.909296 
0.837091 0 0 0 0 0 0 0 0.910455 
0.838353 0 0 0 0 0 0 0 0.911109 
0.839892 0 0 0 0 0 0 0 0.911271 
0.840609 0 0 0 0 0 0 0 0.911057 
0.841202 0 0 0 0 0 0 0 0.910693 
