0 0 0 0 0 0.0526646 0 0 0 
0 0 0 0 0 0.0509654 0 0 0 
0 0 0 0 0 0.0500734 0 0 0 
0 0 0 0 0 0.0494442 0 0 0 
0 0 0 0 0 0.0528293 0 0 0 
0 0 0 0 0 0.0524442 0 0 0 
0 0 0 0 0 0.0506436 0 0 0 
0 0 0 0 0 0.0508128 0 0 0 
0 0 0 0 0 0.0505878 0 0 0 
0 0.0290926 0 0 0 0.050831 0 0 0 
0 0.0634837 0 0 0 0.0527213 0 0 0 
0 0.0966132 0 0 0 0.0534867 0 0 0 
0 0.128145 0 0 0 0.0538016 0 0 0 
0 0.158555 0 0 0 0.0544089 0 0 0 
0 0.188326 0 0 0 0.0542032 0 0 0 
0 0.2172 0 0 0 0.0536686 0 0 0 
0 0.245454 0 0 0 0.0536606 0 0 0 
0 0.274051 0 0 0 0.053998 0 0 0 
0 0.302015 0 0 0 0.0528101 0 0 0 
0 0.329381 0 0 0 0.0478287 0 0 0 
0 0.355623 0 0 0 0.0403627 0 0 0 
0 0.381163 0 0 0 0.0336422 0 0 0 
0 0.407386 0 0 0 0.0296183 0 0 0 
0 0.4343 0 0 0 0.0249747 0 0 0 
0 0.460006 0 0 0 0.0203815 0 0 0 
0 0.484782 0 0 0 0.016415 0 0 0 
0 0.508527 0 0 0 0.0130569 0 0 0 
0 0.531566 0 0 0 0.011251 0 0 0 
0 0.553847 0 0 0 0.0105274 0 0 0 
0 0.575433 0 0 0 0.010151 0 0 0 
0 0.596614 0 0 0 0.00844259 0 0 0 
0 0.61751 0 0 0 0.00261983 0 0 0 
0 0.637841 0 0 0 0 0 0 0 
0 0.657796 0 0 0 0 0 0 0 
0 0.677454 0 0 0 0 0 0 0 
0 0.696495 0 0 0 0 0 0 0 
0 0.714581 0 0 0 0 0 0 0 
0 0.731573 0 0 0 0 0 0 0 
0 0.747923 0 0 0 0 0 0 0 
0 0.763166 0 0 0 0 0 0 0 
0 0.777186 0 0 0 0 0 0 0 
0 0.789781 0 0 0 0 0 0 0 
0 0.800734 0 0 0 0 0 0 0 
0 0.810579 0 0 0 0 0 0 0 
0 0.81956 0 0 0 0 0 0 0 
0 0.827145 0 0 0 0 0 0 0 
0 0.833709 0 0 0 0 0 0 0 
0 0.839798 0 0 0 0 0 0 0 
0 0.845166 0 0 0 0 0 0 0 
0 0.850163 0 0 0 0 0 0 0 
0 0.854274 0 0 0 0 0 0 0 
0 0.858591 0 0 0 0 0 0 0 
0 0.863216 0 0 0 0 0 0 0 
0 0.867577 0 0 0 0 0 0 0 
0 0.87163 0 0 0 0 0 0 0 
0 0.875289 0 0 0 0 0 0 0 
0 0.878595 0 0 0 0 0 0 0 
0 0.881535 0 0 0 0 0 0 0 
0 0.883412 0 0 0 0 0 0 0 
0 0.885193 0 0 0 0 0 0 0 
0 0.886064 0 0 0 0 0 0 0 
0 0.886384 0 0 0 0 0 0 0 
0 0.886575 0 0 0 0 0 0 0 
0 0.885887 0 0 0 0 0 0 0 
0 0.884562 0 0 0 0 0 0 0 
0 0.882432 0 0 0 0 0 0 0 
0 0.879526 0 0 0 0 0 0 0 
0 0.876162 0 0 0 0 0 0 0 
0 0.87246 0 0 0 0 0 0 0 
0 0.868128 0 0 0 0 0 0 0 
0 0.863469 0 0 0 0 0 0 0 
0 0.858375 0 0 0 0 0 0 0 
0 0.853008 0 0 0 0 0 0 0 
0 0.847326 0 0 0 0 0 0 0 
0 0.841307 0 0 0 0 0 0 0 
0 0.83494 0 0 0 0 0 0 0 
0 0.828155 0 0 0 0 0 0 0 
0 0.820938 0 0 0 0 0 0 0 
0 0.813272 0 0 0 0 0 0 0 
0 0.805027 0 0 0 0 0 0 0 
0 0.796138 0 0 0 0 0 0 0 
0 0.786652 0 0 0 0 0 0 0 
0 0.776605 0 0 0 0 0 0 0 
0 0.765931 0 0 0 0 0 0 0 
0 0.754678 0 0 0 0 0 0 0 
0 0.743213 0 0 0 0 0 0 0 
0 0.731899 0 0 0 0 0 0 0 
0 0.720996 0 0 0 0 0 0 0 
0 0.710579 0 0 0 0 0 0 0 
0 0.70071 0 0 0 0 0 0 0 
0 0.691642 0 0 0 0 0 0 0 
0 0.683222 0 0 0 0 0 0 0 
0 0.676397 0 0 0 0 0 0 0 
0 0.669939 0 0 0 0 0 0 0 
0 0.66331 0 0 0 0 0 0 0 
0 0.657035 0 0 0 0 0 0 0 
0 0.651349 0 0 0 0 0 0 0 
0 0.646743 0 0 0 0 0 0 0 
0 0.642607 0 0 0 0 0 0 0 
0 0.637201 0 0 0 0 0 0 0 
0 0.631631 0 0 0 0 0 0 0 
0 0.625632 0 0 0 0 0 0 0 
0 0.619918 0 0 0 0 0 0 0 
0 0.613721 0 0 0 0 0 0 0 
0 0.607023 0 0 0 0 0 0 0 
0 0.600269 0 0 0 0 0 0 0 
0 0.593775 0 0 0 0 0 0 0 
0 0.586766 0 0 0 0 0 0 0 
0 0.580578 0 0 0 0 0 0 0 
0 0.572949 0 0 0 0 0 0 0 
0 0.563757 0 0 0 0 0 0 0 
0 0.556242 0 0 0 0 0 0 0 
0 0.546881 0 0 0 0 0 0 0 
0 0.536073 0 0 0 0 0 0 0 
0 0.525222 0 0 0 0 0 0 0 
0 0.513342 0 0 0 0 0 0 0 
0 0.501195 0 0 0 0 0 0 0 
0 0.489673 0 0 0 0 0 0 0 
0 0.476 0 0 0 0 0 0 0 
0 0.464066 0 0 0 0 0 0 0 
0 0.454441 0 0 0 0 0 0 0 
0 0.445233 0 0 0 0 0 0 0 
0 0.435564 0 0 0 0 0 0 0 
0 0.427127 0 0 0 0 0 0 0 
0 0.419288 0 0 0 0 0 0 0 
0 0.412568 0 0 0 0 0 0 0 
0 0.405898 0 0 0 0 0 0 0 
0 0.399568 0 0 0 0 0 0 0 
0 0.393529 0 0 0 0 0 0 0 
0 0.386842 0 0 0 0 0 0 0 
0 0.379214 0 0 0 0 0 0 0 
0 0.370469 0 0 0 0 0 0 0 
0 0.36102 0 0 0 0 0 0 0 
0 0.349898 0 0 0 0 0 0 0 
0 0.336466 0 0 0 0 0 0 0 
0 0.321719 0 0 0 0 0 0 0 
0 0.305254 0 0 0 0 0 0 0 
0 0.288812 0 0 0 0 0 0 0 
0 0.269348 0 0 0 0 0 0 0 
0 0.248613 0 0 0 0 0 0 0 
0 0.226437 0 0 0 0 0 0 0 
0 0.2021 0 0 0 0 0 0 0 
0 0.176595 0 0 0 0 0 2.90403e-05 0 
0 0.150331 0 0 0 0 0 0.092949 0 
0 0.122947 0 0 0 0 0 0.130811 0 
0 0.0932848 0 0 0 0 0 0.103288 0 
0 0.063987 0 0 0 0 0 0.127384 0 
0 0.0334931 0 0 0 0 0 0.0951796 0 
0 0.00299993 0 0 0 0 0 0.0427393 0 
0 0 0 0 0 0 0 0.0131931 0 
0 0 0 0 0 0 0 0 0 
0 0 0 0 0 0 0 0 0 
0 0 0 0 0 0 0 0 0 
0 0 0 0 0 0 0 0 0 
0 0 0 0 0 0 0 0 0 
0 0 0 0 0 0 0 0 0.125502 
0 0 0 0 0 0 0 0 0.2717 
0 0 0 0 0 0 0 0 0.402249 
0 0 0 0 0 0 0 0 0.487055 
0 0 0 0 0 0 0 0 0.5437 
0.0642533 0 0 0 0 0 0 0 0.603874 
0.187769 0 0 0 0 0 0 0 0.643786 
0.273391 0 0 0 0 0 0 0 0.678493 
0.337857 0 0 0 0 0 0 0 0.704499 
0.3967 0 0 0 0 0 0 0 0.731938 
0.422106 0 0 0 0 0 0 0 0.747148 
0.440868 0 0 0 0 0 0 0 0.75666 
0.455735 0 0 0 0 0 0 0 0.763842 
0.461983 0 0 0 0 0 0 0 0.76455 
0.46188 0 0 0 0 0 0 0 0.762174 
0.462528 0 0 0 0 0 0 0 0.758808 
0.464105 0 0 0 0 0 0 0 0.753943 
0.466824 0 0 0 0 0 0 0 0.748834 
0.471773 0 0 0 0 0 0 0 0.742973 
0.479491 0 0 0 0 0 0 0 0.737418 
0.488528 0 0 0 0 0 0 0 0.729488 
0.493834 0 0 0 0 0 0 0 0.721272 
0.493296 0 0 0 0 0 0 0 0.719842 
0.497108 0 0 0 0 0 0 0 0.721379 
0.532854 0 0 0 0 0 0 0 0.731549 
0.564077 0 0 0 0 0 0 0 0.737484 
0.593735 0 0 0 0 0 0 0 0.748379 
0.614042 0 0 0 0 0 0 0 0.753591 
0.625432 0 0 0 0 0 0 0 0.75815 
0.629983 0 0 0 0 0 0 0 0.762008 
0.628201 0 0 0 0 0 0 0 0.760248 
0.624807 0 0 0 0 0 0 0 0.7578 
0.624322 0 0 0 0 0 0 0 0.761054 
0.630399 0 0 0 0 0 0 0 0.770952 
0.639848 0 0 0 0 0 0 0 0.786724 
0.642022 0 0 0 0 0 0 0 0.797756 
0.638208 0 0 0 0 0 0 0 0.800799 
0.633793 0 0 0 0 0 0 0 0.799212 
0.628906 0 0 0 0 0 0 0 0.799204 
0.624434 0 0 0 0 0 0 0 0.799807 
0.620456 0 0 0 0 0 0 0 0.799675 
0.616632 0 0 0 0 0 0 0 0.799032 
0.61339 0 0 0 0 0 0 0 0.798295 
0.609748 0 0 0 0 0 0 0 0.797713 
0.606135 0 0 0 0 0 0 0 0.796208 
0.604556 0 0 0 0 0 0 0 0.793683 
0.602217 0 0 0 0 0 0 0 0.7916 
0.602089 0 0 0 0 0 0 0 0.789 
0.60231 0 0 0 0 0 0 0 0.786707 
0.602147 0 0 0 0 0 0 0 0.784893 
0.602167 0 0 0 0 0 0 0 0.782787 
0.601885 0 0 0 0 0 0 0 0.780631 
0.600998 0 0 0 0 0 0 0 0.778276 
0.601203 0 0 0 0 0 0 0 0.776775 
0.601699 0 0 0 0 0 0 0 0.775157 
0.603821 0 0 0 0 0 0 0 0.774021 
0.606459 0 0 0 0 0 0 0 0.773198 
0.611667 0 0 0 0 0 0 0 0.772576 
0.618034 0 0 0 0 0 0 0 0.772158 
0.623674 0 0 0 0 0 0 0 0.771514 
0.62723 0 0 0 0 0 0 0 0.77089 
0.63041 0 0 0 0 0 0 0 0.770246 
0.632604 0 0 0 0 0 0 0 0.769496 
0.634593 0 0 0 0 0 0 0 0.76847 
0.636797 0 0 0 0 0 0 0 0.767432 
0.639601 0 0 0 0 0 0 0 0.766172 
0.640892 0 0 0 0 0 0 0 0.764464 
0.641207 0 0 0 0 0 0 0 0.76303 
0.640636 0 0 0 0 0 0 0 0.761612 
0.639407 0 0 0 0 0 0 0 0.760269 
0.63659 0 0 0 0 0 0 0 0.758719 
0.633231 0 0 0 0 0 0 0 0.75807 
0.629194 0 0 0 0 0 0 0 0.757843 
0.625366 0 0 0 0 0 0 0 0.757879 
0.620822 0 0 0 0 0 0 0 0.757151 
0.614892 0 0 0 0 0 0 0 0.756922 
0.609825 0 0 0 0 0 0 0 0.756889 
0.605076 0 0 0 0 0 0 0 0.759963 
0.601188 0 0 0 0 0 0 0 0.762463 
0.602181 0 0 0 0 0 0 0 0.765364 
0.600175 0 0 0 0 0 0 0 0.765606 
0.597346 0 0 0 0 0 0 0 0.76591 
0.595711 0 0 0 0 0 0 0 0.766931 
0.594044 0 0 0 0 0 0 0 0.768231 
0.592041 0 0 0 0 0 0 0 0.7693 
0.592405 0 0 0 0 0 0 0 0.769498 
0.59462 0 0 0 0 0 0 0 0.768937 
0.596409 0 0 0 0 0 0 0 0.767264 
0.599018 0 0 0 0 0 0 0 0.766173 
0.602207 0 0 0 0 0 0 0 0.76614 
0.605258 0 0 0 0 0 0 0 0.766583 
0.608344 0 0 0 0 0 0 0 0.767154 
0.611655 0 0 0 0 0 0 0 0.767715 
0.615234 0 0 0 0 0 0 0 0.767782 
0.618708 0 0 0 0 0 0 0 0.769079 
0.621629 0 0 0 0 0 0 0 0.770935 
0.624385 0 0 0 0 0 0 0 0.773546 
0.628346 0 0 0 0 0 0 0 0.776164 
0.630045 0 0 0 0 0 0 0 0.776843 
0.632428 0 0 0 0 0 0 0 0.777979 
0.634927 0 0 0 0 0 0 0 0.779031 
0.636704 0 0 0 0 0 0 0 0.779349 
0.638568 0 0 0 0 0 0 0 0.780508 
0.642826 0 0 0 0 0 0 0 0.781954 
0.647227 0 0 0 0 0 0 0 0.783183 
0.650285 0 0 0 0 0 0 0 0.783879 
0.652585 0 0 0 0 0 0 0 0.784022 
0.654315 0 0 0 0 0 0 0 0.784466 
0.657965 0 0 0 0 0 0 0 0.785957 
0.662634 0 0 0 0 0 0 0 0.788166 
0.667569 0 0 0 0 0 0 0 0.790656 
0.671092 0 0 0 0 0 0 0 0.792684 
0.67328 0 0 0 0 0 0 0 0.794167 
0.674267 0 0 0 0 0 0 0 0.795632 
0.674271 0 0 0 0 0 0 0 0.796903 
0.674175 0 0 0 0 0 0 0 0.798026 
0.674343 0 0 0 0 0 0 0 0.799627 
0.675578 0 0 0 0 0 0 0 0.801705 
0.677406 0 0 0 0 0 0 0 0.803769 
0.679739 0 0 0 0 0 0 0 0.805544 
0.682881 0 0 0 0 0 0 0 0.807136 
0.68506 0 0 0 0 0 0 0 0.808294 
0.686749 0 0 0 0 0 0 0 0.809142 
0.688301 0 0 0 0 0 0 0 0.809735 
0.689741 0 0 0 0 0 0 0 0.810089 
