0 0.67625 0 0 0 0.483338 0 0 0 
0 0.671659 0 0 0 0.478629 0 0 0 
0 0.667001 0 0 0 0.471023 0 0 0 
0 0.662201 0 0 0 0.460788 0 0 0 
0 0.657207 0 0 0 0.446886 0 0 0 
0 0.652039 0 0 0 0.428515 0 0 0 
0 0.646764 0 0 0 0.404103 0 0 0 
0 0.641425 0 0 0 0.372082 0 0 0 
0 0.635934 0 0 0 0.329192 0 0 0 
0 0.630488 0 0 0 0.274205 0 0 0 
0 0.624979 0 0 0 0.204458 0 0.00248067 0 
0 0.619465 0 0 0 0.116365 0 0.06531 0 
0 0.614061 0 0 0 0.0111139 0 0.127558 0 
0 0.608692 0 0 0 0 0 0.190678 0 
0 0.603391 0 0 0 0 0 0.255256 0 
0 0.59809 0 0 0 0 0 0.31951 0 
0 0.592661 0 0 0 0 0 0.377739 0 
0 0.587104 0 0 0 0 0 0.434549 0 
0 0.581365 0 0 0 0 0 0.492258 0 
0 0.575443 0 0 0 0 0 0.547741 0 
0 0.569369 0 0 0 0 0 0.601289 0 
0 0.562994 0 0 0 0 0 0.647962 0 
0 0.556276 0 0 0 0 0 0.681676 0 
0 0.549405 0 0 0 0 0 0.709882 0 
0 0.542228 0 0 0 0 0 0.737894 0 
0 0.534708 0 0 0 0 0 0.761899 0 
0 0.526897 0 0 0 0 0 0.781967 0 
0 0.518709 0 0 0 0 0 0.798336 0 
0 0.510212 0 0 0 0 0 0.811038 0 
0 0.501608 0 0 0 0 0 0.821754 0 
0 0.492761 0 0 0 0 0 0.831745 0 
0 0.483788 0 0 0 0 0 0.840292 0 
0 0.474962 0 0 0 0 0 0.84795 0 
0 0.466046 0 0 0 0 0 0.855685 0 
0 0.45652 0 0 0 0 0 0.863881 0 
0 0.447194 0 0 0 0 0 0.872608 0 
0 0.43774 0 0 0 0 0 0.881328 0 
0 0.428374 0 0 0 0 0 0.890021 0 
0 0.417703 0 0 0 0 0 0.899141 0 
0 0.408265 0 0 0 0 0 0.909569 0 
0 0.399343 0 0 0 0 0 0.921364 0 
0 0.390541 0 0 0 0 0 0.932864 0 
0 0.381397 0 0 0 0 0 0.942732 0 
0 0.371715 0 0 0 0 0 0.950748 0 
0 0.362394 0 0 0 0 0 0.956702 0 
0 0.352572 0 0 0 0 0 0.961015 0 
0 0.342155 0 0 0 0 0 0.96383 0 
0 0.331195 0 0 0 0 0 0.96545 0 
0 0.319544 0 0 0 0 0 0.965996 0 
0 0.307217 0 0 0 0 0 0.965606 0.0205511 
0 0.294029 0 0 0 0 0 0.964026 0.0624188 
0 0.27932 0 0 0 0 0 0.961222 0.103301 
0 0.264387 0 0 0 0 0 0.957141 0.143073 
0 0.249322 0 0 0 0 0 0.951529 0.180714 
0 0.233169 0 0 0 0 0 0.944728 0.21723 
0 0.216744 0 0 0 0 0 0.937264 0.252191 
0 0.199553 0 0 0 0 0 0.929238 0.28445 
0 0.182238 0 0 0 0 0 0.920341 0.31377 
0 0.165431 0 0 0 0 0 0.911 0.341148 
0 0.147651 0 0 0 0 0 0.901429 0.366897 
0 0.129548 0 0 0 0 0 0.891447 0.393387 
0 0.11103 0 0 0 0 0 0.880478 0.419339 
0 0.0921472 0 0 0 0 0 0.867382 0.447873 
0 0.0729334 0 0 0 0 0 0.850499 0.478357 
0 0.0530845 0 0 0 0 0 0.827975 0.504327 
0 0.0341295 0 0 0 0 0 0.80182 0.536265 
0 0.0143925 0 0 0 0 0 0.768867 0.577572 
0 0 0 0 0 0 0 0.732817 0.619863 
0 0 0 0 0 0 0 0.690969 0.657664 
0 0 0 0 0 0 0 0.641313 0.689641 
0 0 0 0 0 0 0 0.580479 0.720015 
0 0 0 0 0 0 0 0.510499 0.748858 
0 0 0 0 0 0 0 0.429014 0.776871 
0.031676 0 0 0 0 0 0 0.335635 0.804642 
0.153276 0 0 0 0 0 0 0.229825 0.829683 
0.266369 0 0 0 0 0 0 0.114239 0.850287 
0.373293 0 0 0 0 0 0 0 0.867211 
0.47091 0 0 0 0 0 0 0 0.880391 
0.557368 0 0 0 0 0 0 0 0.892582 
0.624605 0 0 0 0 0 0 0 0.901678 
0.681758 0 0 0 0 0 0 0 0.909744 
0.72547 0 0 0 0 0 0 0 0.91638 
0.758028 0 0 0 0 0 0 0 0.921082 
0.78959 0 0 0 0 0 0 0 0.924304 
0.803591 0 0 0 0 0 0 0 0.925532 
0.813321 0 0 0 0 0 0 0 0.927106 
0.82259 0 0 0 0 0 0 0 0.928811 
0.828114 0 0 0 0 0 0 0 0.929291 
0.83469 0 0 0 0 0 0 0 0.929019 
0.840163 0 0 0 0 0 0 0 0.929418 
0.843289 0 0 0 0 0 0 0 0.930546 
0.8454 0 0 0 0 0 0 0 0.929346 
0.848115 0 0 0 0 0 0 0 0.932971 
0.85069 0 0 0 0 0 0 0 0.937409 
0.852865 0 0 0 0 0 0 0 0.939005 
0.85555 0 0 0 0 0 0 0 0.946778 
0.865201 0 0 0 0 0 0 0 0.95371 
0.868024 0 0 0 0 0 0 0 0.957825 
0.867792 0 0 0 0 0 0 0 0.959053 
0.867793 0 0 0 0 0 0 0 0.958615 
0.871446 0 0 0 0 0 0 0 0.956776 
0.873195 0 0 0 0 0 0 0 0.955438 
0.873512 0 0 0 0 0 0 0 0.952838 
0.874193 0 0 0 0 0 0 0 0.950748 
0.874108 0 0 0 0 0 0 0 0.948695 
0.872759 0 0 0 0 0 0 0 0.94813 
0.870489 0 0 0 0 0 0 0 0.949173 
0.866396 0 0 0 0 0 0 0 0.950559 
0.862325 0 0 0 0 0 0 0 0.951833 
0.857877 0 0 0 0 0 0 0 0.952235 
0.854891 0 0 0 0 0 0 0 0.950968 
0.852316 0 0 0 0 0 0 0 0.949017 
0.850187 0 0 0 0 0 0 0 0.946318 
0.848523 0 0 0 0 0 0 0 0.945284 
0.847386 0 0 0 0 0 0 0 0.944436 
0.846098 0 0 0 0 0 0 0 0.943532 
0.874176 0 0 0 0 0 0 0 0.956184 
0.876616 0 0 0 0 0 0 0 0.959793 
0.875729 0 0 0 0 0 0 0 0.962147 
0.878099 0 0 0 0 0 0 0 0.964999 
0.877982 0 0 0 0 0 0 0 0.965611 
0.884152 0 0 0 0 0 0 0 0.965092 
0.888623 0 0 0 0 0 0 0 0.964323 
0.890252 0 0 0 0 0 0 0 0.965423 
0.893105 0 0 0 0 0 0 0 0.966688 
0.894703 0 0 0 0 0 0 0 0.968183 
0.898556 0 0 0 0 0 0 0 0.968725 
0.902943 0 0 0 0 0 0 0 0.968811 
0.906968 0 0 0 0 0 0 0 0.968841 
0.911509 0 0 0 0 0 0 0 0.968501 
0.912221 0 0 0 0 0 0 0 0.968493 
0.912181 0 0 0 0 0 0 0 0.968938 
0.912106 0 0 0 0 0 0 0 0.968756 
0.911905 0 0 0 0 0 0 0 0.968778 
0.911683 0 0 0 0 0 0 0 0.968756 
0.911157 0 0 0 0 0 0 0 0.968735 
0.910372 0 0 0 0 0 0 0 0.96871 
0.909434 0 0 0 0 0 0 0 0.968478 
0.908685 0 0 0 0 0 0 0 0.968411 
0.907784 0 0 0 0 0 0 0 0.968247 
0.906816 0 0 0 0 0 0 0 0.968405 
0.906133 0 0 0 0 0 0 0 0.968485 
0.904895 0 0 0 0 0 0 0 0.968758 
0.903429 0 0 0 0 0 0 0 0.968958 
0.902472 0 0 0 0 0 0 0 0.969136 
0.901802 0 0 0 0 0 0 0 0.969235 
0.901495 0 0 0 0 0 0 0 0.969405 
0.901097 0 0 0 0 0 0 0 0.969473 
0.900636 0 0 0 0 0 0 0 0.969578 
0.900652 0 0 0 0 0 0 0 0.969425 
0.90037 0 0 0 0 0 0 0 0.969312 
0.899853 0 0 0 0 0 0 0 0.969112 
0.899319 0 0 0 0 0 0 0 0.969095 
0.899178 0 0 0 0 0 0 0 0.968951 
0.898617 0 0 0 0 0 0 0 0.968906 
0.897856 0 0 0 0 0 0 0 0.969096 
0.899031 0 0 0 0 0 0 0 0.969115 
0.899985 0 0 0 0 0 0 0 0.969107 
0.901282 0 0 0 0 0 0 0 0.969112 
0.901649 0 0 0 0 0 0 0 0.969318 
0.902012 0 0 0 0 0 0 0 0.96937 
0.902109 0 0 0 0 0 0 0 0.969345 
0.901948 0 0 0 0 0 0 0 0.969379 
0.901632 0 0 0 0 0 0 0 0.969454 
0.901142 0 0 0 0 0 0 0 0.969524 
0.900326 0 0 0 0 0 0 0 0.969523 
0.899691 0 0 0 0 0 0 0 0.969709 
