0 0 0 0 0 0 0.51195 0 0 
0 0 0 0 0 0 0.535279 0 0 
0 0 0 0 0 0 0.54751 0 0 
0 0 0 0 0 0 0.547996 0 0 
0 0 0 0 0 0 0.545956 0 0 
0 0 0 0 0 0 0.55468 0 0 
0 0 0 0 0 0 0.564865 0 0 
0 0 0 0 0 0 0.575981 0 0 
0 0 0 0 0 0 0.585437 0 0 
0 0 0 0 0 0 0.598321 0 0 
0 0 0 0 0 0 0.625933 0 0 
0 0 0 0 0 0 0.64656 0 0 
0 0 0 0 0 0 0.657662 0 0 
0 0 0 0 0 0 0.674662 0 0 
0 0 0 0 0 0 0.677016 0 0 
0 0 0 0 0 0 0.672223 0 0 
0 0 0 0 0 0 0.671162 0 0 
0 0 0 0 0 0 0.669843 0 0 
0 0 0 0 0 0 0.669693 0 0 
0 0 0 0 0 0 0.66964 0 0 
0 0 0 0 0 0 0.663296 0 0 
0 0 0 0 0 0 0.656238 0 0 
0 0 0 0 0 0 0.642211 0 0 
0 0 0 0 0 0 0.620941 0 0 
0 0 0 0 0 0 0.596194 0 0 
0 0 0 0 0 0 0.559823 0 0 
0 0 0 0 0 0 0.509481 0 0 
0 0 0 0 0 0 0.450742 0 0 
0 0 0 0 0 0 0.383871 0 0 
0 0 0 0 0 0 0.317976 0 0 
0 0 0 0 0 0 0.248973 0 0 
0 0 0 0 0 0 0.179465 0 0 
0 0 0 0 0 0 0.107661 0 0 
0 0 0 0 0 0 0.0346633 0 0 
0 0 0 0 0 0 0 0 0 
0 0 0 0 0 0 0 0 0 
0 0 0 0 0 0 0 0 0 
0 0 0 0 0 0 0 0 0 
0 0 0 0 0 0 0 0 0 
0 0 0 0 0 0 0 0 0 
0 0 0 0 0 0 0 0 0 
0 0 0 0 0 0 0 0 0 
0 0 0 0 0 0 0 0 0 
0 0 0 0 0 0 0 0 0 
0 0 0 0 0 0 0 0 0 
0 0 0 0 0 0 0 0 0 
0 0 0 0 0 0 0 0 0 
0 0 0 0 0 0 0 0 0 
0 0 0 0 0 0 0 0 0 
0 0 0 0 0 0 0 0 0 
0 0 0 0 0 0 0 0 0 
0 0 0 0 0 0.0813873 0 0 0 
0 0 0 0 0 0.177572 0 0 0 
0 0 0 0 0 0.252365 0 0 0 
0 0 0 0 0 0.316084 0 0 0 
0 0 0 0 0 0.364727 0 0 0 
0 0 0 0 0 0.399438 0 0 0 
0 0 0 0 0 0.43352 0 0 0 
0 0 0 0 0 0.477164 0 0 0 
0 0 0 0 0 0.484873 0 0 0 
0 0 0 0 0 0.482964 0 0 0 
0 0 0 0 0 0.485864 0 0 0 
0 0 0 0 0 0.490902 0 0 0 
0 0 0 0 0 0.490809 0 0 0 
0 0 0 0 0 0.491319 0 0 0 
0 0 0 0 0 0.488554 0 0 0 
0 0 0 0 0 0.487653 0 0 0 
0 0 0 0 0 0.485504 0 0 0 
0 0 0 0 0 0.48189 0 0 0 
0 0 0 0 0 0.483126 0 0 0 
0 0 0 0 0 0.481755 0 0 0 
0 0 0 0 0 0.480866 0 0 0 
0 0 0 0 0 0.484658 0 0 0 
0 0 0 0 0 0.491345 0 0 0 
0 0 0 0 0 0.49261 0 0 0 
0 0 0 0 0 0.493363 0 0 0 
0 0 0 0 0 0.491728 0 0 0 
0 0 0 0 0 0.489611 0 0 0 
0 0 0 0 0 0.488578 0 0 0 
0 0 0 0 0 0.485835 0 0 0 
0 0 0 0 0 0.486026 0 0 0 
0 0 0 0 0 0.494984 0 0 0 
0 0 0 0 0 0.498916 0 0 0 
0 0 0 0 0 0.497763 0 0 0 
0 0 0 0 0 0.500051 0 0 0 
0 0 0 0 0 0.505814 0 0 0 
0 0 0 0 0 0.509599 0 0 0 
0 0 0 0 0 0.514416 0 0 0 
0 0 0 0 0 0.519809 0 0 0 
0 0 0 0 0 0.518465 0 0 0 
0 0 0 0 0 0.514235 0 0 0 
0 0 0 0 0 0.520528 0 0 0 
0 0 0 0 0 0.522282 0 0 0 
0 0 0 0 0 0.532644 0 0 0 
0 0 0 0 0 0.549727 0 0 0 
0 0 0 0 0 0.563386 0 0 0 
0 0 0 0 0 0.5757 0 0 0 
0 0 0 0 0 0.590063 0 0 0 
0 0 0 0 0 0.597433 0 0 0 
0 0 0 0 0 0.61541 0 0 0 
0 0 0 0 0 0.64018 0 0 0 
0 0 0 0 0 0.676573 0 0 0 
0 0 0 0 0 0.691204 0 0 0 
0 0 0 0 0 0.696137 0 0 0 
0 0 0 0 0 0.687488 0 0 0 
0 0 0 0 0 0.684924 0 0 0 
0 0 0 0 0 0.686064 0 0 0 
0 0 0 0 0 0.692837 0 0 0 
0 0 0 0 0 0.685508 0 0 0 
0 0 0 0 0 0.676146 0 0 0 
0 0 0 0 0 0.668834 0 0 0 
0 0 0 0 0 0.660527 0 0 0 
0 0 0 0 0 0.653022 0 0 0 
0 0 0 0 0 0.651897 0 0 0 
0 0 0 0 0 0.646311 0 0 0 
0 0 0 0 0 0.639167 0 0 0 
0 0 0 0 0 0.630366 0 0 0 
0 0 0 0 0 0.625513 0 0 0 
0 0 0 0 0 0.620987 0 0 0 
0 0 0 0 0 0.620171 0 0 0 
0 0 0 0 0 0.614318 0 0 0 
0 0 0 0 0 0.612839 0 0 0 
0 0 0 0 0 0.608681 0 0 0 
0 0 0 0 0 0.608974 0 0 0 
0 0 0 0 0 0.609734 0 0 0 
0 0 0 0 0 0.612584 0 0 0 
0 0 0 0 0 0.612743 0 0 0 
0 0 0 0 0 0.611936 0 0 0 
0 0 0 0 0 0.611109 0 0 0 
0 0 0 0 0 0.610129 0 0 0 
0 0 0 0 0 0.609258 0 0 0 
0 0 0 0 0 0.609252 0 0 0 
0 0 0 0 0 0.60919 0 0 0 
0 0 0 0 0 0.609047 0 0 0 
0 0 0 0 0 0.609404 0 0 0 
0 0 0 0 0 0.609808 0 0 0 
0 0 0 0 0 0.610305 0 0 0 
0 0 0 0 0 0.610059 0 0 0 
0 0 0 0 0 0.614413 0 0 0 
0 0 0 0 0 0.614888 0 0 0 
0 0 0 0 0 0.614566 0 0 0 
0 0 0 0 0 0.618279 0 0 0 
0 0 0 0 0 0.618688 0 0 0 
0 0 0 0 0 0.619861 0 0 0 
0 0 0 0 0 0.618956 0 0 0 
0 0 0 0 0 0.617847 0 0 0 
0 0 0 0 0 0.618135 0 0 0 
0 0 0 0 0 0.618421 0 0 0 
0 0 0 0 0 0.618588 0 0 0 
0 0 0 0 0 0.618549 0 0 0 
0 0 0 0 0 0.618518 0 0 0 
0 0 0 0 0 0.618467 0 0 0 
0 0 0 0 0 0.619081 0 0 0 
0 0 0 0 0 0.619382 0 0 0 
0 0 0 0 0 0.618917 0 0 0 
0 0 0 0 0 0.619393 0 0 0 
0 0 0 0 0 0.619716 0 0 0 
0 0 0 0 0 0.619954 0 0 0 
0 0 0 0 0 0.620168 0 0 0 
0 0 0 0 0 0.619973 0 0 0 
0 0 0 0 0 0.6201 0 0 0 
0 0 0 0 0 0.620384 0 0 0 
0 0 0 0 0 0.620374 0 0 0 
0 0 0 0 0 0.620677 0 0 0 
0 0 0 0 0 0.620431 0 0 0 
0 0 0 0 0 0.619948 0 0 0 
0 0 0 0 0 0.618646 0 0 0 
0 0 0 0 0 0.618194 0 0 0 
0 0 0 0 0 0.619244 0 0 0 
0 0 0 0 0 0.61916 0 0 0 
0 0 0 0 0 0.619527 0 0 0 
0 0 0 0 0 0.620037 0 0 0 
0 0 0 0 0 0.621049 0 0 0 
0 0 0 0 0 0.621672 0 0 0 
0 0 0 0 0 0.622983 0 0 0 
0 0 0 0 0 0.624988 0 0 0 
0 0 0 0 0 0.626019 0 0 0 
0 0 0 0 0 0.627023 0 0 0 
0 0 0 0 0 0.627276 0 0 0 
0 0 0 0 0 0.627947 0 0 0 
0 0 0 0 0 0.627776 0 0 0 
0 0 0 0 0 0.627956 0 0 0 
0 0 0 0 0 0.627519 0 0 0 
0 0 0 0 0 0.626858 0 0 0 
0 0 0 0 0 0.626488 0 0 0 
0 0 0 0 0 0.625873 0 0 0 
0 0 0 0 0 0.625133 0 0 0 
0 0 0 0 0 0.624553 0 0 0 
0 0 0 0 0 0.623657 0 0 0 
0 0 0 0 0 0.622349 0 0 0 
0 0 0 0 0 0.621502 0 0 0 
0 0 0 0 0 0.620954 0 0 0 
0 0 0 0 0 0.620681 0 0 0 
0 0 0 0 0 0.620594 0 0 0 
0 0 0 0 0 0.620594 0 0 0 
0 0 0 0 0 0.620624 0 0 0 
0 0 0 0 0 0.620394 0 0 0 
0 0 0 0 0 0.620182 0 0 0 
0 0 0 0 0 0.619995 0 0 0 
0 0 0 0 0 0.620127 0 0 0 
0 0 0 0 0 0.620365 0 0 0 
0 0 0 0 0 0.620284 0 0 0 
0 0 0 0 0 0.619874 0 0 0 
0 0 0 0 0 0.619762 0 0 0 
0 0 0 0 0 0.619739 0 0 0 
0 0 0 0 0 0.61937 0 0 0 
0 0 0 0 0 0.619146 0 0 0 
0 0 0 0 0 0.618634 0 0 0 
0 0 0 0 0 0.618244 0 0 0 
0 0 0 0 0 0.617777 0 0 0 
0 0 0 0 0 0.617679 0 0 0 
0 0 0 0 0 0.617757 0 0 0 
0 0 0 0 0 0.617553 0 0 0 
