0 0.569063 0 0 0 0.134167 0 0 0 
0 0.58773 0 0 0 0.117762 0 0 0 
0 0.604064 0 0 0 0.0967853 0 0 0 
0 0.618119 0 0 0 0.0713498 0 0 0 
0 0.630432 0 0 0 0.0441443 0 0 0 
0 0.641383 0 0 0 0.00926534 0 0 0 
0 0.651111 0 0 0 0 0 0 0 
0 0.659659 0 0 0 0 0 0 0 
0 0.667304 0 0 0 0 0 0 0 
0 0.674136 0 0 0 0 0 0 0 
0 0.680122 0 0 0 0 0 0 0 
0 0.685208 0 0 0 0 0 0 0 
0 0.689744 0 0 0 0 0 0 0 
0 0.693845 0 0 0 0 0 0 0 
0 0.697292 0 0 0 0 0 0 0 
0 0.31853 0 0 0 0 0 0 0 
0 0.320921 0 0 0 0 0 0 0 
0 0.704074 0 0 0 0 0 0 0 
0 0.705449 0 0 0 0 0 0 0 
0 0.706448 0 0 0 0 0 0 0 
0 0.707302 0 0 0 0 0 0 0 
0 0.707974 0 0 0 0 0 0 0 
0 0.708479 0 0 0 0 0 0 0 
0 0.708885 0 0 0 0 0 0 0 
0 0.709201 0 0 0 0 0 0 0 
0 0.709356 0 0 0 0 0 0 0 
0 0.70917 0 0 0 0 0 0 0 
0 0.708724 0 0 0 0 0 0 0 
0 0.70805 0 0 0 0 0 0 0 
0 0.707079 0 0 0 0 0 0 0 
0 0.705919 0 0 0 0 0 0 0 
0 0.704525 0 0 0 0 0 0 0 
0 0.702862 0 0 0 0 0 0 0 
0 0.701046 0 0 0 0 0 0 0 
0 0.698881 0 0 0 0 0 0 0 
0 0.696465 0 0 0 0 0 0 0 
0 0.693764 0 0 0 0 0 0 0 
0 0.690622 0 0 0 0 0 0 0 
0 0.687248 0 0 0 0 0 0 0 
0 0.683698 0 0 0 0 0 0 0 
0 0.679842 0 0 0 0 0 0 0 
0 0.675709 0 0 0 0 0 0 0 
0 0.671309 0 0 0 0 0 0 0 
0 0.666519 0 0 0 0 0 0 0 
0 0.661605 0 0 0 0 0 0 0 
0 0.656512 0 0 0 0 0 0 0 
0 0.651222 0 0 0 0 0 0 0 
0 0.645765 0 0 0 0 0 0 0 
0 0.640347 0 0 0 0 0 0 0 
0 0.634924 0 0 0 0 0 0 0 
0 0.629118 0 0 0 0 0 0 0 
0 0.622975 0 0 0 0 0 0 0 
0 0.616277 0 0 0 0 0 0 0 
0 0.608982 0 0 0 0 0 0 0 
0 0.600793 0 0 0 0 0 0 0 
0 0.591391 0 0 0 0 0 0 0 
0 0.580649 0 0 0 0 0 0 0 
0 0.568755 0 0 0 0 0 0 0 
0 0.555961 0 0 0 0 0 0 0 
0 0.542407 0 0 0 0 0 0 0 
0 0.528533 0 0 0 0 0 0 0 
0 0.514722 0 0 0 0 0 0 0 
0 0.500219 0 0 0 0 0 0 0 
0 0.484599 0 0 0 0 0 0 0 
0 0.468818 0 0 0 0 0 0 0 
0 0.45263 0 0 0 0 0 0 0 
0 0.435459 0 0 0 0 0 0 0 
0 0.41858 0 0 0 0 0 0 0 
0 0.401621 0 0 0 0 0 0 0 
0 0.384711 0 0 0 0 0 0 0 
0 0.367372 0 0 0 0 0 0 0 
0 0.348851 0 0 0 0 0 0 0 
0 0.330287 0 0 0 0 0 0 0 
0 0.312022 0 0 0 0 0 0 0 
0 0.296055 0 0 0 0 0 0 0 
0 0.280656 0 0 0 0 0 0 0 
0 0.264619 0 0 0 0 0 0 0 
0 0.247357 0 0 0 0 0 0 0 
0 0.231433 0 0 0 0 0 0 0 
0 0.216547 0 0 0 0 0 0 0 
0 0.200407 0 0 0 0 0 0 0 
0 0.183474 0 0 0 0 0 0 0 
0 0.16897 0 0 0 0 0 0 0 
0 0.151571 0 0 0 0 0 0 0 
0 0.13485 0 0 0 0 0 0 0 
0 0.119213 0 0 0 0 0 0 0 
0 0.103282 0 0 0 0 0 0 0 
0 0.0851468 0 0 0 0 0 0 0 
0 0.0661377 0 0 0 0 0 0 0 
0 0.0466664 0 0 0 0 0 0 0 
0 0.0275909 0 0 0 0 0 0 0 
0 0.0080744 0 0 0 0 0 0 0 
0 0 0 0 0 0 0 0 0 
0 0 0 0 0 0 0 0 0 
0 0 0 0 0 0 0 0 0 
0 0 0 0 0 0 0 0 0 
0 0 0 0 0 0 0 0 0 
0 0 0 0 0 0 0 0 0 
0 0 0 0 0 0 0 0 0 
0 0 0 0 0 0 0 0 0 
0 0 0 0 0 0 0 0 0 
0 0 0 0 0 0 0 0 0 
0 0 0 0 0 0 0 0 0 
0 0 0 0 0 0 0 0 0 
0 0 0 0 0 0 0 0 0 
0 0 0 0 0 0 0 0 0 
0 0 0 0 0 0 0 0.045315 0 
0 0 0 0 0 0 0 0.0874922 0 
0 0 0 0 0 0 0 0.143668 0 
0 0 0 0 0 0 0 0.188997 0 
0 0 0 0 0 0 0 0.219124 0 
0 0 0 0 0 0 0 0.197765 0.00978492 
0 0 0 0 0 0 0 0.168124 0.087274 
0 0 0 0 0 0 0 0.103562 0.140505 
0 0 0 0 0 0 0 0.0250809 0.18952 
0 0 0 0 0 0 0 0 0.229213 
0 0 0 0 0 0 0 0 0.259247 
0 0 0 0 0 0 0 0 0.292296 
0 0 0 0 0 0 0 0 0.327669 
0 0 0 0 0 0 0 0 0.350643 
0 0 0 0 0 0 0 0 0.368795 
0 0 0 0 0 0 0 0 0.381042 
0 0 0 0 0 0 0 0 0.393595 
0 0 0 0 0 0 0 0 0.411013 
0 0 0 0 0 0 0 0 0.418519 
0 0 0 0 0 0 0 0 0.427575 
0 0 0 0 0 0 0 0 0.43747 
0 0 0 0 0 0 0 0 0.456497 
0 0 0 0 0 0 0 0 0.454781 
0 0 0 0 0 0 0 0 0.458409 
0 0 0 0 0 0 0 0 0.463373 
0 0 0 0 0 0 0 0 0.465327 
0 0 0 0 0 0 0 0 0.463421 
0 0 0 0 0 0 0 0 0.464494 
0 0 0 0 0 0 0 0 0.464882 
0 0 0 0 0 0 0 0 0.467769 
0 0 0 0 0 0 0 0 0.473002 
0 0 0 0 0 0 0 0 0.475072 
0 0 0 0 0 0 0 0 0.473266 
0 0 0 0 0 0 0 0 0.476273 
0 0 0 0 0 0 0 0 0.483601 
0.0587991 0 0 0 0 0 0 0 0.500553 
0.127731 0 0 0 0 0 0 0 0.525899 
0.176784 0 0 0 0 0 0 0 0.553373 
0.21236 0 0 0 0 0 0 0 0.591342 
0.253745 0 0 0 0 0 0 0 0.649422 
0.274564 0 0 0 0 0 0 0 0.697794 
0.285504 0 0 0 0 0 0 0 0.74371 
0.29308 0 0 0 0 0 0 0 0.778838 
0.29448 0 0 0 0 0 0 0 0.797378 
0.292727 0 0 0 0 0 0 0 0.804746 
0.299184 0 0 0 0 0 0 0 0.818502 
0.296955 0 0 0 0 0 0 0 0.833305 
0.296232 0 0 0 0 0 0 0 0.851887 
0.29352 0 0 0 0 0 0 0 0.865534 
0.293408 0 0 0 0 0 0 0 0.874803 
0.299486 0 0 0 0 0 0 0 0.881248 
0.310037 0 0 0 0 0 0 0 0.884868 
0.327629 0 0 0 0 0 0 0 0.887484 
0.349946 0 0 0 0 0 0 0 0.888401 
0.376077 0 0 0 0 0 0 0 0.887978 
0.404654 0 0 0 0 0 0 0 0.884975 
0.441652 0 0 0 0 0 0 0 0.880811 
0.479705 0 0 0 0 0 0 0 0.870484 
0.518581 0 0 0 0 0 0 0 0.866348 
0.56376 0 0 0 0 0 0 0 0.868345 
0.603168 0 0 0 0 0 0 0 0.866254 
0.644871 0 0 0 0 0 0 0 0.871325 
0.691218 0 0 0 0 0 0 0 0.882497 
0.734866 0 0 0 0 0 0 0 0.88954 
0.771091 0 0 0 0 0 0 0 0.894707 
0.819292 0 0 0 0 0 0 0 0.905998 
0.866554 0 0 0 0 0 0 0 0.917959 
0.902438 0 0 0 0 0 0 0 0.931077 
0.924425 0 0 0 0 0 0 0 0.940606 
0.939214 0 0 0 0 0 0 0 0.947263 
0.950376 0 0 0 0 0 0 0 0.952594 
0.950855 0 0 0 0 0 0 0 0.953483 
0.955133 0 0 0 0 0 0 0 0.955998 
0.961462 0 0 0 0 0 0 0 0.962218 
0.967463 0 0 0 0 0 0 0 0.969193 
0.970155 0 0 0 0 0 0 0 0.973752 
0.969621 0 0 0 0 0 0 0 0.974599 
0.969133 0 0 0 0 0 0 0 0.974816 
0.968471 0 0 0 0 0 0 0 0.973521 
0.968042 0 0 0 0 0 0 0 0.973009 
0.967658 0 0 0 0 0 0 0 0.972704 
0.966877 0 0 0 0 0 0 0 0.971471 
0.967916 0 0 0 0 0 0 0 0.972468 
0.969333 0 0 0 0 0 0 0 0.973851 
0.97019 0 0 0 0 0 0 0 0.974746 
0.970515 0 0 0 0 0 0 0 0.975195 
0.970772 0 0 0 0 0 0 0 0.975593 
0.971473 0 0 0 0 0 0 0 0.975971 
0.971653 0 0 0 0 0 0 0 0.975803 
0.971564 0 0 0 0 0 0 0 0.974583 
0.970582 0 0 0 0 0 0 0 0.972655 
0.970342 0 0 0 0 0 0 0 0.971686 
0.970505 0 0 0 0 0 0 0 0.971988 
0.970177 0 0 0 0 0 0 0 0.971197 
0.969849 0 0 0 0 0 0 0 0.970433 
0.969523 0 0 0 0 0 0 0 0.969649 
0.969062 0 0 0 0 0 0 0 0.968582 
0.96798 0 0 0 0 0 0 0 0.967277 
0.967305 0 0 0 0 0 0 0 0.967093 
0.966626 0 0 0 0 0 0 0 0.966773 
0.965451 0 0 0 0 0 0 0 0.966195 
0.964213 0 0 0 0 0 0 0 0.96542 
0.96302 0 0 0 0 0 0 0 0.964687 
0.962129 0 0 0 0 0 0 0 0.963535 
0.960788 0 0 0 0 0 0 0 0.961505 
0.960201 0 0 0 0 0 0 0 0.961086 
0.960181 0 0 0 0 0 0 0 0.961678 
0.959746 0 0 0 0 0 0 0 0.96129 
0.960723 0 0 0 0 0 0 0 0.960723 
0.961406 0 0 0 0 0 0 0 0.960148 
0.961907 0 0 0 0 0 0 0 0.959706 
0.96227 0 0 0 0 0 0 0 0.959452 
0.962784 0 0 0 0 0 0 0 0.958948 
0.963167 0 0 0 0 0 0 0 0.958954 
