0 0.0493799 0 0 0 0 0 0 0 
0 0.0924608 0 0 0 0 0 0 0 
0 0.133421 0 0 0 0 0 0 0 
0 0.17157 0 0 0 0 0 0 0 
0 0.206943 0 0 0 0 0 0 0 
0 0.238986 0 0 0 0 0 0 0 
0 0.267893 0 0 0 0 0 0 0 
0 0.293459 0 0 0 0 0 0 0 
0 0.316028 0 0 0 0 0 0 0 
0 0.336235 0 0 0 0 0 0 0 
0 0.353497 0 0 0 0 0 0 0 
0 0.368234 0 0 0 0 0 0 0 
0 0.38055 0 0 0 0 0 0 0 
0 0.390535 0 0 0 0 0 0 0 
0 0.398652 0 0 0 0 0 0 0 
0 0.405292 0 0 0 0 0 0 0 
0 0.410572 0 0 0 0 0 0 0 
0 0.414792 0 0 0 0 0 0 0 
0 0.418139 0 0 0 0 0 0 0 
0 0.42042 0 0 0 0 0 0 0 
0 0.421764 0 0 0 0 0 0 0 
0 0.422052 0 0 0 0 0 0 0 
0 0.421444 0 0 0 0 0 0 0 
0 0.419503 0 0 0 0 0 0 0 
0 0.416656 0 0 0 0 0 0 0 
0 0.413174 0 0 0 0 0 0 0 
0 0.408837 0 0 0 0 0 0 0 
0 0.404164 0 0 0 0 0 0 0 
0 0.399388 0 0 0 0 0 0 0 
0 0.394638 0 0 0 0 0 0 0 
0 0.390067 0 0 0 0 0 0 0 
0 0.385703 0 0 0 0 0 0 0 
0 0.381462 0 0 0 0 0 0 0 
0 0.377406 0 0 0 0 0 0 0 
0 0.373664 0 0 0 0 0 0 0 
0 0.370323 0 0 0 0 0 0 0 
0 0.367686 0 0 0 0 0 0 0 
0 0.365707 0 0 0 0 0 0 0 
0 0.365308 0 0 0 0 0 0 0 
0 0.364918 0 0 0 0 0 0 0 
0 0.363622 0 0 0 0 0 0 0 
0 0.364138 0 0 0 0 0 0 0 
0 0.362118 0 0 0 0 0 0 0 
0 0.358449 0 0 0 0 0 0 0 
0 0.35555 0 0 0 0 0 0 0 
0 0.35147 0 0 0 0 0 0 0 
0 0.347539 0 0 0 0 0 0 0 
0 0.34628 0 0 0 0 0 0 0 
0 0.34412 0 0 0 0 0 0 0 
0 0.3427 0 0 0 0 0 0 0 
0 0.342592 0 0 0 0 0 0 0 
0 0.342675 0 0 0 0 0 0 0 
0 0.343005 0 0 0 0 0 0 0 
0 0.342165 0 0 0 0 0 0 0 
0 0.340708 0 0 0 0 0 0 0 
0 0.337637 0 0 0 0 0 0 0 
0 0.335081 0 0 0 0 0 0 0 
0 0.331785 0 0 0 0 0 0 0 
0 0.327462 0 0 0 0 0 0 0 
0 0.322017 0 0 0 0 0 0 0 
0 0.314109 0 0 0 0 0 0 0 
0 0.307566 0 0 0 0 0 0 0 
0 0.301022 0 0 0 0 0 0 0 
0 0.293717 0 0 0 0 0 0 0 
0 0.28456 0 0 0 0 0 0 0 
0 0.274802 0 0 0 0 0 0 0 
0 0.264643 0 0 0 0 0 0 0 
0 0.253461 0 0 0 0 0 0 0 
0 0.241741 0 0 0 0 0 0 0 
0 0.229419 0 0 0 0 0 0 0 
0 0.216574 0 0 0 0 0 0 0 
0 0.20338 0 0 0 0 0 0 0 
0 0.189606 0 0 0 0 0 0 0 
0 0.175389 0 0 0 0 0 0 0 
0 0.160547 0 0 0 0 0 0 0 
0 0.144925 0 0 0 0 0 0 0 
0 0.12849 0 0 0 0 0 0 0 
0 0.111408 0 0 0 0 0 0 0 
0 0.0938535 0 0 0 0 0 0 0 
0 0.076046 0 0 0 0 0 0 0 
0 0.0577051 0 0 0 0 0 0 0 
0 0.038922 0 0 0 0 0 0 0 
0 0.020021 0 0 0 0 0 0 0 
0 0.000883345 0 0 0 0 0 0 0 
0 0 0 0 0 0 0 0 0 
0 0 0 0 0 0 0 0 0 
0 0 0 0 0 0 0 0 0 
0 0 0 0 0 0 0 0 0 
0 0 0 0 0 0 0 0 0 
0 0 0 0 0 0 0 0 0 
0 0 0 0 0 0 0 0 0 
0 0 0 0 0 0 0 0 0 
0 0 0 0 0 0 0 0 0 
0 0 0 0 0 0 0 0 0 
0 0 0 0 0 0 0 0 0 
0 0 0 0 0 0 0 0 0 
0 0 0 0 0 0 0 0 0 
0 0 0 0 0 0 0 0 0 
0 0 0 0 0 0 0 0 0 
0 0 0 0 0 0 0 0 0 
0 0 0 0 0 0 0 0 0 
0 0 0 0 0 0 0 0 0 
0 0 0 0 0 0 0 0 0 
0 0 0 0 0 0 0 0 0 
0 0 0 0 0 0 0 0 0 
0 0 0 0 0 0 0 0 0 
0 0 0 0 0 0 0 0 0 
0 0 0 0 0 0 0 0 0 
0 0 0 0 0 0 0 0 0 
0 0 0 0 0 0 0 0 0 
0 0 0 0 0 0 0 0 0 
0 0 0 0 0 0 0 0 0 
0 0 0 0 0 0 0 0 0.0206897 
0 0 0 0 0 0 0 0 0.0648234 
0 0 0 0 0 0 0 0 0.112546 
0 0 0 0 0 0 0 0 0.150949 
0 0 0 0 0 0 0 0 0.188734 
0 0 0 0 0 0 0 0 0.208313 
0 0 0 0 0 0 0 0 0.221806 
0 0 0 0 0 0 0 0 0.234851 
0 0 0 0 0 0 0 0 0.246723 
0 0 0 0 0 0 0 0 0.257041 
0 0 0 0 0 0 0 0 0.264805 
0 0 0 0 0 0 0 0 0.272834 
0 0 0 0 0 0 0 0 0.281727 
0 0 0 0 0 0 0 0 0.295388 
0 0 0 0 0 0 0 0 0.312944 
0 0 0 0 0 0 0 0 0.332066 
0 0 0 0 0 0 0 0 0.350111 
0 0 0 0 0 0 0 0 0.367377 
0 0 0 0 0 0 0 0 0.380432 
0 0 0 0 0 0 0 0 0.392772 
0 0 0 0 0 0 0 0 0.39873 
0 0 0 0 0 0 0 0 0.402743 
0 0 0 0 0 0 0 0 0.407833 
0 0 0 0 0 0 0 0 0.417175 
0 0 0 0 0 0 0 0 0.425855 
0 0 0 0 0 0 0 0 0.432012 
0 0 0 0 0 0 0 0 0.435 
0 0 0 0 0 0 0 0 0.431147 
0 0 0 0 0 0 0 0 0.420581 
0 0 0 0 0 0 0 0 0.414457 
0 0 0 0 0 0 0 0 0.409668 
0 0 0 0 0 0 0 0 0.406514 
0 0 0 0 0 0 0 0 0.4179 
0 0 0 0 0 0 0 0 0.443004 
0 0 0 0 0 0 0 0 0.46035 
0 0 0 0 0 0 0 0 0.49716 
0 0 0 0 0 0 0 0 0.525072 
0.0242459 0 0 0 0 0 0 0 0.544968 
0.101001 0 0 0 0 0 0 0 0.547381 
0.193723 0 0 0 0 0 0 0 0.558045 
0.301922 0 0 0 0 0 0 0 0.591969 
0.383097 0 0 0 0 0 0 0 0.621645 
0.448046 0 0 0 0 0 0 0 0.642171 
0.507477 0 0 0 0 0 0 0 0.668023 
0.554312 0 0 0 0 0 0 0 0.689414 
0.588932 0 0 0 0 0 0 0 0.707348 
0.622261 0 0 0 0 0 0 0 0.732365 
0.645614 0 0 0 0 0 0 0 0.754023 
0.666611 0 0 0 0 0 0 0 0.782163 
0.680622 0 0 0 0 0 0 0 0.80909 
0.686344 0 0 0 0 0 0 0 0.824911 
0.687413 0 0 0 0 0 0 0 0.83878 
0.692586 0 0 0 0 0 0 0 0.851669 
0.702617 0 0 0 0 0 0 0 0.863811 
0.710915 0 0 0 0 0 0 0 0.870782 
0.723985 0 0 0 0 0 0 0 0.876794 
0.738634 0 0 0 0 0 0 0 0.881254 
0.752661 0 0 0 0 0 0 0 0.884475 
0.766616 0 0 0 0 0 0 0 0.886674 
0.779464 0 0 0 0 0 0 0 0.887942 
0.796387 0 0 0 0 0 0 0 0.889372 
0.812589 0 0 0 0 0 0 0 0.888349 
0.835709 0 0 0 0 0 0 0 0.891078 
0.839652 0 0 0 0 0 0 0 0.884337 
0.832988 0 0 0 0 0 0 0 0.875821 
0.835931 0 0 0 0 0 0 0 0.875904 
0.844598 0 0 0 0 0 0 0 0.883775 
0.855849 0 0 0 0 0 0 0 0.888194 
0.87338 0 0 0 0 0 0 0 0.896252 
0.884874 0 0 0 0 0 0 0 0.902042 
0.897177 0 0 0 0 0 0 0 0.906883 
0.904634 0 0 0 0 0 0 0 0.909637 
0.911175 0 0 0 0 0 0 0 0.913067 
0.918063 0 0 0 0 0 0 0 0.915465 
0.924828 0 0 0 0 0 0 0 0.920509 
0.929528 0 0 0 0 0 0 0 0.925547 
0.932949 0 0 0 0 0 0 0 0.929807 
0.934102 0 0 0 0 0 0 0 0.932919 
0.934241 0 0 0 0 0 0 0 0.934991 
0.937588 0 0 0 0 0 0 0 0.939004 
0.942158 0 0 0 0 0 0 0 0.942854 
0.94782 0 0 0 0 0 0 0 0.947138 
0.951979 0 0 0 0 0 0 0 0.950288 
0.954969 0 0 0 0 0 0 0 0.952262 
0.959535 0 0 0 0 0 0 0 0.954884 
0.962179 0 0 0 0 0 0 0 0.956242 
0.964233 0 0 0 0 0 0 0 0.956737 
0.965489 0 0 0 0 0 0 0 0.956887 
0.966597 0 0 0 0 0 0 0 0.957215 
0.967436 0 0 0 0 0 0 0 0.957505 
0.968113 0 0 0 0 0 0 0 0.95789 
0.968505 0 0 0 0 0 0 0 0.957933 
0.968924 0 0 0 0 0 0 0 0.958239 
0.969692 0 0 0 0 0 0 0 0.958731 
0.970496 0 0 0 0 0 0 0 0.959243 
0.971153 0 0 0 0 0 0 0 0.959416 
0.971779 0 0 0 0 0 0 0 0.959799 
0.972273 0 0 0 0 0 0 0 0.96025 
0.97242 0 0 0 0 0 0 0 0.960587 
0.97206 0 0 0 0 0 0 0 0.960465 
0.971398 0 0 0 0 0 0 0 0.960135 
0.970982 0 0 0 0 0 0 0 0.960132 
0.970615 0 0 0 0 0 0 0 0.960323 
0.970331 0 0 0 0 0 0 0 0.960545 
0.970302 0 0 0 0 0 0 0 0.960529 
0.970503 0 0 0 0 0 0 0 0.960575 
0.970621 0 0 0 0 0 0 0 0.960175 
0.970996 0 0 0 0 0 0 0 0.959872 
0.971282 0 0 0 0 0 0 0 0.959058 
0.971531 0 0 0 0 0 0 0 0.958609 
0.971569 0 0 0 0 0 0 0 0.958354 
0.971477 0 0 0 0 0 0 0 0.958116 
0.971662 0 0 0 0 0 0 0 0.958218 
0.971904 0 0 0 0 0 0 0 0.958319 
