0 0.254403 0 0 0 0 0 0 0 
0 0.292071 0 0 0 0 0 0 0 
0 0.328851 0 0 0 0 0 0 0 
0 0.364361 0 0 0 0 0 0 0 
0 0.398447 0 0 0 0 0 0 0 
0 0.430863 0 0 0 0 0 0 0 
0 0.461732 0 0 0 0 0 0 0 
0 0.490841 0 0 0 0 0 0 0 
0 0.518124 0 0 0 0 0 0 0 
0 0.543874 0 0 0 0 0 0 0 
0 0.568153 0 0 0 0 0 0 0 
0 0.591027 0 0 0 0 0 0 0 
0 0.612841 0 0 0 0 0 0 0 
0 0.633682 0 0 0 0 0 0 0 
0 0.653394 0 0 0 0 0 0 0 
0 0.672182 0 0 0 0 0 0 0 
0 0.689571 0 0 0 0 0 0 0 
0 0.705467 0 0 0 0 0 0 0 
0 0.720071 0 0 0 0 0 0 0 
0 0.732824 0 0 0 0 0 0 0 
0 0.744103 0 0 0 0 0 0 0 
0 0.753989 0 0 0 0 0 0 0 
0 0.762585 0 0 0 0 0 0 0 
0 0.769874 0 0 0 0 0 0 0 
0 0.776083 0 0 0 0 0 0 0 
0 0.781334 0 0 0 0 0 0 0 
0 0.785751 0 0 0 0 0 0 0 
0 0.78944 0 0 0 0 0 0 0 
0 0.792638 0 0 0 0 0 0 0 
0 0.795454 0 0 0 0 0 0 0 
0 0.79777 0 0 0 0 0 0 0 
0 0.799911 0 0 0 0 0 0 0 
0 0.801939 0 0 0 0 0 0 0 
0 0.803396 0 0 0 0 0 0 0 
0 0.804666 0 0 0 0 0 0 0 
0 0.805762 0 0 0 0 0 0 0 
0 0.806534 0 0 0 0 0 0 0 
0 0.807322 0 0 0 0 0 0 0 
0 0.808189 0 0 0 0 0 0 0 
0 0.80917 0 0 0 0 0 0 0 
0 0.810268 0 0 0 0 0 0 0 
0 0.81131 0 0 0 0 0 0 0 
0 0.812305 0 0 0 0 0 0 0 
0 0.813476 0 0 0 0 0 0 0 
0 0.814517 0 0 0 0 0 0 0 
0 0.815315 0 0 0 0 0 0 0 
0 0.817745 0 0 0 0 0 0 0 
0 0.820372 0 0 0 0 0 0 0 
0 0.823398 0 0 0 0 0 0 0 
0 0.82689 0 0 0 0 0 0 0 
0 0.830876 0 0 0 0 0 0 0 
0 0.835186 0 0 0 0 0 0 0 
0 0.83953 0 0 0 0 0 0 0 
0 0.842462 0 0 0 0 0 0 0 
0 0.844186 0 0 0 0 0 0 0 
0 0.844701 0 0 0 0 0 0 0 
0 0.844706 0 0 0 0 0 0 0 
0 0.842531 0 0 0 0 0 0 0 
0 0.839425 0 0 0 0 0 0 0 
0 0.835484 0 0 0 0 0 0 0 
0 0.829962 0 0 0 0 0 0 0 
0 0.823925 0 0 0 0 0 0 0 
0 0.818188 0 0 0 0 0 0 0 
0 0.811096 0 0 0 0 0 0 0 
0 0.804253 0 0 0 0 0 0 0 
0 0.796929 0 0 0 0 0 0 0 
0 0.789381 0 0 0 0 0 0 0 
0 0.782598 0 0 0 0 0 0 0 
0 0.775243 0 0 0 0 0 0 0 
0 0.768471 0 0 0 0 0 0 0 
0 0.762197 0 0 0 0 0 0 0 
0 0.755146 0 0 0 0 0 0 0 
0 0.747705 0 0 0 0 0 0 0 
0 0.740163 0 0 0 0 0 0 0 
0 0.732463 0 0 0 0 0 0 0 
0 0.724717 0 0 0 0 0 0 0 
0 0.716114 0 0 0 0 0 0 0 
0 0.707569 0 0 0 0 0 0 0 
0 0.698811 0 0 0 0 0 0 0 
0 0.690026 0 0 0 0 0 0 0 
0 0.681825 0 0 0 0 0 0 0 
0 0.673642 0 0 0 0 0 0 0 
0 0.66443 0 0 0 0 0 0 0 
0 0.654668 0 0 0 0 0 0 0 
0 0.644901 0 0 0 0 0 0 0 
0 0.635099 0 0 0 0 0 0 0 
0 0.624593 0 0 0 0 0 0 0 
0 0.613223 0 0 0 0 0 0 0 
0 0.601514 0 0 0 0 0 0 0 
0 0.589843 0 0 0 0 0 0 0 
0 0.578136 0 0 0 0 0 0.0116334 0 
0 0.566341 0 0 0 0 0 0.0607546 0 
0 0.554187 0 0 0 0 0 0.0903236 0 
0 0.542027 0 0 0 0 0 0.118164 0 
0 0.533976 0 0 0 0 0 0.140913 0 
0 0.524422 0 0 0 0 0 0.158374 0 
0 0.517912 0 0 0 0 0 0.194505 0 
0 0.508084 0 0 0 0 0 0.217481 0 
0 0.49723 0 0 0 0 0 0.242646 0 
0 0.487104 0 0 0 0 0 0.254649 0 
0 0.478362 0 0 0 0 0 0.264288 0 
0 0.46889 0 0 0 0 0 0.267574 0 
0 0.459525 0 0 0 0 0 0.272865 0 
0 0.450218 0 0 0 0 0 0.281715 0 
0 0.440953 0 0 0 0 0 0.294228 0 
0 0.431641 0 0 0 0 0 0.309746 0 
0 0.42195 0 0 0 0 0 0.3295 0 
0 0.412054 0 0 0 0 0 0.354561 0 
0 0.401947 0 0 0 0 0 0.381367 0 
0 0.39184 0 0 0 0 0 0.408401 0 
0 0.381667 0 0 0 0 0 0.43202 0 
0 0.370977 0 0 0 0 0 0.451935 0 
0 0.359562 0 0 0 0 0 0.46888 0 
0 0.347063 0 0 0 0 0 0.484719 0 
0 0.334257 0 0 0 0 0 0.494021 0 
0 0.320338 0 0 0 0 0 0.49929 0 
0 0.306086 0 0 0 0 0 0.50656 0 
0 0.291004 0 0 0 0 0 0.516415 0 
0 0.275527 0 0 0 0 0 0.531253 0 
0 0.260054 0 0 0 0 0 0.566756 0 
0 0.244924 0 0 0 0 0 0.615677 0 
0 0.229357 0 0 0 0 0 0.637157 0 
0 0.214023 0 0 0 0 0 0.648901 0 
0 0.19889 0 0 0 0 0 0.671791 0 
0 0.184121 0 0 0 0 0 0.688116 0 
0 0.169996 0 0 0 0 0 0.702069 0 
0 0.156112 0 0 0 0 0 0.713137 0 
0 0.142394 0 0 0 0 0 0.741637 0 
0 0.126385 0 0 0 0 0 0.741042 0 
0 0.111993 0 0 0 0 0 0.735627 0 
0 0.0988167 0 0 0 0 0 0.728395 0 
0 0.0836268 0 0 0 0 0 0.721812 0 
0 0.0687588 0 0 0 0 0 0.711427 0 
0 0.0541104 0 0 0 0 0 0.711434 0 
0 0.0389621 0 0 0 0 0 0.694234 0.0205268 
0 0.0224624 0 0 0 0 0 0.663447 0.139739 
0 0.00478449 0 0 0 0 0 0.630419 0.264946 
0 0 0 0 0 0 0 0.572666 0.345818 
0 0 0 0 0 0 0 0.508603 0.409272 
0 0 0 0 0 0 0 0.445426 0.46646 
0 0 0 0 0 0 0 0.365486 0.518271 
0 0 0 0 0 0 0 0.305804 0.545237 
0 0 0 0 0 0 0 0.247751 0.561589 
0 0 0 0 0 0 0 0.197458 0.556413 
0 0 0 0 0 0 0 0.0905013 0.554338 
0 0 0 0 0 0 0 0 0.556002 
0 0 0 0 0 0 0 0 0.560978 
0 0 0 0 0 0 0 0 0.590301 
0.0631416 0 0 0 0 0 0 0 0.610146 
0.131446 0 0 0 0 0 0 0 0.616871 
0.204768 0 0 0 0 0 0 0 0.630748 
0.267956 0 0 0 0 0 0 0 0.641998 
0.326846 0 0 0 0 0 0 0 0.650571 
0.378943 0 0 0 0 0 0 0 0.662935 
0.428969 0 0 0 0 0 0 0 0.68159 
0.471714 0 0 0 0 0 0 0 0.698473 
0.503965 0 0 0 0 0 0 0 0.710939 
0.52976 0 0 0 0 0 0 0 0.720736 
0.553406 0 0 0 0 0 0 0 0.732233 
0.575344 0 0 0 0 0 0 0 0.744917 
0.596535 0 0 0 0 0 0 0 0.760039 
0.618172 0 0 0 0 0 0 0 0.778322 
0.636292 0 0 0 0 0 0 0 0.794448 
0.655553 0 0 0 0 0 0 0 0.813398 
0.669344 0 0 0 0 0 0 0 0.82781 
0.68226 0 0 0 0 0 0 0 0.842721 
0.694548 0 0 0 0 0 0 0 0.857597 
0.706934 0 0 0 0 0 0 0 0.873174 
0.714788 0 0 0 0 0 0 0 0.882698 
0.721909 0 0 0 0 0 0 0 0.892966 
0.727232 0 0 0 0 0 0 0 0.901215 
0.7295 0 0 0 0 0 0 0 0.9055 
0.731383 0 0 0 0 0 0 0 0.907548 
0.733075 0 0 0 0 0 0 0 0.907062 
0.735579 0 0 0 0 0 0 0 0.903722 
0.735536 0 0 0 0 0 0 0 0.89822 
0.737502 0 0 0 0 0 0 0 0.892046 
0.736326 0 0 0 0 0 0 0 0.880782 
0.736186 0 0 0 0 0 0 0 0.883129 
0.746472 0 0 0 0 0 0 0 0.888023 
0.762823 0 0 0 0 0 0 0 0.894766 
0.779312 0 0 0 0 0 0 0 0.898827 
0.798682 0 0 0 0 0 0 0 0.904895 
0.821911 0 0 0 0 0 0 0 0.913508 
0.833908 0 0 0 0 0 0 0 0.914338 
0.846137 0 0 0 0 0 0 0 0.920899 
0.851535 0 0 0 0 0 0 0 0.925976 
0.852926 0 0 0 0 0 0 0 0.929119 
0.850933 0 0 0 0 0 0 0 0.929615 
0.850004 0 0 0 0 0 0 0 0.929375 
0.847993 0 0 0 0 0 0 0 0.928442 
0.853723 0 0 0 0 0 0 0 0.932749 
0.859081 0 0 0 0 0 0 0 0.937087 
0.862353 0 0 0 0 0 0 0 0.940298 
0.864763 0 0 0 0 0 0 0 0.942833 
0.865789 0 0 0 0 0 0 0 0.943785 
0.868532 0 0 0 0 0 0 0 0.944572 
0.873533 0 0 0 0 0 0 0 0.945153 
0.880429 0 0 0 0 0 0 0 0.94539 
0.8879 0 0 0 0 0 0 0 0.946242 
0.895959 0 0 0 0 0 0 0 0.94657 
0.898145 0 0 0 0 0 0 0 0.946837 
0.899062 0 0 0 0 0 0 0 0.946927 
0.899372 0 0 0 0 0 0 0 0.946079 
0.898066 0 0 0 0 0 0 0 0.945892 
0.896513 0 0 0 0 0 0 0 0.946659 
0.894935 0 0 0 0 0 0 0 0.946553 
0.893273 0 0 0 0 0 0 0 0.946295 
0.891818 0 0 0 0 0 0 0 0.946185 
0.890349 0 0 0 0 0 0 0 0.94645 
0.889359 0 0 0 0 0 0 0 0.946758 
0.888855 0 0 0 0 0 0 0 0.947366 
0.888818 0 0 0 0 0 0 0 0.94794 
0.888965 0 0 0 0 0 0 0 0.94793 
0.889006 0 0 0 0 0 0 0 0.947466 
0.888934 0 0 0 0 0 0 0 0.946453 
0.88882 0 0 0 0 0 0 0 0.946483 
0.888469 0 0 0 0 0 0 0 0.946949 
0.888435 0 0 0 0 0 0 0 0.947675 
0.888888 0 0 0 0 0 0 0 0.948474 
0.891081 0 0 0 0 0 0 0 0.948381 
0.890962 0 0 0 0 0 0 0 0.947909 
0.890006 0 0 0 0 0 0 0 0.948628 
0.888783 0 0 0 0 0 0 0 0.949295 
0.887511 0 0 0 0 0 0 0 0.94974 
0.886757 0 0 0 0 0 0 0 0.949957 
0.886482 0 0 0 0 0 0 0 0.950013 
0.885846 0 0 0 0 0 0 0 0.950233 
0.885121 0 0 0 0 0 0 0 0.950367 
0.884051 0 0 0 0 0 0 0 0.950577 
0.882544 0 0 0 0 0 0 0 0.950686 
0.880969 0 0 0 0 0 0 0 0.950702 
0.879241 0 0 0 0 0 0 0 0.950625 
0.878057 0 0 0 0 0 0 0 0.950358 
0.877099 0 0 0 0 0 0 0 0.950154 
0.877314 0 0 0 0 0 0 0 0.949702 
0.877633 0 0 0 0 0 0 0 0.949457 
0.877694 0 0 0 0 0 0 0 0.949265 
0.877613 0 0 0 0 0 0 0 0.948982 
0.877483 0 0 0 0 0 0 0 0.948065 
0.878162 0 0 0 0 0 0 0 0.947761 
0.877571 0 0 0 0 0 0 0 0.94763 
0.876923 0 0 0 0 0 0 0 0.94759 
0.876213 0 0 0 0 0 0 0 0.947664 
0.876168 0 0 0 0 0 0 0 0.947688 
0.877207 0 0 0 0 0 0 0 0.947799 
0.878327 0 0 0 0 0 0 0 0.947716 
0.879485 0 0 0 0 0 0 0 0.947523 
0.880821 0 0 0 0 0 0 0 0.947327 
0.88124 0 0 0 0 0 0 0 0.946663 
0.881165 0 0 0 0 0 0 0 0.945929 
0.881181 0 0 0 0 0 0 0 0.945479 
0.881007 0 0 0 0 0 0 0 0.945335 
0.881404 0 0 0 0 0 0 0 0.945406 
0.880794 0 0 0 0 0 0 0 0.945601 
0.880239 0 0 0 0 0 0 0 0.94558 
0.879656 0 0 0 0 0 0 0 0.945605 
0.879365 0 0 0 0 0 0 0 0.945495 
0.879497 0 0 0 0 0 0 0 0.945356 
0.880378 0 0 0 0 0 0 0 0.9452 
0.88126 0 0 0 0 0 0 0 0.945148 
0.881989 0 0 0 0 0 0 0 0.945049 
0.882606 0 0 0 0 0 0 0 0.945228 
0.882212 0 0 0 0 0 0 0 0.945784 
0.881354 0 0 0 0 0 0 0 0.94624 
0.880271 0 0 0 0 0 0 0 0.946782 
0.879655 0 0 0 0 0 0 0 0.947297 
0.879436 0 0 0 0 0 0 0 0.947694 
0.879478 0 0 0 0 0 0 0 0.94801 
0.879907 0 0 0 0 0 0 0 0.948139 
