0.592291 0 0 0 0 0 0 0 0.872491 
0.60412 0 0 0 0 0 0 0 0.875931 
0.619574 0 0 0 0 0 0 0 0.879568 
0.637928 0 0 0 0 0 0 0 0.883122 
0.657903 0 0 0 0 0 0 0 0.886357 
0.677263 0 0 0 0 0 0 0 0.889836 
0.691989 0 0 0 0 0 0 0 0.892797 
0.700918 0 0 0 0 0 0 0 0.895124 
0.703185 0 0 0 0 0 0 0 0.896202 
0.700802 0 0 0 0 0 0 0 0.897194 
0.693146 0 0 0 0 0 0 0 0.897233 
0.683889 0 0 0 0 0 0 0 0.896169 
0.672136 0 0 0 0 0 0 0 0.893746 
0.660282 0 0 0 0 0 0 0 0.889135 
0.647811 0 0 0 0 0 0 0 0.88308 
0.635751 0 0 0 0 0 0 0 0.875449 
0.625517 0 0 0 0 0 0 0 0.867404 
0.614878 0 0 0 0 0 0 0 0.859159 
0.605717 0 0 0 0 0 0 0 0.851958 
0.597879 0 0 0 0 0 0 0 0.846552 
0.591703 0 0 0 0 0 0 0 0.84287 
0.590811 0 0 0 0 0 0 0 0.841597 
0.587696 0 0 0 0 0 0 0 0.840501 
0.587641 0 0 0 0 0 0 0 0.839553 
0.591298 0 0 0 0 0 0 0 0.840143 
0.597684 0 0 0 0 0 0 0 0.841468 
0.607992 0 0 0 0 0 0 0 0.842481 
0.621228 0 0 0 0 0 0 0 0.842978 
0.632934 0 0 0 0 0 0 0 0.842139 
0.647778 0 0 0 0 0 0 0 0.845115 
0.661956 0 0 0 0 0 0 0 0.848448 
0.668184 0 0 0 0 0 0 0 0.855164 
0.684216 0 0 0 0 0 0 0 0.862632 
0.69587 0 0 0 0 0 0 0 0.87004 
0.70265 0 0 0 0 0 0 0 0.873974 
0.708386 0 0 0 0 0 0 0 0.873569 
0.708282 0 0 0 0 0 0 0 0.870036 
0.706391 0 0 0 0 0 0 0 0.864928 
0.6995 0 0 0 0 0 0 0 0.858405 
0.691052 0 0 0 0 0 0 0 0.849881 
0.68031 0 0 0 0 0 0 0 0.84398 
0.670436 0 0 0 0 0 0 0 0.843594 
0.661115 0 0 0 0 0 0 0 0.846159 
0.651471 0 0 0 0 0 0 0 0.848307 
0.642825 0 0 0 0 0 0 0 0.854628 
0.634173 0 0 0 0 0 0 0 0.8588 
0.627226 0 0 0 0 0 0 0 0.860838 
0.621497 0 0 0 0 0 0 0 0.861239 
0.617919 0 0 0 0 0 0 0 0.860716 
0.617208 0 0 0 0 0 0 0 0.859676 
0.618462 0 0 0 0 0 0 0 0.858057 
0.615599 0 0 0 0 0 0 0 0.852241 
0.620944 0 0 0 0 0 0 0 0.854674 
0.624578 0 0 0 0 0 0 0 0.857629 
0.629635 0 0 0 0 0 0 0 0.859708 
0.635288 0 0 0 0 0 0 0 0.861211 
0.644296 0 0 0 0 0 0 0 0.861401 
0.653522 0 0 0 0 0 0 0 0.858818 
0.660697 0 0 0 0 0 0 0 0.854255 
0.667588 0 0 0 0 0 0 0 0.848681 
0.673043 0 0 0 0 0 0 0 0.843315 
0.677919 0 0 0 0 0 0 0 0.838731 
0.684421 0 0 0 0 0 0 0 0.830854 
0.690913 0 0 0 0 0 0 0 0.828942 
0.694252 0 0 0 0 0 0 0 0.830717 
0.695005 0 0 0 0 0 0 0 0.8334 
0.692498 0 0 0 0 0 0 0 0.834148 
0.687993 0 0 0 0 0 0 0 0.837274 
0.681479 0 0 0 0 0 0 0 0.838512 
0.674171 0 0 0 0 0 0 0 0.837846 
0.66659 0 0 0 0 0 0 0 0.836788 
0.658434 0 0 0 0 0 0 0 0.83573 
0.651511 0 0 0 0 0 0 0 0.83374 
0.643632 0 0 0 0 0 0 0 0.829256 
0.637289 0 0 0 0 0 0 0 0.824463 
0.628765 0 0 0 0 0 0 0 0.826981 
0.619498 0 0 0 0 0 0 0 0.835369 
0.608442 0 0 0 0 0 0 0 0.840069 
0.597736 0 0 0 0 0 0 0 0.841127 
0.587466 0 0 0 0 0 0 0 0.840546 
0.578687 0 0 0 0 0 0 0 0.83887 
0.569362 0 0 0 0 0 0 0 0.836755 
0.560045 0 0 0 0 0 0 0 0.834183 
0.551656 0 0 0 0 0 0 0 0.832537 
0.533964 0 0 0 0 0 0 0 0.824308 
0.545215 0 0 0 0 0 0 0 0.828684 
0.552276 0 0 0 0 0 0 0 0.835868 
0.559892 0 0 0 0 0 0 0 0.841891 
0.561647 0 0 0 0 0 0 0 0.848005 
0.562171 0 0 0 0 0 0 0 0.851804 
0.563195 0 0 0 0 0 0 0 0.853962 
0.566656 0 0 0 0 0 0 0 0.854391 
0.57375 0 0 0 0 0 0 0 0.854537 
0.579141 0 0 0 0 0 0 0 0.854123 
0.583039 0 0 0 0 0 0 0 0.850904 
0.584618 0 0 0 0 0 0 0 0.848577 
0.585595 0 0 0 0 0 0 0 0.850657 
0.584788 0 0 0 0 0 0 0 0.850891 
0.586826 0 0 0 0 0 0 0 0.852557 
0.590933 0 0 0 0 0 0 0 0.853388 
0.597131 0 0 0 0 0 0 0 0.851126 
0.603776 0 0 0 0 0 0 0 0.846133 
0.609866 0 0 0 0 0 0 0 0.839892 
0.614648 0 0 0 0 0 0 0 0.833556 
0.618351 0 0 0 0 0 0 0 0.82645 
0.621316 0 0 0 0 0 0 0 0.81874 
0.624593 0 0 0 0 0 0 0 0.815561 
0.627302 0 0 0 0 0 0 0 0.816463 
0.628199 0 0 0 0 0 0 0 0.816578 
0.629045 0 0 0 0 0 0 0 0.820068 
0.629944 0 0 0 0 0 0 0 0.824567 
0.631094 0 0 0 0 0 0 0 0.827515 
0.633257 0 0 0 0 0 0 0 0.828742 
0.634131 0 0 0 0 0 0 0 0.829109 
0.631678 0 0 0 0 0 0 0 0.829573 
0.628583 0 0 0 0 0 0 0 0.831466 
0.622096 0 0 0 0 0 0 0 0.832438 
0.608123 0 0 0 0 0 0 0 0.83488 
0.60054 0 0 0 0 0 0 0 0.838971 
0.590276 0 0 0 0 0 0 0 0.841223 
0.580724 0 0 0 0 0 0 0 0.843313 
0.573312 0 0 0 0 0 0 0 0.842241 
0.565927 0 0 0 0 0 0 0 0.839857 
0.558917 0 0 0 0 0 0 0 0.836731 
0.551228 0 0 0 0 0 0 0 0.833266 
0.543413 0 0 0 0 0 0 0 0.829397 
0.535957 0 0 0 0 0 0 0 0.820746 
0.529528 0 0 0 0 0 0 0 0.820398 
0.523872 0 0 0 0 0 0 0 0.824318 
0.515271 0 0 0 0 0 0 0 0.825115 
0.505315 0 0 0 0 0 0 0 0.827626 
0.494854 0 0 0 0 0 0 0 0.831955 
0.484798 0 0 0 0 0 0 0 0.834346 
0.475923 0 0 0 0 0 0 0 0.835572 
0.468684 0 0 0 0 0 0 0 0.83602 
0.465051 0 0 0 0 0 0 0 0.836657 
0.455178 0 0 0 0 0 0 0 0.827111 
0.465374 0 0 0 0 0 0 0 0.82478 
0.473734 0 0 0 0 0 0 0 0.838196 
0.478783 0 0 0 0 0 0 0 0.839182 
0.486988 0 0 0 0 0 0 0 0.846021 
0.497982 0 0 0 0 0 0 0 0.850528 
0.510199 0 0 0 0 0 0 0 0.852226 
0.521457 0 0 0 0 0 0 0 0.851999 
0.533082 0 0 0 0 0 0 0 0.850515 
0.544901 0 0 0 0 0 0 0 0.848217 
0.55812 0 0 0 0 0 0 0 0.845503 
0.569902 0 0 0 0 0 0 0 0.840879 
0.581161 0 0 0 0 0 0 0 0.837986 
0.590517 0 0 0 0 0 0 0 0.832333 
0.597179 0 0 0 0 0 0 0 0.832592 
0.600452 0 0 0 0 0 0 0 0.835023 
0.601667 0 0 0 0 0 0 0 0.836604 
0.599755 0 0 0 0 0 0 0 0.837093 
0.59453 0 0 0 0 0 0 0 0.834975 
0.588855 0 0 0 0 0 0 0 0.83284 
0.582151 0 0 0 0 0 0 0 0.831814 
0.582423 0 0 0 0 0 0 0 0.831058 
0.582006 0 0 0 0 0 0 0 0.825664 
0.589756 0 0 0 0 0 0 0 0.825515 
0.594052 0 0 0 0 0 0 0 0.830054 
0.59975 0 0 0 0 0 0 0 0.831284 
0.60391 0 0 0 0 0 0 0 0.831292 
0.607431 0 0 0 0 0 0 0 0.831991 
0.609083 0 0 0 0 0 0 0 0.831326 
0.606975 0 0 0 0 0 0 0 0.830752 
0.602889 0 0 0 0 0 0 0 0.827604 
0.598597 0 0 0 0 0 0 0 0.825805 
0.600805 0 0 0 0 0 0 0 0.828017 
0.602181 0 0 0 0 0 0 0 0.83009 
0.612241 0 0 0 0 0 0 0 0.830596 
0.624065 0 0 0 0 0 0 0 0.833777 
0.636296 0 0 0 0 0 0 0 0.837869 
0.645389 0 0 0 0 0 0 0 0.840764 
0.653132 0 0 0 0 0 0 0 0.846741 
0.656462 0 0 0 0 0 0 0 0.852302 
0.653207 0 0 0 0 0 0 0 0.856083 
0.64753 0 0 0 0 0 0 0 0.860634 
0.640424 0 0 0 0 0 0 0 0.864975 
0.633054 0 0 0 0 0 0 0 0.868768 
0.623599 0 0 0 0 0 0 0 0.863669 
0.617913 0 0 0 0 0 0 0 0.868936 
0.613356 0 0 0 0 0 0 0 0.880926 
0.60482 0 0 0 0 0 0 0 0.883461 
0.59488 0 0 0 0 0 0 0 0.886527 
0.583448 0 0 0 0 0 0 0 0.887489 
0.572022 0 0 0 0 0 0 0 0.886347 
0.560837 0 0 0 0 0 0 0 0.882581 
0.553542 0 0 0 0 0 0 0 0.87678 
0.552698 0 0 0 0 0 0 0 0.870602 
0.559581 0 0 0 0 0 0 0 0.864458 
0.572769 0 0 0 0 0 0 0 0.855737 
0.592626 0 0 0 0 0 0 0 0.854878 
0.61788 0 0 0 0 0 0 0 0.85815 
0.641128 0 0 0 0 0 0 0 0.859903 
0.663587 0 0 0 0 0 0 0 0.859696 
0.683064 0 0 0 0 0 0 0 0.860787 
0.698439 0 0 0 0 0 0 0 0.861612 
0.708909 0 0 0 0 0 0 0 0.861876 
0.714121 0 0 0 0 0 0 0 0.860996 
0.717228 0 0 0 0 0 0 0 0.860013 
0.715532 0 0 0 0 0 0 0 0.848438 
0.715895 0 0 0 0 0 0 0 0.845199 
0.717966 0 0 0 0 0 0 0 0.845492 
0.719615 0 0 0 0 0 0 0 0.839677 
0.720662 0 0 0 0 0 0 0 0.833446 
0.719645 0 0 0 0 0 0 0 0.82724 
0.717018 0 0 0 0 0 0 0 0.817636 
0.711959 0 0 0 0 0 0 0 0.803195 
0.703899 0 0 0 0 0 0 0 0.779243 
0.693698 0 0 0 0 0 0 0 0.742791 
0.681927 0 0 0 0 0 0 0 0.692168 
0.669641 0 0 0 0 0 0 0 0.626107 
0.659903 0 0 0 0 0 0 0 0.551288 
0.652519 0 0 0 0 0 0 0 0.469215 
0.644975 0 0 0 0 0 0 0 0.375146 
0.637764 0 0 0 0 0 0 0 0.271666 
0.632524 0 0 0 0 0 0 0 0.162449 
0.626492 0 0 0 0 0 0 0 0.042781 
0.620109 0 0 0 0 0 0 0 0 
0.611512 0 0 0 0 0 0 0 0 
0.601492 0 0 0 0 0 0 0 0 
0.584288 0 0 0 0 0 0 0 0 
0.5748 0 0 0 0 0 0 0 0 
0.559557 0 0 0 0 0 0 0 0 
0.541521 0 0 0 0 0 0 0 0 
0.52422 0 0 0 0 0 0 0 0 
0.50499 0 0 0 0 0 0 0 0 
0.473009 0 0 0 0 0 0 0 0 
0.421967 0 0 0 0 0 0 0 0 
0.345056 0 0 0 0 0 0 0 0 
0.244078 0 0 0 0 0 0 0 0 
0.120551 0 0 0 0 0 0 0 0 
0 0 0 0 0 0 0 0 0 
0 0 0 0 0 0 0 0 0 
0 0 0 0 0 0 0 0 0 
0 0 0 0 0 0 0 0 0 
0 0 0 0 0 0 0 0 0 
0 0 0 0 0 0 0 0 0 
0 0 0 0 0 0 0 0 0 
0 0 0 0 0 0 0 0 0 
0 0 0 0 0 0 0 0 0 
0 0 0 0 0 0 0 0 0 
0 0 0 0 0 0 0 0 0 
0 0 0 0 0 0 0 0 0 
0 0 0 0 0 0 0 0 0 
0 0 0 0 0 0 0 0 0 
0 0 0 0 0 0 0 0 0 
0 0 0 0 0 0 0 0 0 
0 0 0 0 0 0 0 0 0 
0 0 0 0 0 0 0 0 0 
0 0 0 0 0 0 0 0 0 
0 0 0 0 0 0 0 0 0 
0 0 0 0 0 0 0 0 0 
0 0 0 0 0 0 0 0 0 
0 0 0 0 0 0 0 0 0 
0 0 0 0 0 0 0 0 0 
0 0 0 0 0 0 0 0 0 
0 0 0 0 0 0 0 0 0 
0 0 0 0 0 0 0 0 0 
0 0 0 0 0 0 0 0 0 
0 0 0 0 0 0 0 0 0 
0 0 0 0 0 0 0 0 0 
0 0 0 0 0 0 0 0 0 
0 0 0 0 0 0 0 0 0 
0 0 0 0 0 0 0 0 0 
0 0 0 0 0 0 0 0 0 
0 0 0 0 0 0 0 0 0 
0 0 0 0 0 0 0 0 0 
0 0 0 0 0 0 0 0 0 
0 0 0 0 0 0 0 0 0 
0 0 0 0 0 0 0 0 0 
0 0 0 0 0 0 0 0 0 
0 0 0 0 0 0 0 0 0 
0 0 0 0 0 0 0 0 0 
0 0 0 0 0 0 0 0 0 
0 0 0 0 0 0 0 0 0 
0 0 0 0 0 0 0 0 0 
0 0 0 0 0 0 0 0 0 
0 0 0 0 0 0 0 0 0 
0 0 0 0 0 0 0 0 0 
0 0 0 0 0 0 0 0 0 
0 0 0 0 0 0 0 0 0 
0 0 0 0 0 0 0 0 0 
0 0 0 0 0 0 0 0 0 
0 0 0 0 0 0 0 0 0 
0 0 0 0 0 0 0 0 0 
0 0 0 0 0 0 0 0 0 
0 0 0 0 0 0 0 0 0 
0 0 0 0 0 0 0 0 0 
0 0 0 0 0 0 0 0 0 
0 0 0 0 0 0 0 0 0 
0 0 0 0 0 0 0 0 0 
0 0 0 0 0 0 0 0 0 
0 0 0 0 0 0 0 0 0 
0 0 0 0 0 0 0 0 0 
0 0 0 0 0 0 0 0 0 
0 0 0 0 0 0 0 0 0 
0 0 0 0 0 0 0 0 0 
0 0 0 0 0 0 0 0 0 
0 0 0 0 0 0 0 0 0 
0 0 0 0 0 0 0 0 0 
0 0 0 0 0 0 0 0 0 
0 0 0 0 0 0 0 0 0 
0 0 0 0 0 0 0 0 0 
0 0 0 0 0 0 0 0 0 
0 0 0 0 0 0 0 0 0 
0 0 0 0 0 0 0 0 0 
0 0 0 0 0 0 0 0 0 
0 0 0 0 0 0 0 0 0 
