0 0.822288 0 0 0 0 0 0 0 
0 0.824974 0 0 0 0 0 0 0 
0 0.827531 0 0 0 0 0 0 0 
0 0.829778 0 0 0 0 0 0 0 
0 0.831672 0 0 0 0 0 0 0 
0 0.833382 0 0 0 0 0 0 0 
0 0.834729 0 0 0 0 0 0 0 
0 0.835863 0 0 0 0 0 0 0 
0 0.837015 0 0 0 0 0 0 0 
0 0.837765 0 0 0 0 0 0 0 
0 0.838612 0 0 0 0 0 0 0 
0 0.839566 0 0 0 0 0 0 0 
0 0.840774 0 0 0 0 0 0 0 
0 0.841349 0 0 0 0 0 0 0 
0 0.842461 0 0 0 0 0 0 0 
0 0.844054 0 0 0 0 0 0 0 
0 0.845158 0 0 0 0 0 0 0 
0 0.845621 0 0 0 0 0 0 0 
0 0.845904 0 0 0 0 0 0 0 
0 0.845941 0 0 0 0 0 0 0 
0 0.845822 0 0 0 0 0 0 0 
0 0.845278 0 0 0 0 0 0 0 
0 0.844216 0 0 0 0 0 0 0 
0 0.842969 0 0 0 0 0 0 0 
0 0.330733 0 0 0 0 0 0 0 
0 0 0 0 0 0 0 0 0 
0 0 0 0 0 0 0 0 0 
0 0 0 0 0 0 0 0 0 
0 0 0 0 0 0 0 0 0 
0 0 0 0 0 0 0 0 0 
0 0 0 0 0 0 0 0 0 
0 0 0 0 0 0 0 0 0 
0 0 0 0 0 0 0 0 0 
0 0 0 0 0 0 0 0 0 
0 0 0 0 0 0 0 0 0 
0 0 0 0 0 0 0 0 0 
0 0 0 0 0 0 0 0 0 
0 0 0 0 0 0 0 0 0 
0 0 0 0 0 0 0 0 0 
0 0 0 0 0 0 0 0 0 
0 0 0 0 0 0 0 0 0 
0 0 0 0 0 0 0 0 0 
0 0 0 0 0 0 0 0 0 
0 0 0 0 0 0 0 0 0 
0 0 0 0 0 0 0 0 0 
0 0 0 0 0 0 0 0 0 
0 0 0 0 0 0 0 0 0 
0 0 0 0 0 0 0 0 0 
0 0 0 0 0 0 0 0 0 
0 0 0 0 0 0 0 0 0 
0 0 0 0 0 0 0 0 0 
0 0 0 0 0 0 0 0 0 
0 0 0 0 0 0 0 0 0 
0 0 0 0 0 0 0 0 0 
0 0 0 0 0 0 0 0 0 
0 0 0 0 0 0 0 0 0 
0 0 0 0 0 0 0 0 0 
0 0 0 0 0 0 0 0 0 
0 0 0 0 0 0 0 0 0 
0 0 0 0 0 0 0 0 0 
0 0 0 0 0 0 0 0 0 
0 0 0 0 0 0 0 0 0 
0 0 0 0 0 0 0 0 0 
0 0 0 0 0 0 0 0 0 
0 0 0 0 0 0 0 0 0 
0 0 0 0 0 0 0 0 0 
0 0 0 0 0 0 0 0 0 
0 0 0 0 0 0 0 0 0 
0 0 0 0 0 0 0 0 0 
0 0 0 0 0 0 0 0 0 
0 0 0 0 0 0 0 0 0 
0 0 0 0 0 0 0 0 0 
0 0 0 0 0 0 0 0 0 
0 0 0 0 0 0 0 0 0 
0 0 0 0 0 0 0 0 0 
0 0 0 0 0 0 0 0 0 
0 0 0 0 0 0 0 0 0 
0 0 0 0 0 0 0 0 0 
0 0 0 0 0 0 0 0 0 
0 0 0 0 0 0 0 0 0 
0 0 0 0 0 0 0 0 0 
0 0 0 0 0 0 0 0 0 
0 0 0 0 0 0 0 0 0 
0 0 0 0 0 0 0 0 0 
0 0 0 0 0 0 0 0 0 
0 0 0 0 0 0 0 0.0386622 0 
0 0 0 0 0 0 0 0.130573 0 
0 0 0 0 0 0 0 0.212138 0 
0 0 0 0 0 0 0 0.261368 0 
0 0 0 0 0 0 0 0.272586 0 
0 0 0 0 0 0 0 0.273948 0 
0 0 0 0 0 0 0 0.255601 0 
0 0 0 0 0 0 0 0.231207 0 
0 0 0 0 0 0 0 0.213738 0 
0 0 0 0 0 0 0 0.188859 0.00713519 
0 0 0 0 0 0 0 0.18812 0.0360061 
0 0 0 0 0 0 0 0.219596 0.0764743 
0 0 0 0 0 0 0 0.327442 0.103153 
0 0 0 0 0 0 0 0.482586 0.122656 
0 0 0 0 0 0 0 0.562278 0.152891 
0 0 0 0 0 0 0 0.581987 0.188977 
0 0 0 0 0 0 0 0.579924 0.222643 
0 0 0 0 0 0 0 0.555019 0.260859 
0 0 0 0 0 0 0 0.509531 0.307306 
0 0 0 0 0 0 0 0.438288 0.373591 
0 0 0 0 0 0 0 0.355749 0.430131 
0 0 0 0 0 0 0 0.366999 0.459147 
0 0 0 0 0 0 0 0.318841 0.482048 
0 0 0 0 0 0 0 0.26532 0.501325 
0 0 0 0 0 0 0 0.204197 0.520526 
0 0 0 0 0 0 0 0.151165 0.535126 
0 0 0 0 0 0 0 0.0911753 0.539299 
0 0 0 0 0 0 0 0.0172641 0.53304 
0 0 0 0 0 0 0 0 0.527149 
0 0 0 0 0 0 0 0 0.507619 
0 0 0 0 0 0 0 0 0.486251 
0 0 0 0 0 0 0 0 0.4675 
0 0 0 0 0 0 0 0 0.449338 
0 0 0 0 0 0 0 0 0.425686 
0 0 0 0 0 0 0 0 0.388939 
0 0 0 0 0 0 0 0 0.335359 
0 0 0 0 0 0 0 0 0.273453 
0 0 0 0 0 0 0 0 0.206076 
0 0 0 0 0 0 0 0 0.141546 
0 0 0 0 0 0 0 0 0.0998763 
0 0 0 0 0 0 0 0 0.0727579 
0 0 0 0 0 0 0 0 0.0629689 
0.0748233 0 0 0 0 0 0 0 0.0727692 
0.164645 0 0 0 0 0 0 0 0.0922059 
0.235953 0 0 0 0 0 0 0 0.114017 
0.316265 0 0 0 0 0 0 0 0.152333 
0.362565 0 0 0 0 0 0 0 0.183568 
0.398729 0 0 0 0 0 0 0 0.217564 
0.425677 0 0 0 0 0 0 0 0.252945 
0.439996 0 0 0 0 0 0 0 0.289223 
0.452596 0 0 0 0 0 0 0 0.3272 
0.449856 0 0 0 0 0 0 0 0.358225 
0.435711 0 0 0 0 0 0 0 0.388343 
0.402472 0 0 0 0 0 0 0 0.417936 
0.34479 0 0 0 0 0 0 0 0.447197 
0.254256 0 0 0 0 0 0 0 0.472145 
0.13244 0 0 0 0 0 0 0 0.493705 
0.00302324 0 0 0 0 0 0 0 0.513725 
0 0 0 0 0 0 0 0 0.530686 
0 0 0 0 0 0 0 0 0.544345 
0 0 0 0 0 0 0 0 0.555137 
0 0 0 0 0 0 0 0 0.562285 
0 0 0 0 0 0 0 0 0.566063 
0 0 0 0 0 0 0 0 0.564336 
0 0 0 0 0 0 0 0 0.554141 
0 0 0 0 0 0 0 0 0.532783 
0 0 0 0 0 0 0 0 0.497847 
0 0 0 0 0 0 0 0 0.448133 
0 0 0 0 0 0 0 0 0.38755 
0 0 0 0 0 0 0 0 0.316899 
0 0 0 0 0 0 0 0 0.254358 
0 0 0 0 0 0 0 0 0.193579 
0 0 0 0 0 0 0 0 0.140028 
0 0 0 0 0 0 0 0 0.103923 
0 0 0 0 0 0 0 0 0.0775157 
0 0 0 0 0 0 0 0 0.0605471 
0 0 0 0 0 0 0 0 0.050393 
0 0 0 0 0 0 0 0 0.052374 
0.0994291 0 0 0 0 0 0 0 0.066717 
0.191811 0 0 0 0 0 0 0 0.104889 
0.264625 0 0 0 0 0 0 0 0.159906 
0.322776 0 0 0 0 0 0 0 0.225552 
0.364444 0 0 0 0 0 0 0 0.301969 
0.392779 0 0 0 0 0 0 0 0.371322 
0.412625 0 0 0 0 0 0 0 0.432784 
0.428317 0 0 0 0 0 0 0 0.486025 
0.447906 0 0 0 0 0 0 0 0.527715 
0.450651 0 0 0 0 0 0 0 0.554918 
0.447865 0 0 0 0 0 0 0 0.569299 
0.445116 0 0 0 0 0 0 0 0.574296 
0.439823 0 0 0 0 0 0 0 0.568858 
0.436303 0 0 0 0 0 0 0 0.553237 
0.425807 0 0 0 0 0 0 0 0.52726 
0.408062 0 0 0 0 0 0 0 0.492208 
0.382736 0 0 0 0 0 0 0 0.451374 
0.347281 0 0 0 0 0 0 0 0.40895 
0.301853 0 0 0 0 0 0 0 0.371395 
0.248068 0 0 0 0 0 0 0 0.343975 
0.190603 0 0 0 0 0 0 0 0.330394 
0.136 0 0 0 0 0 0 0 0.330679 
0.0895348 0 0 0 0 0 0 0 0.342999 
0.0580394 0 0 0 0 0 0 0 0.363372 
0.0432634 0 0 0 0 0 0 0 0.387892 
0.0458082 0 0 0 0 0 0 0 0.413263 
0.0624596 0 0 0 0 0 0 0 0.436493 
0.0898746 0 0 0 0 0 0 0 0.456205 
0.120913 0 0 0 0 0 0 0 0.47204 
0.151698 0 0 0 0 0 0 0 0.483566 
0.180167 0 0 0 0 0 0 0 0.490039 
0.20504 0 0 0 0 0 0 0 0.490451 
0.226443 0 0 0 0 0 0 0 0.483258 
0.244423 0 0 0 0 0 0 0 0.46759 
