0.270478 0 0 0 0 0 0 0 0.541135 
0.298998 0 0 0 0 0 0 0 0.593448 
0.310837 0 0 0 0 0 0 0 0.656453 
0.29455 0 0 0 0 0 0 0 0.685433 
0.301952 0 0 0 0 0 0 0 0.703957 
0.34879 0 0 0 0 0 0 0 0.739423 
0.364949 0 0 0 0 0 0 0 0.751637 
0.369126 0 0 0 0 0 0 0 0.758268 
0.372681 0 0 0 0 0 0 0 0.759552 
0.387406 0 0 0 0 0 0 0 0.75987 
0.395782 0 0 0 0 0 0 0 0.751159 
0.404427 0 0 0 0 0 0 0 0.742691 
0.413518 0 0 0 0 0 0 0 0.734613 
0.42034 0 0 0 0 0 0 0 0.724492 
0.426154 0 0 0 0 0 0 0 0.713541 
0.429807 0 0 0 0 0 0 0 0.701415 
0.432511 0 0 0 0 0 0 0 0.689653 
0.436625 0 0 0 0 0 0 0 0.678996 
0.440048 0 0 0 0 0 0 0 0.670107 
0.443159 0 0 0 0 0 0 0 0.664943 
0.445095 0 0 0 0 0 0 0 0.663815 
0.445506 0 0 0 0 0 0 0 0.667099 
0.443146 0 0 0 0 0 0 0 0.67385 
0.435845 0 0 0 0 0 0 0 0.680791 
0.42389 0 0 0 0 0 0 0 0.687619 
0.412916 0 0 0 0 0 0 0 0.692291 
0.401476 0 0 0 0 0 0 0 0.695776 
0.391057 0 0 0 0 0 0 0 0.699078 
0.381823 0 0 0 0 0 0 0 0.700186 
0.376594 0 0 0 0 0 0 0 0.698805 
0.374733 0 0 0 0 0 0 0 0.696881 
0.381332 0 0 0 0 0 0 0 0.692429 
0.392773 0 0 0 0 0 0 0 0.688747 
0.403871 0 0 0 0 0 0 0 0.682559 
0.414447 0 0 0 0 0 0 0 0.674254 
0.425667 0 0 0 0 0 0 0 0.664998 
0.437601 0 0 0 0 0 0 0 0.656321 
0.446801 0 0 0 0 0 0 0 0.647012 
0.452342 0 0 0 0 0 0 0 0.63769 
0.456777 0 0 0 0 0 0 0 0.630203 
0.45655 0 0 0 0 0 0 0 0.624863 
0.451346 0 0 0 0 0 0 0 0.617335 
0.444684 0 0 0 0 0 0 0 0.618292 
0.431501 0 0 0 0 0 0 0 0.618888 
0.41667 0 0 0 0 0 0 0 0.618583 
0.40046 0 0 0 0 0 0 0 0.620306 
0.383872 0 0 0 0 0 0 0 0.626013 
0.366393 0 0 0 0 0 0 0 0.628014 
0.349807 0 0 0 0 0 0 0 0.632839 
0.340791 0 0 0 0 0 0 0 0.63583 
0.333962 0 0 0 0 0 0 0 0.637915 
0.32635 0 0 0 0 0 0 0 0.638289 
0.314374 0 0 0 0 0 0 0 0.640691 
0.299538 0 0 0 0 0 0 0 0.640008 
0.284251 0 0 0 0 0 0 0 0.636319 
0.270436 0 0 0 0 0 0 0 0.632617 
0.260562 0 0 0 0 0 0 0 0.626207 
0.258137 0 0 0 0 0 0 0 0.619313 
0.264461 0 0 0 0 0 0 0 0.612374 
0.267949 0 0 0 0 0 0 0 0.604233 
0.270906 0 0 0 0 0 0 0 0.598174 
0.274411 0 0 0 0 0 0 0 0.595643 
0.272838 0 0 0 0 0 0 0 0.591278 
0.26863 0 0 0 0 0 0 0 0.599742 
0.258528 0 0 0 0 0 0 0 0.605576 
0.246343 0 0 0 0 0 0 0 0.612557 
0.230729 0 0 0 0 0 0 0 0.618323 
0.213524 0 0 0 0 0 0 0 0.623769 
0.207381 0 0 0 0 0 0 0 0.629595 
0.196187 0 0 0 0 0 0 0 0.629861 
0.193718 0 0 0 0 0 0 0 0.630216 
0.190745 0 0 0 0 0 0 0 0.631362 
0.182288 0 0 0 0 0 0 0 0.629743 
0.173913 0 0 0 0 0 0 0 0.631537 
0.164245 0 0 0 0 0 0 0 0.632675 
0.153098 0 0 0 0 0 0 0 0.632468 
0.140566 0 0 0 0 0 0 0 0.630354 
0.128877 0 0 0 0 0 0 0 0.62565 
0.120788 0 0 0 0 0 0 0 0.618212 
0.118976 0 0 0 0 0 0 0 0.611687 
0.120411 0 0 0 0 0 0 0 0.606402 
0.12073 0 0 0 0 0 0 0 0.602789 
0.119363 0 0 0 0 0 0 0 0.602031 
0.113781 0 0 0 0 0 0 0 0.600824 
0.105956 0 0 0 0 0 0 0 0.604479 
0.0927836 0 0 0 0 0 0 0 0.604971 
0.0761002 0 0 0 0 0 0 0 0.605182 
0.0572129 0 0 0 0 0 0 0 0.606804 
0.0391999 0 0 0 0 0 0 0 0.608435 
0.0224057 0 0 0 0 0 0 0 0.609438 
0.00801938 0 0 0 0 0 0 0 0.608057 
0.00422052 0 0 0 0 0 0 0 0.610122 
0.00588787 0 0 0 0 0 0 0 0.611177 
0.010438 0 0 0 0 0 0 0 0.614255 
0.0168176 0 0 0 0 0 0 0 0.616176 
0.0254039 0 0 0 0 0 0 0 0.616984 
0.0318601 0 0 0 0 0 0 0 0.614372 
0.0329122 0 0 0 0 0 0 0 0.61046 
0.032006 0 0 0 0 0 0 0 0.606187 
0.0316537 0 0 0 0 0 0 0 0.602093 
0.0356578 0 0 0 0 0 0 0 0.598056 
0.0425678 0 0 0 0 0 0 0 0.59441 
0.052199 0 0 0 0 0 0 0 0.592345 
0.0647924 0 0 0 0 0 0 0 0.592656 
0.0769332 0 0 0 0 0 0 0 0.596346 
0.0807269 0 0 0 0 0 0 0 0.597726 
0.0756427 0 0 0 0 0 0 0 0.5996 
0.059096 0 0 0 0 0 0 0 0.585052 
0.0456061 0 0 0 0 0 0 0 0.589031 
0.0499615 0 0 0 0 0 0 0 0.606953 
0.0437831 0 0 0 0 0 0 0 0.607084 
0.0415511 0 0 0 0 0 0 0 0.601998 
0.046727 0 0 0 0 0 0 0 0.600823 
0.0542645 0 0 0 0 0 0 0 0.608844 
0.0597491 0 0 0 0 0 0 0 0.615706 
0.064185 0 0 0 0 0 0 0 0.621546 
0.0649834 0 0 0 0 0 0 0 0.6264 
0.0592061 0 0 0 0 0 0 0 0.627881 
0.0481705 0 0 0 0 0 0 0 0.627587 
0.0315057 0 0 0 0 0 0 0 0.625802 
0.0123729 0 0 0 0 0 0 0 0.622063 
0 0 0 0 0 0 0 0 0.618757 
0 0 0 0 0 0 0 0 0.615022 
0 0 0 0 0 0 0 0 0.612473 
0 0 0 0 0 0 0 0 0.599567 
0 0 0 0 0 0 0 0 0.601979 
0 0 0 0 0 0 0 0 0.602775 
0 0 0 0 0 0 0 0 0.598042 
0 0 0 0 0 0 0 0 0.595861 
0 0 0 0 0 0 0 0 0.594475 
0 0 0 0 0 0 0 0 0.590602 
0 0 0 0 0 0 0 0 0.59234 
0 0 0 0 0 0 0 0 0.598406 
0 0 0 0 0 0 0 0 0.602447 
0 0 0 0 0 0 0 0 0.60848 
0 0 0 0 0 0 0 0 0.617998 
0 0 0 0 0 0 0 0 0.626588 
0 0 0 0 0 0 0 0 0.635415 
0 0 0 0 0 0 0 0 0.643476 
0 0 0 0 0 0 0 0 0.650863 
0 0 0 0 0 0 0 0 0.656157 
0 0 0 0 0 0 0 0 0.659917 
0.0147153 0 0 0 0 0 0 0 0.661794 
0.0334877 0 0 0 0 0 0 0 0.663036 
0.049162 0 0 0 0 0 0 0 0.662832 
0.053548 0 0 0 0 0 0 0 0.657307 
0.0623841 0 0 0 0 0 0 0 0.653944 
0.0697112 0 0 0 0 0 0 0 0.652176 
0.0728652 0 0 0 0 0 0 0 0.649758 
0.0787436 0 0 0 0 0 0 0 0.652372 
0.0843882 0 0 0 0 0 0 0 0.656736 
0.0883239 0 0 0 0 0 0 0 0.655747 
0.0873736 0 0 0 0 0 0 0 0.652611 
0.0803347 0 0 0 0 0 0 0 0.647926 
0.0719023 0 0 0 0 0 0 0 0.646474 
0.0625108 0 0 0 0 0 0 0 0.647681 
0.0457093 0 0 0 0 0 0 0 0.65186 
0.0273788 0 0 0 0 0 0 0 0.656127 
0.0135488 0 0 0 0 0 0 0 0.660226 
0.00797753 0 0 0 0 0 0 0 0.665127 
0.0122943 0 0 0 0 0 0 0 0.669933 
0.0239735 0 0 0 0 0 0 0 0.672524 
0.0415306 0 0 0 0 0 0 0 0.672721 
0.0633264 0 0 0 0 0 0 0 0.671537 
0.0869066 0 0 0 0 0 0 0 0.668411 
0.112416 0 0 0 0 0 0 0 0.666994 
0.131703 0 0 0 0 0 0 0 0.663073 
0.145258 0 0 0 0 0 0 0 0.658667 
0.153984 0 0 0 0 0 0 0 0.65552 
0.15812 0 0 0 0 0 0 0 0.652649 
0.162568 0 0 0 0 0 0 0 0.652362 
0.166196 0 0 0 0 0 0 0 0.651928 
0.168858 0 0 0 0 0 0 0 0.653509 
0.17005 0 0 0 0 0 0 0 0.65918 
0.165183 0 0 0 0 0 0 0 0.66425 
0.155591 0 0 0 0 0 0 0 0.669228 
0.143673 0 0 0 0 0 0 0 0.673908 
0.128333 0 0 0 0 0 0 0 0.675826 
0.114612 0 0 0 0 0 0 0 0.68102 
0.10218 0 0 0 0 0 0 0 0.685992 
0.0910885 0 0 0 0 0 0 0 0.69192 
0.0817787 0 0 0 0 0 0 0 0.696382 
0.0796451 0 0 0 0 0 0 0 0.702402 
0.0839632 0 0 0 0 0 0 0 0.707807 
0.094808 0 0 0 0 0 0 0 0.710411 
0.111353 0 0 0 0 0 0 0 0.709774 
0.133743 0 0 0 0 0 0 0 0.705248 
0.154702 0 0 0 0 0 0 0 0.694284 
0.172988 0 0 0 0 0 0 0 0.680855 
0.188454 0 0 0 0 0 0 0 0.665456 
0.189629 0 0 0 0 0 0 0 0.638606 
0.218001 0 0 0 0 0 0 0 0.62794 
0.248376 0 0 0 0 0 0 0 0.624323 
0.272002 0 0 0 0 0 0 0 0.610909 
0.308804 0 0 0 0 0 0 0 0.60634 
0.336058 0 0 0 0 0 0 0 0.601963 
0.357995 0 0 0 0 0 0 0 0.600771 
0.361839 0 0 0 0 0 0 0 0.599663 
0.353933 0 0 0 0 0 0 0 0.599661 
0.341864 0 0 0 0 0 0 0 0.603963 
0.325149 0 0 0 0 0 0 0 0.608455 
0.297519 0 0 0 0 0 0 0 0.616398 
0.277616 0 0 0 0 0 0 0 0.623621 
0.275488 0 0 0 0 0 0 0 0.627759 
0.275129 0 0 0 0 0 0 0 0.631906 
0.282094 0 0 0 0 0 0 0 0.633383 
0.295429 0 0 0 0 0 0 0 0.632478 
0.31118 0 0 0 0 0 0 0 0.627035 
0.326815 0 0 0 0 0 0 0 0.619572 
0.338907 0 0 0 0 0 0 0 0.610936 
0.343733 0 0 0 0 0 0 0 0.601741 
0.34462 0 0 0 0 0 0 0 0.593286 
0.340701 0 0 0 0 0 0 0 0.583908 
0.339683 0 0 0 0 0 0 0 0.586273 
0.329051 0 0 0 0 0 0 0 0.586123 
0.310705 0 0 0 0 0 0 0 0.58716 
0.290335 0 0 0 0 0 0 0 0.591633 
0.266498 0 0 0 0 0 0 0 0.599858 
0.236511 0 0 0 0 0 0 0 0.608744 
0.203547 0 0 0 0 0 0 0 0.621808 
0.16381 0 0 0 0 0 0 0 0.631581 
0.120862 0 0 0 0 0 0 0 0.640694 
0.0786061 0 0 0 0 0 0 0 0.645519 
0.0388141 0 0 0 0 0 0 0 0.642511 
0.00766088 0 0 0 0 0 0 0 0.640376 
0 0 0 0 0 0 0 0 0.651532 
0 0 0 0 0 0 0 0 0.653583 
0 0 0 0 0 0 0 0 0.658167 
0 0 0 0 0 0 0 0 0.661347 
0 0 0 0 0 0 0 0 0.656427 
0 0 0 0 0 0 0 0 0.648413 
0 0 0 0 0 0 0 0 0.639426 
0 0 0 0 0 0 0 0 0.630618 
0 0 0 0 0 0 0 0 0.621528 
0.0143421 0 0 0 0 0 0 0 0.604616 
0.0352373 0 0 0 0 0 0 0 0.597325 
0.0608664 0 0 0 0 0 0 0 0.595437 
0.0831587 0 0 0 0 0 0 0 0.579017 
0.106426 0 0 0 0 0 0 0 0.567274 
0.122347 0 0 0 0 0 0 0 0.570313 
0.129547 0 0 0 0 0 0 0 0.571626 
0.123655 0 0 0 0 0 0 0 0.560476 
0.115201 0 0 0 0 0 0 0 0.572027 
0.0971301 0 0 0 0 0 0 0 0.589318 
0.082703 0 0 0 0 0 0 0 0.592408 
0.0769603 0 0 0 0 0 0 0 0.58999 
0.0718996 0 0 0 0 0 0 0 0.59016 
0.0711166 0 0 0 0 0 0 0 0.592875 
0.0659102 0 0 0 0 0 0 0 0.594287 
0.0600175 0 0 0 0 0 0 0 0.592204 
0.05358 0 0 0 0 0 0 0 0.58767 
0.047325 0 0 0 0 0 0 0 0.580841 
0.0439955 0 0 0 0 0 0 0 0.574685 
0.0414271 0 0 0 0 0 0 0 0.567652 
0.0406343 0 0 0 0 0 0 0 0.561986 
0.0369924 0 0 0 0 0 0 0 0.553173 
0.0326736 0 0 0 0 0 0 0 0.547695 
0 0 0 0 0 0 0 0 0.544007 
0 0 0 0 0 0 0 0 0.544411 
0 0 0 0 0 0 0 0 0.546834 
0 0 0 0 0 0 0 0 0.550704 
0 0 0 0 0 0 0 0 0.556314 
0 0 0 0 0 0 0 0 0.563734 
0 0 0 0 0 0 0 0 0.571189 
0 0 0 0 0 0 0 0 0.579806 
0 0 0 0 0 0 0 0 0.586266 
0 0 0 0 0 0 0 0 0.591507 
0 0 0 0 0 0 0 0 0.596187 
0 0 0 0 0 0 0 0 0.595947 
0 0 0 0 0 0 0 0 0.591847 
0 0 0 0 0 0 0 0 0.585147 
0 0 0 0 0 0 0 0 0.57758 
0 0 0 0 0 0 0 0 0.568995 
0 0 0 0 0 0 0 0 0.559794 
0 0 0 0 0 0 0 0 0.552679 
0 0 0 0 0 0 0 0 0.545407 
0 0 0 0 0 0 0 0 0.536262 
0 0 0 0 0 0 0 0 0.523984 
0 0 0 0 0 0 0 0 0.513553 
0 0 0 0 0 0 0 0 0.502435 
0 0 0 0 0 0 0 0 0.494625 
0 0 0 0 0 0 0 0 0.487579 
0 0 0 0 0 0 0 0 0.480164 
0 0 0 0 0 0 0 0 0.474878 
0 0 0 0 0 0 0 0 0.473457 
0 0 0 0 0 0 0 0 0.478604 
0 0 0 0 0 0 0 0 0.48827 
0 0 0 0 0 0 0 0 0.507344 
0 0 0 0 0 0 0 0 0.531553 
0 0 0 0 0 0 0 0 0.556274 
0 0 0 0 0 0 0 0 0.573179 
0 0 0 0 0 0 0 0 0.583183 
0 0 0 0 0 0 0 0 0.587118 
0 0 0 0 0 0 0 0 0.588563 
0 0 0 0 0 0 0 0 0.588952 
0 0 0 0 0 0 0 0 0.589886 
0 0 0 0 0 0 0 0 0.591101 
0 0 0 0 0 0 0 0 0.592547 
0 0 0 0 0 0 0 0 0.589173 
0 0 0 0 0 0 0 0 0.582441 
0 0 0 0 0 0 0 0 0.572551 
0 0 0 0 0 0 0 0 0.569649 
0 0 0 0 0 0 0 0 0.570928 
0 0 0 0 0 0 0 0 0.576506 
0 0 0 0 0 0 0 0 0.584416 
0 0 0 0 0 0 0 0 0.591487 
0 0 0 0 0 0 0 0 0.596662 
0 0 0 0 0 0 0 0 0.601779 
0 0 0 0 0 0 0 0 0.608422 
0 0 0 0 0 0 0 0 0.610758 
0 0 0 0 0 0 0 0 0.611269 
0 0 0 0 0 0 0 0 0.612339 
0 0 0 0 0 0 0 0 0.612676 
0 0 0 0 0 0 0 0 0.612912 
0 0 0 0 0 0 0 0 0.611926 
0 0 0 0 0 0 0 0 0.610802 
0 0 0 0 0 0 0 0 0.610763 
0 0 0 0 0 0 0 0 0.609514 
0 0 0 0 0 0 0 0 0.599476 
0 0 0 0 0 0 0 0 0.593661 
0 0 0 0 0 0 0 0 0.591033 
0 0 0 0 0 0 0 0 0.588048 
0 0 0 0 0 0 0 0 0.586664 
0 0 0 0 0 0 0 0 0.584108 
0 0 0 0 0 0 0 0 0.581918 
0 0 0 0 0 0 0 0 0.581426 
0 0 0 0 0 0 0 0 0.583066 
0 0 0 0 0 0 0 0 0.585782 
0 0 0 0 0 0 0 0 0.589134 
0 0 0 0 0 0 0 0 0.597876 
0 0 0 0 0 0 0 0 0.611876 
0 0 0 0 0 0 0 0 0.62563 
0 0 0 0 0 0 0 0 0.635103 
0 0 0 0 0 0 0 0 0.640243 
0 0 0 0 0 0 0 0 0.640585 
0 0 0 0 0 0 0 0 0.635958 
0 0 0 0 0 0 0 0 0.626653 
0 0 0 0 0 0 0 0 0.613501 
0 0 0 0 0 0 0 0 0.600631 
0 0 0 0 0 0 0 0 0.576325 
0 0 0 0 0 0 0 0 0.571124 
0.0101906 0 0 0 0 0 0 0 0.574927 
0.0451278 0 0 0 0 0 0 0 0.574655 
0.0665392 0 0 0 0 0 0 0 0.567895 
0.101204 0 0 0 0 0 0 0 0.558956 
0.130761 0 0 0 0 0 0 0 0.555618 
0.15965 0 0 0 0 0 0 0 0.556729 
0.185423 0 0 0 0 0 0 0 0.570228 
0.201574 0 0 0 0 0 0 0 0.580431 
0.207137 0 0 0 0 0 0 0 0.585494 
0.209024 0 0 0 0 0 0 0 0.590109 
0.209973 0 0 0 0 0 0 0 0.590999 
0.209713 0 0 0 0 0 0 0 0.583467 
0.201964 0 0 0 0 0 0 0 0.587723 
0.185246 0 0 0 0 0 0 0 0.597952 
0.16575 0 0 0 0 0 0 0 0.604737 
0.147212 0 0 0 0 0 0 0 0.610427 
0.136206 0 0 0 0 0 0 0 0.60974 
0.134517 0 0 0 0 0 0 0 0.604754 
0.146239 0 0 0 0 0 0 0 0.60205 
0.158005 0 0 0 0 0 0 0 0.592085 
0.167806 0 0 0 0 0 0 0 0.582545 
0.171549 0 0 0 0 0 0 0 0.574682 
0.171186 0 0 0 0 0 0 0 0.560813 
0.168531 0 0 0 0 0 0 0 0.557225 
0.166645 0 0 0 0 0 0 0 0.55973 
0.163051 0 0 0 0 0 0 0 0.55758 
0.16696 0 0 0 0 0 0 0 0.556908 
0.167395 0 0 0 0 0 0 0 0.554918 
0.163019 0 0 0 0 0 0 0 0.555013 
0.153216 0 0 0 0 0 0 0 0.556034 
0.139753 0 0 0 0 0 0 0 0.559012 
0.125493 0 0 0 0 0 0 0 0.563759 
0.112276 0 0 0 0 0 0 0 0.562214 
0.115651 0 0 0 0 0 0 0 0.579125 
0.110706 0 0 0 0 0 0 0 0.588175 
0.106332 0 0 0 0 0 0 0 0.59524 
0.0859184 0 0 0 0 0 0 0 0.597468 
0.0602164 0 0 0 0 0 0 0 0.601394 
0.030658 0 0 0 0 0 0 0 0.597866 
0 0 0 0 0 0 0 0 0.586405 
0 0 0 0 0 0 0 0 0.584166 
0 0 0 0 0 0 0 0 0.57661 
0.00319527 0 0 0 0 0 0 0 0.567354 
0.00714182 0 0 0 0 0 0 0 0.559884 
0.0153056 0 0 0 0 0 0 0 0.557171 
0.0212163 0 0 0 0 0 0 0 0.559134 
0.024456 0 0 0 0 0 0 0 0.565979 
0.0225196 0 0 0 0 0 0 0 0.574873 
0.0136617 0 0 0 0 0 0 0 0.582416 
0 0 0 0 0 0 0 0 0.586505 
0 0 0 0 0 0 0 0 0.589457 
0 0 0 0 0 0 0 0 0.590109 
0 0 0 0 0 0 0 0 0.587136 
0 0 0 0 0 0 0 0 0.576265 
0 0 0 0 0 0 0 0 0.576283 
0 0 0 0 0 0 0 0 0.557869 
0.0539541 0 0 0 0 0 0 0 0.584267 
0.0504848 0 0 0 0 0 0 0 0.588961 
0.0473296 0 0 0 0 0 0 0 0.601252 
0.0480521 0 0 0 0 0 0 0 0.616395 
0.0479253 0 0 0 0 0 0 0 0.623096 
0.0474873 0 0 0 0 0 0 0 0.623651 
0.04943 0 0 0 0 0 0 0 0.621527 
0.0571931 0 0 0 0 0 0 0 0.621382 
0.0640684 0 0 0 0 0 0 0 0.618937 
0.086872 0 0 0 0 0 0 0 0.62484 
0.100225 0 0 0 0 0 0 0 0.62851 
0.111008 0 0 0 0 0 0 0 0.626874 
0.116721 0 0 0 0 0 0 0 0.624541 
0.119438 0 0 0 0 0 0 0 0.622957 
0.114778 0 0 0 0 0 0 0 0.617933 
0.105675 0 0 0 0 0 0 0 0.612675 
0.0928155 0 0 0 0 0 0 0 0.60777 
0.0763326 0 0 0 0 0 0 0 0.602876 
0.0573726 0 0 0 0 0 0 0 0.598847 
0.0403986 0 0 0 0 0 0 0 0.594548 
0.0208493 0 0 0 0 0 0 0 0.592695 
0.00142922 0 0 0 0 0 0 0 0.596353 
0 0 0 0 0 0 0 0 0.598064 
0 0 0 0 0 0 0 0 0.599079 
0 0 0 0 0 0 0 0 0.599472 
0 0 0 0 0 0 0 0 0.596686 
0 0 0 0 0 0 0 0 0.59223 
0 0 0 0 0 0 0 0 0.586503 
0 0 0 0 0 0 0 0 0.580389 
0 0 0 0 0 0 0 0 0.571165 
0 0 0 0 0 0 0 0 0.563291 
0 0 0 0 0 0 0 0 0.557021 
0 0 0 0 0 0 0 0 0.543365 
0 0 0 0 0 0 0 0 0.535293 
0 0 0 0 0 0 0 0 0.524511 
0 0 0 0 0 0 0 0 0.514231 
0 0 0 0 0 0 0 0 0.50218 
0 0 0 0 0 0 0 0 0.486457 
0 0 0 0 0 0 0 0 0.468971 
0 0 0 0 0 0 0 0 0.450997 
0 0 0 0 0 0 0 0 0.431573 
0 0 0 0 0 0 0 0 0.418309 
0 0 0 0 0 0 0 0 0.401379 
0 0 0 0 0 0 0 0 0.378273 
0 0 0 0 0 0 0 0 0.354234 
0 0 0 0 0 0 0 0 0.321102 
0 0 0 0 0 0 0 0 0.279224 
0 0 0 0 0 0 0 0 0.225601 
0 0 0 0 0 0 0 0 0.163903 
0 0 0 0 0 0 0 0 0.096307 
0 0 0 0 0 0 0 0 0.0248105 
0 0 0 0 0 0 0 0 0 
0 0 0 0 0 0 0 0 0 
0 0 0 0 0 0 0 0 0 
0 0 0 0 0 0 0 0 0 
0 0 0 0 0 0 0 0 0 
0 0 0 0 0 0 0 0 0 
0 0 0 0 0 0 0 0 0 
0 0 0 0 0 0 0 0 0 
0 0 0 0 0 0 0 0 0 
0 0 0 0 0 0 0 0 0 
0 0 0 0 0 0 0 0 0 
0 0 0 0 0 0 0 0 0 
0 0 0 0 0 0 0 0 0 
0 0 0 0 0 0 0 0 0 
0 0 0 0 0 0 0 0 0 
0 0 0 0 0 0 0 0 0 
0 0 0 0 0 0 0 0 0 
0 0 0 0 0 0 0 0 0 
0 0 0 0 0 0 0 0 0 
0 0 0 0 0 0 0 0 0 
0 0 0 0 0 0 0 0 0 
0 0 0 0 0 0 0 0 0 
0 0 0 0 0 0 0 0 0 
0 0 0 0 0 0 0 0 0 
0 0 0 0 0 0 0 0 0 
0 0 0 0 0 0 0 0 0 
0 0 0 0 0 0 0 0 0 
0 0 0 0 0 0 0 0 0 
0 0 0 0 0 0 0 0 0 
0 0 0 0 0 0 0 0 0 
0 0 0 0 0 0 0 0 0 
0 0 0 0 0 0 0 0 0 
0 0 0 0 0 0 0 0 0 
0 0 0 0 0 0 0 0 0 
0 0 0 0 0 0 0 0 0 
0 0 0 0 0 0 0 0 0 
0 0 0 0 0 0 0 0 0 
0 0 0 0 0 0 0 0 0 
0 0 0 0 0 0 0 0 0 
0 0 0 0 0 0 0 0 0 
0 0 0 0 0 0 0 0 0 
0 0 0 0 0 0 0 0 0 
0 0 0 0 0 0 0 0 0 
0 0 0 0 0 0 0 0 0 
0 0 0 0 0 0 0 0 0 
0 0 0 0 0 0 0 0 0 
0 0 0 0 0 0 0 0 0 
0 0 0 0 0 0 0 0 0 
0 0 0 0 0 0 0 0 0 
0 0 0 0 0 0 0 0 0 
0 0 0 0 0 0 0 0 0 
0 0 0 0 0 0 0 0 0 
0 0 0 0 0 0 0 0 0 
0 0 0 0 0 0 0 0 0 
0 0 0 0 0 0 0 0 0 
0 0 0 0 0 0 0 0 0 
0 0 0 0 0 0 0 0 0 
0 0 0 0 0 0 0 0 0 
0 0 0 0 0 0 0 0 0 
0 0 0 0 0 0 0 0 0 
0 0 0 0 0 0 0 0 0 
0 0 0 0 0 0 0 0 0 
0 0 0 0 0 0 0 0 0 
0 0 0 0 0 0 0 0 0 
0 0 0 0 0 0 0 0 0 
0 0 0 0 0 0 0 0 0 
0 0 0 0 0 0 0 0 0 
0 0 0 0 0 0 0 0 0 
0 0 0 0 0 0 0 0 0 
0 0 0 0 0 0 0 0 0 
0 0 0 0 0 0 0 0 0 
0 0 0 0 0 0 0 0 0 
0 0 0 0 0 0 0 0 0 
0 0 0 0 0 0 0 0 0 
0 0 0 0 0 0 0 0 0 
0 0 0 0 0 0 0 0 0 
0 0 0 0 0 0 0 0 0 
0 0 0 0 0 0 0 0 0 
0 0 0 0 0 0 0 0 0 
0 0 0 0 0 0 0 0 0 
0 0 0 0 0 0 0 0 0 
0 0 0 0 0 0 0 0 0 
0 0 0 0 0 0 0 0 0 
0 0 0 0 0 0 0 0 0 
0 0 0 0 0 0 0 0 0 
0 0 0 0 0 0 0 0 0 
0 0 0 0 0 0 0 0 0 
0 0 0 0 0 0 0 0 0 
0 0 0 0 0 0 0 0 0 
0 0 0 0 0 0 0 0 0 
0 0 0 0 0 0 0 0 0 
0 0 0 0 0 0 0 0 0 
0 0 0 0 0 0 0 0 0 
0 0 0 0 0 0 0 0 0 
0 0 0 0 0 0 0 0 0 
0 0 0 0 0 0 0 0 0 
0 0 0 0 0 0 0 0 0 
0 0 0 0 0 0 0 0 0 
0 0 0 0 0 0 0 0 0 
0 0 0 0 0 0 0 0 0 
0 0 0 0 0 0 0 0 0 
0 0 0 0 0 0 0 0 0 
0 0 0 0 0 0 0 0 0 
0 0 0 0 0 0 0 0 0 
0 0 0 0 0 0 0 0 0 
0 0 0 0 0 0 0 0 0 
0 0 0 0 0 0 0 0 0 
0 0 0 0 0 0 0 0 0 
0 0 0 0 0 0 0 0 0 
0 0 0 0 0 0 0 0 0 
0 0 0 0 0 0 0 0 0 
0 0 0 0 0 0 0 0 0 
0 0 0 0 0 0 0 0 0 
0 0 0 0 0 0 0 0 0 
0 0 0 0 0 0 0 0 0 
0 0 0 0 0 0 0 0 0 
0 0 0 0 0 0 0 0 0 
0 0 0 0 0 0 0 0 0 
0 0 0 0 0 0 0 0 0 
0 0 0 0 0 0 0 0 0 
0 0 0 0 0 0 0 0 0 
0 0 0 0 0 0 0 0 0 
0 0 0 0 0 0 0 0 0 
0 0 0 0 0 0 0 0 0 
0 0 0 0 0 0 0 0 0 
0 0 0 0 0 0 0 0 0 
0 0 0 0 0 0 0 0 0 
0 0 0 0 0 0 0 0 0 
0 0 0 0 0 0 0 0 0 
0 0 0 0 0 0 0 0 0 
0 0 0 0 0 0 0 0 0 
0 0 0 0 0 0 0 0 0 
0 0 0 0 0 0 0 0 0 
0 0 0 0 0 0 0 0 0 
0 0 0 0 0 0 0 0 0 
0 0 0 0 0 0 0 0 0 
0 0 0 0 0 0 0 0 0 
0 0 0 0 0 0 0 0 0 
0 0 0 0 0 0 0 0 0 
0 0 0 0 0 0 0 0 0 
0 0 0 0 0 0 0 0 0 
0 0 0 0 0 0 0 0 0 
0 0 0 0 0 0 0 0 0 
0 0 0 0 0 0 0 0 0 
0 0 0 0 0 0 0 0 0 
0 0 0 0 0 0 0 0 0 
0 0 0 0 0 0 0 0 0 
0 0 0 0 0 0 0 0 0 
0 0 0 0 0 0 0 0 0 
0 0 0 0 0 0 0 0 0 
