0 0.877291 0 0 0 0.128983 0 0 0 
0 0.876682 0 0 0 0.130489 0 0 0 
0 0.875949 0 0 0 0.130287 0 0 0 
0 0.875039 0 0 0 0.130061 0 0 0 
0 0.873947 0 0 0 0.130436 0 0 0 
0 0.872566 0 0 0 0.130234 0 0 0 
0 0.871027 0 0 0 0.130005 0 0 0 
0 0.869317 0 0 0 0.130095 0 0 0 
0 0.867489 0 0 0 0.130427 0 0 0 
0 0.865329 0 0 0 0.130242 0 0 0 
0 0.863017 0 0 0 0.130195 0 0 0 
0 0.860576 0 0 0 0.130377 0 0 0 
0 0.857828 0 0 0 0.13051 0 0 0 
0 0.854789 0 0 0 0.130654 0 0 0 
0 0.851312 0 0 0 0.129976 0 0 0 
0 0.847547 0 0 0 0.129786 0 0 0 
0 0.843475 0 0 0 0.130155 0 0 0 
0 0.838926 0 0 0 0.131239 0 0 0 
0 0.833827 0 0 0 0.132331 0 0 0 
0 0.828325 0 0 0 0.132606 0 0 0 
0 0.82232 0 0 0 0.132299 0 0 0 
0 0.816098 0 0 0 0.131878 0 0 0 
0 0.809799 0 0 0 0.131246 0 0 0 
0 0.803165 0 0 0 0.128795 0 0 0 
0 0.796476 0 0 0 0.124467 0 0 0 
0 0.789874 0 0 0 0.118536 0 0 0 
0 0.783336 0 0 0 0.110518 0 0 0 
0 0.776878 0 0 0 0.0974733 0 0 0 
0 0.770569 0 0 0 0.0788913 0 0 0 
0 0.764337 0 0 0 0.0513983 0 0 0 
0 0.758214 0 0 0 0.0152694 0 0 0 
0 0.752265 0 0 0 0 0 0 0 
0 0.746453 0 0 0 0 0 0 0 
0 0.740709 0 0 0 0 0 0.0535196 0 
0 0.735018 0 0 0 0 0 0.107688 0 
0 0.729405 0 0 0 0 0 0.161186 0 
0 0.723826 0 0 0 0 0 0.214349 0 
0 0.718196 0 0 0 0 0 0.265902 0 
0 0.712474 0 0 0 0 0 0.316124 0 
0 0.706621 0 0 0 0 0 0.365673 0 
0 0.700512 0 0 0 0 0 0.41326 0 
0 0.694214 0 0 0 0 0 0.459211 0 
0 0.687681 0 0 0 0 0 0.503707 0 
0 0.680868 0 0 0 0 0 0.546657 0 
0 0.67372 0 0 0 0 0 0.587547 0 
0 0.666373 0 0 0 0 0 0.626588 0 
0 0.658859 0 0 0 0 0 0.663482 0 
0 0.651076 0 0 0 0 0 0.697643 0 
0 0.643184 0 0 0 0 0 0.729035 0 
0 0.635138 0 0 0 0 0 0.75683 0 
0 0.626904 0 0 0 0 0 0.780447 0 
0 0.61852 0 0 0 0 0 0.800034 0 
0 0.610052 0 0 0 0 0 0.816317 0 
0 0.601473 0 0 0 0 0 0.830146 0 
0 0.5928 0 0 0 0 0 0.84227 0 
0 0.58414 0 0 0 0 0 0.853432 0 
0 0.575372 0 0 0 0 0 0.863544 0 
0 0.566725 0 0 0 0 0 0.872733 0 
0 0.558262 0 0 0 0 0 0.880973 0 
0 0.549914 0 0 0 0 0 0.888096 0 
0 0.541812 0 0 0 0 0 0.894295 0 
0 0.533826 0 0 0 0 0 0.899571 0 
0 0.525994 0 0 0 0 0 0.904086 0 
0 0.518253 0 0 0 0 0 0.907939 0 
0 0.510659 0 0 0 0 0 0.911366 0 
0 0.502987 0 0 0 0 0 0.914727 0 
0 0.495147 0 0 0 0 0 0.917804 0 
0 0.487004 0 0 0 0 0 0.920387 0 
0 0.478428 0 0 0 0 0 0.922295 0 
0 0.469345 0 0 0 0 0 0.923519 0 
0 0.459615 0 0 0 0 0 0.924119 0 
0 0.449187 0 0 0 0 0 0.924164 0 
0 0.43801 0 0 0 0 0 0.923883 0.0260856 
0 0.425972 0 0 0 0 0 0.923247 0.0615504 
0 0.41305 0 0 0 0 0 0.921829 0.0976752 
0 0.399245 0 0 0 0 0 0.919269 0.133649 
0 0.384597 0 0 0 0 0 0.915596 0.169017 
0 0.369046 0 0 0 0 0 0.910811 0.203321 
0 0.352625 0 0 0 0 0 0.905051 0.236252 
0 0.335384 0 0 0 0 0 0.89873 0.267973 
0 0.317371 0 0 0 0 0 0.891969 0.299004 
0 0.298745 0 0 0 0 0 0.884623 0.328427 
0 0.279532 0 0 0 0 0 0.875851 0.3562 
0 0.259754 0 0 0 0 0 0.864953 0.382929 
0 0.239636 0 0 0 0 0 0.850851 0.408267 
0 0.219278 0 0 0 0 0 0.83268 0.432349 
0 0.19862 0 0 0 0 0 0.809414 0.455283 
0 0.178016 0 0 0 0 0 0.780875 0.476185 
0 0.157202 0 0 0 0 0 0.74684 0.497132 
0 0.136326 0 0 0 0 0 0.707019 0.520039 
0 0.115356 0 0 0 0 0 0.659103 0.542802 
0 0.0944703 0 0 0 0 0 0.603145 0.561858 
0 0.0733597 0 0 0 0 0 0.53811 0.587309 
0 0.0519648 0 0 0 0 0 0.463181 0.613601 
0 0.0303783 0 0 0 0 0 0.376975 0.639728 
0 0.00849332 0 0 0 0 0 0.280074 0.666271 
0 0 0 0 0 0 0 0.174646 0.690449 
0.0952355 0 0 0 0 0 0 0.0640465 0.712287 
0.194184 0 0 0 0 0 0 0 0.73475 
0.285875 0 0 0 0 0 0 0 0.756642 
0.371428 0 0 0 0 0 0 0 0.772032 
0.440812 0 0 0 0 0 0 0 0.784991 
0.50742 0 0 0 0 0 0 0 0.796008 
0.548488 0 0 0 0 0 0 0 0.803812 
0.596066 0 0 0 0 0 0 0 0.812974 
0.629904 0 0 0 0 0 0 0 0.821727 
0.662851 0 0 0 0 0 0 0 0.831329 
0.687314 0 0 0 0 0 0 0 0.837153 
0.710522 0 0 0 0 0 0 0 0.842759 
0.722878 0 0 0 0 0 0 0 0.844804 
0.732379 0 0 0 0 0 0 0 0.844748 
0.738852 0 0 0 0 0 0 0 0.844218 
0.742834 0 0 0 0 0 0 0 0.842439 
0.744847 0 0 0 0 0 0 0 0.839475 
0.746208 0 0 0 0 0 0 0 0.836245 
0.747807 0 0 0 0 0 0 0 0.83135 
0.746364 0 0 0 0 0 0 0 0.823027 
0.748456 0 0 0 0 0 0 0 0.825565 
0.75029 0 0 0 0 0 0 0 0.826474 
0.753038 0 0 0 0 0 0 0 0.831403 
0.75474 0 0 0 0 0 0 0 0.834575 
0.755579 0 0 0 0 0 0 0 0.838142 
0.755811 0 0 0 0 0 0 0 0.840764 
0.754175 0 0 0 0 0 0 0 0.842129 
0.751828 0 0 0 0 0 0 0 0.84292 
0.748783 0 0 0 0 0 0 0 0.842436 
0.745808 0 0 0 0 0 0 0 0.842328 
0.743304 0 0 0 0 0 0 0 0.842349 
0.74321 0 0 0 0 0 0 0 0.842311 
0.744028 0 0 0 0 0 0 0 0.843501 
0.750837 0 0 0 0 0 0 0 0.844459 
0.760409 0 0 0 0 0 0 0 0.846799 
0.763408 0 0 0 0 0 0 0 0.846763 
0.76291 0 0 0 0 0 0 0 0.846173 
0.761431 0 0 0 0 0 0 0 0.845494 
0.76002 0 0 0 0 0 0 0 0.844544 
0.758878 0 0 0 0 0 0 0 0.845087 
0.757481 0 0 0 0 0 0 0 0.845913 
0.755752 0 0 0 0 0 0 0 0.846137 
0.752494 0 0 0 0 0 0 0 0.845218 
0.749041 0 0 0 0 0 0 0 0.844514 
0.745833 0 0 0 0 0 0 0 0.844224 
0.74371 0 0 0 0 0 0 0 0.843991 
0.74236 0 0 0 0 0 0 0 0.843092 
0.744273 0 0 0 0 0 0 0 0.843035 
0.744545 0 0 0 0 0 0 0 0.842962 
0.744653 0 0 0 0 0 0 0 0.842656 
0.744122 0 0 0 0 0 0 0 0.842535 
0.743649 0 0 0 0 0 0 0 0.842307 
0.743091 0 0 0 0 0 0 0 0.841719 
0.742495 0 0 0 0 0 0 0 0.8414 
0.742142 0 0 0 0 0 0 0 0.840906 
0.741402 0 0 0 0 0 0 0 0.840108 
0.740339 0 0 0 0 0 0 0 0.839799 
0.739955 0 0 0 0 0 0 0 0.839449 
0.739481 0 0 0 0 0 0 0 0.839136 
0.739089 0 0 0 0 0 0 0 0.838939 
0.738373 0 0 0 0 0 0 0 0.838844 
0.737437 0 0 0 0 0 0 0 0.838664 
0.736743 0 0 0 0 0 0 0 0.838647 
0.736201 0 0 0 0 0 0 0 0.838661 
0.735736 0 0 0 0 0 0 0 0.838673 
0.735275 0 0 0 0 0 0 0 0.838709 
0.734944 0 0 0 0 0 0 0 0.838667 
0.734647 0 0 0 0 0 0 0 0.838711 
0.734645 0 0 0 0 0 0 0 0.838749 
0.734597 0 0 0 0 0 0 0 0.838613 
0.734967 0 0 0 0 0 0 0 0.838511 
0.735223 0 0 0 0 0 0 0 0.838449 
0.735265 0 0 0 0 0 0 0 0.838253 
0.73533 0 0 0 0 0 0 0 0.838109 
0.735402 0 0 0 0 0 0 0 0.838028 
0.735549 0 0 0 0 0 0 0 0.837813 
0.736092 0 0 0 0 0 0 0 0.837612 
0.736454 0 0 0 0 0 0 0 0.837539 
0.736779 0 0 0 0 0 0 0 0.837436 
0.73705 0 0 0 0 0 0 0 0.837428 
0.737049 0 0 0 0 0 0 0 0.837444 
0.737089 0 0 0 0 0 0 0 0.837613 
0.737112 0 0 0 0 0 0 0 0.837765 
0.737332 0 0 0 0 0 0 0 0.837972 
0.737531 0 0 0 0 0 0 0 0.838391 
0.737299 0 0 0 0 0 0 0 0.838525 
0.737452 0 0 0 0 0 0 0 0.838557 
0.737661 0 0 0 0 0 0 0 0.838703 
0.737629 0 0 0 0 0 0 0 0.838912 
0.73753 0 0 0 0 0 0 0 0.838876 
0.737191 0 0 0 0 0 0 0 0.838714 
0.736782 0 0 0 0 0 0 0 0.838535 
0.736362 0 0 0 0 0 0 0 0.83853 
0.735986 0 0 0 0 0 0 0 0.838339 
0.735746 0 0 0 0 0 0 0 0.837966 
0.735635 0 0 0 0 0 0 0 0.837749 
0.735581 0 0 0 0 0 0 0 0.837543 
0.73577 0 0 0 0 0 0 0 0.837247 
0.735763 0 0 0 0 0 0 0 0.836822 
0.735696 0 0 0 0 0 0 0 0.836447 
0.735545 0 0 0 0 0 0 0 0.836217 
