0 0.656887 0 0 0 0.102257 0 0 0 
0 0.648766 0 0 0 0.0905396 0 0 0 
0 0.640638 0 0 0 0.0815916 0 0 0 
0 0.632565 0 0 0 0.0846733 0 0 0 
0 0.624902 0 0 0 0.0864913 0 0 0 
0 0.618707 0 0 0 0.0908492 0 0 0 
0 0.611876 0 0 0 0.0905721 0 0 0 
0 0.604624 0 0 0 0.081119 0 0.00370096 0 
0 0.597266 0 0 0 0.065384 0 0.066648 0 
0 0.589473 0 0 0 0.0432453 0 0.121692 0 
0 0.581529 0 0 0 0.00819478 0 0.169115 0 
0 0.574588 0 0 0 0 0 0.218543 0 
0 0.567791 0 0 0 0 0 0.267638 0 
0 0.561011 0 0 0 0 0 0.316591 0 
0 0.552903 0 0 0 0 0 0.35545 0 
0 0.544869 0 0 0 0 0 0.393328 0 
0 0.536671 0 0 0 0 0 0.431235 0 
0 0.528321 0 0 0 0 0 0.469883 0 
0 0.519849 0 0 0 0 0 0.509416 0 
0 0.511345 0 0 0 0 0 0.548695 0 
0 0.502404 0 0 0 0 0 0.584116 0 
0 0.493053 0 0 0 0 0 0.616314 0 
0 0.483449 0 0 0 0 0 0.644477 0 
0 0.473588 0 0 0 0 0 0.668871 0 
0 0.463479 0 0 0 0 0 0.68912 0 
0 0.453013 0 0 0 0 0 0.705498 0 
0 0.442197 0 0 0 0 0 0.718857 0 
0 0.431158 0 0 0 0 0 0.729844 0 
0 0.420029 0 0 0 0 0 0.739074 0 
0 0.408717 0 0 0 0 0 0.747135 0 
0 0.397421 0 0 0 0 0 0.754874 0 
0 0.386111 0 0 0 0 0 0.762398 0 
0 0.374848 0 0 0 0 0 0.77056 0 
0 0.363694 0 0 0 0 0 0.779037 0 
0 0.352557 0 0 0 0 0 0.787865 0 
0 0.341721 0 0 0 0 0 0.797214 0.00799189 
0 0.331189 0 0 0 0 0 0.807346 0.0205787 
0 0.320817 0 0 0 0 0 0.817588 0.0314927 
0 0.310749 0 0 0 0 0 0.827646 0.0411861 
0 0.300829 0 0 0 0 0 0.83724 0.0507949 
0 0.290973 0 0 0 0 0 0.845815 0.0617435 
0 0.281067 0 0 0 0 0 0.853556 0.0749767 
0 0.271149 0 0 0 0 0 0.860735 0.090097 
0 0.261167 0 0 0 0 0 0.866857 0.106742 
0 0.250834 0 0 0 0 0 0.871745 0.124868 
0 0.240176 0 0 0 0 0 0.875245 0.144077 
0 0.229167 0 0 0 0 0 0.877645 0.164405 
0 0.217564 0 0 0 0 0 0.878701 0.18729 
0 0.205489 0 0 0 0 0 0.878805 0.212857 
0 0.192773 0 0 0 0 0 0.878101 0.24111 
0 0.179293 0 0 0 0 0 0.876722 0.271076 
0 0.164922 0 0 0 0 0 0.874559 0.302417 
0 0.149744 0 0 0 0 0 0.872154 0.334078 
0 0.133757 0 0 0 0 0 0.869562 0.364561 
0 0.116875 0 0 0 0 0 0.866131 0.393682 
0 0.0990166 0 0 0 0 0 0.861898 0.420807 
0 0.0806796 0 0 0 0 0 0.85733 0.445802 
0 0.0615561 0 0 0 0 0 0.851318 0.469379 
0 0.0418166 0 0 0 0 0 0.843666 0.491912 
0 0.0216831 0 0 0 0 0 0.83496 0.512486 
0 0.00104614 0 0 0 0 0 0.825891 0.532035 
0 0 0 0 0 0 0 0.817036 0.550543 
0 0 0 0 0 0 0 0.807504 0.568535 
0 0 0 0 0 0 0 0.796387 0.585926 
0 0 0 0 0 0 0 0.781563 0.603166 
0 0 0 0 0 0 0 0.760642 0.621014 
0 0 0 0 0 0 0 0.732731 0.639374 
0 0 0 0 0 0 0 0.697758 0.656075 
0 0 0 0 0 0 0 0.652259 0.675792 
0 0 0 0 0 0 0 0.59566 0.698279 
0 0 0 0 0 0 0 0.528885 0.722106 
0 0 0 0 0 0 0 0.452088 0.745154 
0 0 0 0 0 0 0 0.365555 0.766596 
0 0 0 0 0 0 0 0.267714 0.786645 
0.0538427 0 0 0 0 0 0 0.154982 0.805467 
0.17743 0 0 0 0 0 0 0.0262577 0.824013 
0.288709 0 0 0 0 0 0 0 0.841815 
0.388652 0 0 0 0 0 0 0 0.858485 
0.474542 0 0 0 0 0 0 0 0.87342 
0.546739 0 0 0 0 0 0 0 0.8858 
0.606698 0 0 0 0 0 0 0 0.895607 
0.665673 0 0 0 0 0 0 0 0.905351 
0.728847 0 0 0 0 0 0 0 0.920008 
0.759923 0 0 0 0 0 0 0 0.925982 
0.78449 0 0 0 0 0 0 0 0.933768 
0.799185 0 0 0 0 0 0 0 0.936771 
0.80584 0 0 0 0 0 0 0 0.93728 
0.809999 0 0 0 0 0 0 0 0.933938 
0.820996 0 0 0 0 0 0 0 0.934137 
0.825229 0 0 0 0 0 0 0 0.936956 
0.826957 0 0 0 0 0 0 0 0.941082 
0.830704 0 0 0 0 0 0 0 0.942113 
0.834356 0 0 0 0 0 0 0 0.940057 
0.835948 0 0 0 0 0 0 0 0.938937 
0.837767 0 0 0 0 0 0 0 0.939996 
0.841995 0 0 0 0 0 0 0 0.940997 
0.845005 0 0 0 0 0 0 0 0.941393 
0.847315 0 0 0 0 0 0 0 0.941245 
0.850242 0 0 0 0 0 0 0 0.942474 
0.853581 0 0 0 0 0 0 0 0.94403 
0.857178 0 0 0 0 0 0 0 0.945566 
0.860225 0 0 0 0 0 0 0 0.947089 
0.862228 0 0 0 0 0 0 0 0.948173 
0.863686 0 0 0 0 0 0 0 0.949061 
0.864878 0 0 0 0 0 0 0 0.94986 
0.865956 0 0 0 0 0 0 0 0.950761 
0.867022 0 0 0 0 0 0 0 0.950846 
0.868328 0 0 0 0 0 0 0 0.950595 
0.870192 0 0 0 0 0 0 0 0.950388 
0.872277 0 0 0 0 0 0 0 0.949777 
0.87429 0 0 0 0 0 0 0 0.948807 
0.87696 0 0 0 0 0 0 0 0.948118 
0.879628 0 0 0 0 0 0 0 0.947007 
0.882917 0 0 0 0 0 0 0 0.947235 
0.884958 0 0 0 0 0 0 0 0.947636 
0.887499 0 0 0 0 0 0 0 0.947986 
0.888828 0 0 0 0 0 0 0 0.948796 
0.891528 0 0 0 0 0 0 0 0.949706 
0.891974 0 0 0 0 0 0 0 0.949794 
0.892162 0 0 0 0 0 0 0 0.950105 
0.892493 0 0 0 0 0 0 0 0.950418 
0.892716 0 0 0 0 0 0 0 0.950341 
0.89296 0 0 0 0 0 0 0 0.949906 
0.893217 0 0 0 0 0 0 0 0.949472 
0.893527 0 0 0 0 0 0 0 0.949675 
0.894006 0 0 0 0 0 0 0 0.950688 
0.894341 0 0 0 0 0 0 0 0.951556 
0.894679 0 0 0 0 0 0 0 0.952321 
0.895097 0 0 0 0 0 0 0 0.95253 
0.895642 0 0 0 0 0 0 0 0.952649 
0.896333 0 0 0 0 0 0 0 0.952865 
0.897047 0 0 0 0 0 0 0 0.952636 
0.897584 0 0 0 0 0 0 0 0.952585 
0.89804 0 0 0 0 0 0 0 0.952478 
0.898584 0 0 0 0 0 0 0 0.952541 
0.898985 0 0 0 0 0 0 0 0.952332 
0.89951 0 0 0 0 0 0 0 0.952747 
0.900085 0 0 0 0 0 0 0 0.953496 
0.900541 0 0 0 0 0 0 0 0.953997 
0.901017 0 0 0 0 0 0 0 0.954685 
0.901361 0 0 0 0 0 0 0 0.95512 
0.901671 0 0 0 0 0 0 0 0.955579 
0.90195 0 0 0 0 0 0 0 0.956089 
0.902067 0 0 0 0 0 0 0 0.956516 
0.902108 0 0 0 0 0 0 0 0.956615 
0.902112 0 0 0 0 0 0 0 0.956524 
0.902218 0 0 0 0 0 0 0 0.956458 
0.902353 0 0 0 0 0 0 0 0.95642 
0.902503 0 0 0 0 0 0 0 0.956384 
0.902539 0 0 0 0 0 0 0 0.956287 
0.902625 0 0 0 0 0 0 0 0.95635 
0.902632 0 0 0 0 0 0 0 0.956229 
0.902774 0 0 0 0 0 0 0 0.956103 
0.903017 0 0 0 0 0 0 0 0.956049 
0.90329 0 0 0 0 0 0 0 0.955991 
0.903466 0 0 0 0 0 0 0 0.95575 
0.903523 0 0 0 0 0 0 0 0.955374 
0.903527 0 0 0 0 0 0 0 0.955039 
0.903587 0 0 0 0 0 0 0 0.954869 
0.903678 0 0 0 0 0 0 0 0.954844 
0.904018 0 0 0 0 0 0 0 0.954879 
0.90431 0 0 0 0 0 0 0 0.954938 
0.904487 0 0 0 0 0 0 0 0.954909 
0.904327 0 0 0 0 0 0 0 0.95448 
0.904487 0 0 0 0 0 0 0 0.954279 
0.904739 0 0 0 0 0 0 0 0.954551 
0.904839 0 0 0 0 0 0 0 0.954975 
0.904823 0 0 0 0 0 0 0 0.955105 
0.90453 0 0 0 0 0 0 0 0.954757 
0.904277 0 0 0 0 0 0 0 0.95447 
0.904365 0 0 0 0 0 0 0 0.954494 
0.904423 0 0 0 0 0 0 0 0.95473 
0.90432 0 0 0 0 0 0 0 0.954951 
0.904122 0 0 0 0 0 0 0 0.954797 
0.904292 0 0 0 0 0 0 0 0.95444 
0.904335 0 0 0 0 0 0 0 0.954109 
0.904378 0 0 0 0 0 0 0 0.953917 
0.904357 0 0 0 0 0 0 0 0.953948 
0.904206 0 0 0 0 0 0 0 0.95378 
0.904114 0 0 0 0 0 0 0 0.953906 
0.904051 0 0 0 0 0 0 0 0.954153 
0.90406 0 0 0 0 0 0 0 0.954547 
0.90398 0 0 0 0 0 0 0 0.954916 
0.903842 0 0 0 0 0 0 0 0.9552 
0.903765 0 0 0 0 0 0 0 0.955553 
0.903677 0 0 0 0 0 0 0 0.955817 
0.90364 0 0 0 0 0 0 0 0.955935 
0.903583 0 0 0 0 0 0 0 0.955987 
0.903519 0 0 0 0 0 0 0 0.956012 
0.903389 0 0 0 0 0 0 0 0.956029 
0.903268 0 0 0 0 0 0 0 0.956149 
0.903145 0 0 0 0 0 0 0 0.95628 
0.902919 0 0 0 0 0 0 0 0.956375 
0.902726 0 0 0 0 0 0 0 0.956331 
0.902687 0 0 0 0 0 0 0 0.956319 
0.902739 0 0 0 0 0 0 0 0.956368 
0.902879 0 0 0 0 0 0 0 0.956275 
0.903059 0 0 0 0 0 0 0 0.956129 
0.903213 0 0 0 0 0 0 0 0.95593 
0.903358 0 0 0 0 0 0 0 0.955581 
0.903609 0 0 0 0 0 0 0 0.955333 
0.903816 0 0 0 0 0 0 0 0.955069 
0.90395 0 0 0 0 0 0 0 0.954907 
0.903984 0 0 0 0 0 0 0 0.95482 
0.90394 0 0 0 0 0 0 0 0.954745 
