0 0 0 0 0 0 0 0 0 
0 0 0 0 0 0 0 0 0 
0 0 0 0 0 0 0 0 0 
0 0 0 0 0 0 0 0 0 
0 0 0 0 0 0 0 0 0 
0 0 0 0 0 0 0 0 0 
0 0 0 0 0 0 0 0 0 
0 0 0 0 0 0 0 0 0 
0 0 0 0 0 0 0 0 0 
0 0 0 0 0 0 0 0 0 
0 0 0 0 0 0 0 0 0 
0 0 0 0 0 0 0 0 0 
0 0 0 0 0 0 0 0 0 
0 0 0 0 0 0 0 0 0 
0 0 0 0 0 0 0 0 0 
0 0.033739 0 0 0 0 0 0 0 
0 0.0756135 0 0 0 0 0 0 0 
0 0.117417 0 0 0 0 0 0 0 
0 0.159186 0 0 0 0 0 0 0 
0 0.201467 0 0 0 0 0 0 0 
0 0.244383 0 0 0 0 0 0 0 
0 0.287685 0 0 0 0 0 0 0 
0 0.33153 0 0 0 0 0 0 0 
0 0.376507 0 0 0 0 0 0 0 
0 0.421082 0 0 0 0 0 0 0 
0 0.464686 0 0 0 0 0 0 0 
0 0.50817 0 0 0 0 0 0 0 
0 0.55053 0 0 0 0 0 0 0 
0 0.590718 0 0 0 0 0 0 0 
0 0.635192 0 0 0 0 0 0 0 
0 0.666415 0 0 0 0 0 0 0 
0 0.693349 0 0 0 0 0 0 0 
0 0.718502 0 0 0 0 0 0 0 
0 0.744271 0 0 0 0 0 0 0 
0 0.763666 0 0 0 0 0 0 0 
0 0.773588 0 0 0 0 0 0 0 
0 0.774767 0 0 0 0 0 0 0 
0 0.772825 0 0 0 0 0 0 0 
0 0.767639 0 0 0 0 0 0 0 
0 0.760525 0 0 0 0 0 0 0 
0 0.752393 0 0 0 0 0 0 0 
0 0.742941 0 0 0 0 0 0 0 
0 0.733131 0 0 0 0 0 0 0 
0 0.722602 0 0 0 0 0 0 0 
0 0.713833 0 0 0 0 0 0 0 
0 0.706274 0 0 0 0 0 0 0 
0 0.69976 0 0 0 0 0 0 0 
0 0.691112 0 0 0 0 0 0 0 
0 0.682504 0 0 0 0 0 0 0 
0 0.672945 0 0 0 0 0 0 0 
0 0.663795 0 0 0 0 0 0 0 
0 0.656248 0 0 0 0 0 0 0 
0 0.651615 0 0 0 0 0 0 0 
0 0.654462 0 0 0 0 0 0 0 
0 0.645605 0 0 0 0 0 0 0 
0 0.63805 0 0 0 0 0 0 0 
0 0.630089 0 0 0 0 0 0 0 
0 0.623763 0 0 0 0 0 0 0 
0 0.619487 0 0 0 0 0 0 0 
0 0.613485 0 0 0 0 0 0 0 
0 0.607018 0 0 0 0 0 0 0 
0 0.600151 0 0 0 0 0 0 0 
0 0.592984 0 0 0 0 0 0 0 
0 0.586248 0 0 0 0 0 0 0 
0 0.580544 0 0 0 0 0 0 0 
0 0.574789 0 0 0 0 0 0 0 
0 0.568791 0 0 0 0 0 0 0 
0 0.562343 0 0 0 0 0 0 0 
0 0.555245 0 0 0 0 0 0 0 
0 0.547208 0 0 0 0 0 0 0 
0 0.537407 0 0 0 0 0 0 0 
0 0.528393 0 0 0 0 0 0 0 
0 0.518566 0 0 0 0 0 0 0 
0 0.507957 0 0 0 0 0 0.00898822 0 
0 0.496829 0 0 0 0 0 0.0452608 0 
0 0.48585 0 0 0 0 0 0.0662848 0 
0 0.474016 0 0 0 0 0 0.0815557 0 
0 0.4626 0 0 0 0 0 0.0977581 0 
0 0.450676 0 0 0 0 0 0.0973485 0 
0 0.439092 0 0 0 0 0 0.122462 0 
0 0.427864 0 0 0 0 0 0.142768 0 
0 0.416346 0 0 0 0 0 0.161138 0 
0 0.405823 0 0 0 0 0 0.19016 0 
0 0.394443 0 0 0 0 0 0.203979 0 
0 0.383154 0 0 0 0 0 0.225175 0 
0 0.372311 0 0 0 0 0 0.235486 0 
0 0.362101 0 0 0 0 0 0.257509 0 
0 0.352047 0 0 0 0 0 0.26219 0 
0 0.342639 0 0 0 0 0 0.279853 0 
0 0.333106 0 0 0 0 0 0.283246 0 
0 0.324157 0 0 0 0 0 0.297315 0 
0 0.314722 0 0 0 0 0 0.312332 0 
0 0.304581 0 0 0 0 0 0.296177 0 
0 0.294299 0 0 0 0 0 0.26781 0 
0 0.283498 0 0 0 0 0 0.238011 0 
0 0.272254 0 0 0 0 0 0.226839 0 
0 0.25986 0 0 0 0 0 0.224845 0 
0 0.24597 0 0 0 0 0 0.196712 0 
0 0.230544 0 0 0 0 0 0.207956 0 
0 0.213547 0 0 0 0 0 0.208368 0 
0 0.195425 0 0 0 0 0 0.198791 0 
0 0.176387 0 0 0 0 0 0.20152 0 
0 0.1574 0 0 0 0 0 0.23457 0 
0 0.136246 0 0 0 0 0 0.228524 0 
0 0.113487 0 0 0 0 0 0.216984 0 
0 0.0909812 0 0 0 0 0 0.209208 0 
0 0.0672236 0 0 0 0 0 0.196446 0 
0 0.0427081 0 0 0 0 0 0.186167 0 
0 0.0179067 0 0 0 0 0 0.163878 0 
0 0 0 0 0 0 0 0.151124 0 
0 0 0 0 0 0 0 0.149502 0 
0 0 0 0 0 0 0 0.155637 0 
0 0 0 0 0 0 0 0.142871 0 
0 0 0 0 0 0 0 0.11667 0 
0 0 0 0 0 0 0 0.112703 0 
0 0 0 0 0 0 0 0.119103 0 
0 0 0 0 0 0 0 0.0894179 0.0877907 
0 0 0 0 0 0 0 0.0722335 0.234159 
0 0 0 0 0 0 0 0.0620348 0.376547 
0.0525444 0 0 0 0 0 0 0.034242 0.510977 
0.220778 0 0 0 0 0 0 0 0.625194 
0.343965 0 0 0 0 0 0 0 0.668927 
0.47865 0 0 0 0 0 0 0 0.717103 
0.571415 0 0 0 0 0 0 0 0.769342 
0.647415 0 0 0 0 0 0 0 0.817186 
0.705889 0 0 0 0 0 0 0 0.856463 
0.750899 0 0 0 0 0 0 0 0.888636 
0.783759 0 0 0 0 0 0 0 0.914652 
0.804677 0 0 0 0 0 0 0 0.927516 
0.816527 0 0 0 0 0 0 0 0.938908 
0.826298 0 0 0 0 0 0 0 0.946063 
0.831351 0 0 0 0 0 0 0 0.95032 
0.834581 0 0 0 0 0 0 0 0.954084 
0.835191 0 0 0 0 0 0 0 0.95524 
0.834545 0 0 0 0 0 0 0 0.955478 
0.834102 0 0 0 0 0 0 0 0.955627 
0.8335 0 0 0 0 0 0 0 0.955384 
0.832562 0 0 0 0 0 0 0 0.953893 
0.831606 0 0 0 0 0 0 0 0.951281 
0.832178 0 0 0 0 0 0 0 0.947245 
0.830968 0 0 0 0 0 0 0 0.944389 
0.828435 0 0 0 0 0 0 0 0.941044 
0.824138 0 0 0 0 0 0 0 0.93774 
0.827378 0 0 0 0 0 0 0 0.939628 
0.838301 0 0 0 0 0 0 0 0.943805 
0.840729 0 0 0 0 0 0 0 0.94554 
0.840328 0 0 0 0 0 0 0 0.943754 
0.843055 0 0 0 0 0 0 0 0.945623 
0.848246 0 0 0 0 0 0 0 0.950988 
0.850997 0 0 0 0 0 0 0 0.952129 
0.855207 0 0 0 0 0 0 0 0.95201 
0.857975 0 0 0 0 0 0 0 0.951535 
0.862371 0 0 0 0 0 0 0 0.950128 
0.86672 0 0 0 0 0 0 0 0.951957 
0.871524 0 0 0 0 0 0 0 0.953936 
0.87609 0 0 0 0 0 0 0 0.956813 
0.886845 0 0 0 0 0 0 0 0.95751 
0.89135 0 0 0 0 0 0 0 0.958529 
0.894555 0 0 0 0 0 0 0 0.959544 
0.896829 0 0 0 0 0 0 0 0.960825 
0.899864 0 0 0 0 0 0 0 0.961786 
0.902956 0 0 0 0 0 0 0 0.962869 
0.907646 0 0 0 0 0 0 0 0.963073 
0.91268 0 0 0 0 0 0 0 0.963083 
0.916638 0 0 0 0 0 0 0 0.963205 
0.919702 0 0 0 0 0 0 0 0.963329 
0.92224 0 0 0 0 0 0 0 0.963403 
0.924396 0 0 0 0 0 0 0 0.963084 
0.926419 0 0 0 0 0 0 0 0.962863 
0.927946 0 0 0 0 0 0 0 0.962717 
0.929747 0 0 0 0 0 0 0 0.96212 
0.931186 0 0 0 0 0 0 0 0.961544 
0.932202 0 0 0 0 0 0 0 0.960769 
