0 0 0 0 0 0 0 0 0 
0 0 0 0 0 0 0 0 0 
0 0 0 0 0 0 0 0 0 
0 0 0 0 0 0 0 0 0 
0 0 0 0 0 0 0 0 0 
0 0 0 0 0 0 0 0 0 
0 0 0 0 0 0 0 0 0 
0 0 0 0 0 0 0 0 0 
0 0 0 0 0 0 0 0 0 
0 0 0 0 0 0 0 0 0 
0 0 0 0 0 0 0 0 0 
0 0 0 0 0 0 0 0 0 
0 0 0 0 0 0 0 0 0 
0 0 0 0 0 0 0 0 0 
0 0 0 0 0 0 0 0 0 
0 0 0 0 0 0 0 0 0 
0 0 0 0 0 0 0 0 0 
0 0 0 0 0 0 0 0 0 
0 0 0 0 0 0 0 0 0 
0 0 0 0 0 0 0 0 0 
0 0 0 0 0 0 0 0 0 
0 0 0 0 0 0 0 0 0 
0 0 0 0 0 0 0 0 0 
0 0 0 0 0 0 0 0 0 
0 0 0 0 0 0 0 0 0 
0 0 0 0 0 0 0 0 0 
0 0 0 0 0 0 0 0 0 
0 0 0 0 0 0 0 0 0 
0 0 0 0 0 0 0 0 0 
0 0 0 0 0 0 0 0 0 
0 0 0 0 0 0 0 0 0 
0 0 0 0 0 0 0 0 0 
0 0 0 0 0 0 0 0 0 
0 0.00429843 0 0 0 0 0 0 0 
0 0.0580218 0 0 0 0 0 0 0 
0 0.109431 0 0 0 0 0 0 0 
0 0.157838 0 0 0 0 0 0 0 
0 0.203685 0 0 0 0 0 0 0 
0 0.246771 0 0 0 0 0 0 0 
0 0.286697 0 0 0 0 0 0 0 
0 0.32415 0 0 0 0 0 0 0 
0 0.358922 0 0 0 0.0214246 0 0 0 
0 0.391719 0 0 0 0.0643683 0 0 0 
0 0.422228 0 0 0 0.102601 0 0 0 
0 0.450748 0 0 0 0.13594 0 0 0 
0 0.477124 0 0 0 0.164721 0 0 0 
0 0.50128 0 0 0 0.187091 0 0 0 
0 0.523525 0 0 0 0.203156 0 0 0 
0 0.54428 0 0 0 0.21769 0 0 0 
0 0.563616 0 0 0 0.233322 0 0 0 
0 0.581852 0 0 0 0.246538 0 0 0 
0 0.599229 0 0 0 0.25074 0 0 0 
0 0.615718 0 0 0 0.234843 0 0 0 
0 0.631446 0 0 0 0.194914 0 0 0 
0 0.6465 0 0 0 0.136985 0 0 0 
0 0.660798 0 0 0 0.0721621 0 0 0 
0 0.674159 0 0 0 0.0103475 0 0 0 
0 0.686517 0 0 0.0505256 0 0 0 0 
0 0.697706 0 0 0.100576 0 0 0 0 
0 0.707648 0 0 0.152931 0 0 0 0 
0 0.716226 0 0 0.202539 0 0 0 0 
0 0.723516 0 0 0.242239 0 0 0 0 
0 0.729385 0 0 0.268507 0 0 0 0 
0 0.733782 0 0 0.270804 0 0 0 0 
0 0.73713 0 0 0.239032 0 0 0 0 
0 0.739655 0 0 0.170659 0 0 0 0 
0 0.740987 0 0 0.07608 0 0 0 0 
0 0.741981 0 0 0 0 0 0 0 
0 0.744271 0 0 0 0 0 0 0 
0 0.748255 0 0 0 0 0 0 0 
0 0.754022 0 0 0 0 0 0 0 
0 0.76018 0 0 0 0 0 0 0 
0 0.765765 0 0 0 0 0 0 0 
0 0.770091 0 0 0 0.0309405 0 0 0 
0 0.773673 0 0 0 0.0773734 0 0 0 
0 0.774762 0 0 0 0.119637 0 0 0 
0 0.773471 0 0 0 0.1475 0 0 0 
0 0.772652 0 0 0 0.1507 0 0 0 
0 0.774669 0 0 0 0.153095 0 0 0 
0 0.77478 0 0 0 0.133273 0 0 0 
0 0.77583 0 0 0 0.104458 0 0 0 
0 0.774324 0 0 0 0.109119 0 0 0 
0 0.772208 0 0 0 0.100218 0 0 0 
0 0.675389 0 0 0 0.101448 0 0 0 
0 0.429924 0 0 0 0.0714838 0 0 0 
0 0.283375 0 0 0 0.0129768 0 0 0 
0 0.141609 0 0 0 0 0 0 0 
0 0 0 0 0 0 0 0 0 
0 0 0 0 0 0 0 0 0 
0 0 0 0 0 0 0 0 0 
0 0 0 0 0 0 0 0 0 
0 0 0 0 0 0 0 0 0 
0 0 0 0 0 0 0 0 0 
0 0 0 0 0 0 0 0 0 
0 0 0 0 0 0 0 0 0 
0 0 0 0 0 0 0 0 0 
0 0 0 0 0 0 0 0 0 
0 0 0 0 0 0 0 0 0 
0 0 0 0 0 0 0 0 0 
0 0 0 0 0 0 0 0 0 
0 0 0 0 0 0 0 0 0 
0 0 0 0 0 0 0 0 0 
0 0 0 0 0 0 0 0 0 
0 0 0 0 0 0 0 0.0372237 0 
0 0 0 0 0 0 0 0.0769357 0 
0 0 0 0 0 0 0 0.0847616 0 
0 0 0 0 0 0 0 0.104981 0 
0 0 0 0 0 0 0 0.183159 0 
0 0 0 0 0 0 0 0.235314 0 
0 0 0 0 0 0 0 0.265674 0 
0 0 0 0 0 0 0 0.282706 0 
0 0 0 0 0 0 0 0.293833 0 
0 0 0 0 0 0 0 0.305454 0 
0 0 0 0 0 0 0 0.330357 0 
0 0 0 0 0 0 0 0.352899 0 
0 0 0 0 0 0 0 0.375819 0 
0 0 0 0 0 0 0 0.394616 0 
0 0 0 0 0 0 0 0.409769 0 
0 0 0 0 0 0 0 0.418478 0 
0 0 0 0 0 0 0 0.430699 0 
0 0 0 0 0 0 0 0.441515 0 
0 0 0 0 0 0 0 0.450993 0 
0 0 0 0 0 0 0 0.455377 0 
0 0 0 0 0 0 0 0.456895 0 
0 0 0 0 0 0 0 0.453209 0 
0 0 0 0 0 0 0 0.453636 0 
0 0 0 0 0 0 0 0.458527 0 
0 0 0 0 0 0 0 0.460577 0 
0 0 0 0 0 0 0 0.457815 0 
0 0 0 0 0 0 0 0.451769 0 
0 0 0 0 0 0 0 0.442041 0 
0 0 0 0 0 0 0 0.424881 0 
0 0 0 0 0 0 0 0.402911 0 
0 0 0 0 0 0 0 0.378805 0 
0 0 0 0 0 0 0 0.35789 0 
0 0 0 0 0 0 0 0.339728 0 
0 0 0 0 0 0 0 0.326635 0 
0 0 0 0 0 0 0 0.314406 0 
0 0 0 0 0 0 0 0.297466 0 
0 0 0 0 0 0 0 0.274624 0 
0 0 0 0 0 0 0 0.248094 0 
0 0 0 0 0 0 0 0.199592 0 
0 0 0 0 0 0 0 0.14475 0.0156175 
0 0 0 0 0 0 0 0.0933921 0.0901238 
0 0 0 0 0 0 0 0.0355513 0.164545 
0 0 0 0 0 0 0 0 0.250896 
0 0 0 0 0 0 0 0 0.313923 
0 0 0 0 0 0 0 0 0.387237 
0 0 0 0 0 0 0 0 0.452954 
0 0 0 0 0 0 0 0 0.502268 
0 0 0 0 0 0 0 0 0.54344 
0 0 0 0 0 0 0 0 0.578091 
0 0 0 0 0 0 0 0 0.60061 
0 0 0 0 0 0 0 0 0.613963 
0 0 0 0 0 0 0 0 0.620631 
0 0 0 0 0 0 0 0 0.625152 
0 0 0 0 0 0 0 0 0.632102 
0 0 0 0 0 0 0 0 0.630742 
0 0 0 0 0 0 0 0 0.630551 
0 0 0 0 0 0 0 0 0.628821 
0 0 0 0 0 0 0 0 0.626135 
0 0 0 0 0 0 0 0 0.621221 
0 0 0 0 0 0 0 0 0.620196 
0 0 0 0 0 0 0 0 0.615629 
0 0 0 0 0 0 0 0 0.611126 
0 0 0 0 0 0 0 0 0.615467 
0 0 0 0 0 0 0 0 0.624028 
0 0 0 0 0 0 0 0 0.621991 
0 0 0 0 0 0 0 0 0.618199 
0 0 0 0 0 0 0 0 0.612563 
0 0 0 0 0 0 0 0 0.611778 
0 0 0 0 0 0 0 0 0.608528 
0 0 0 0 0 0 0 0 0.605179 
0 0 0 0 0 0 0 0 0.599421 
0 0 0 0 0 0 0 0 0.596607 
0 0 0 0 0 0 0 0 0.595444 
0 0 0 0 0 0 0 0 0.596962 
0 0 0 0 0 0 0 0 0.600628 
0 0 0 0 0 0 0 0 0.601855 
0 0 0 0 0 0 0 0 0.603239 
0 0 0 0 0 0 0 0 0.602888 
0 0 0 0 0 0 0 0 0.598554 
0 0 0 0 0 0 0 0 0.593617 
0 0 0 0 0 0 0 0 0.592228 
0 0 0 0 0 0 0 0 0.591659 
0 0 0 0 0 0 0 0 0.593248 
0 0 0 0 0 0 0 0 0.59375 
0 0 0 0 0 0 0 0 0.593864 
0 0 0 0 0 0 0 0 0.599394 
0 0 0 0 0 0 0 0 0.608502 
0 0 0 0 0 0 0 0 0.617785 
0 0 0 0 0 0 0 0 0.624362 
0.0420142 0 0 0 0 0 0 0 0.631873 
0.0971845 0 0 0 0 0 0 0 0.640205 
0.153451 0 0 0 0 0 0 0 0.649295 
0.20822 0 0 0 0 0 0 0 0.657038 
0.260423 0 0 0 0 0 0 0 0.665694 
0.304327 0 0 0 0 0 0 0 0.675885 
0.343418 0 0 0 0 0 0 0 0.683512 
0.369157 0 0 0 0 0 0 0 0.691914 
0.382319 0 0 0 0 0 0 0 0.699447 
0.390384 0 0 0 0 0 0 0 0.707147 
0.395235 0 0 0 0 0 0 0 0.714082 
0.395607 0 0 0 0 0 0 0 0.719094 
0.394298 0 0 0 0 0 0 0 0.726082 
0.389977 0 0 0 0 0 0 0 0.734971 
0.382405 0 0 0 0 0 0 0 0.743921 
0.373833 0 0 0 0 0 0 0 0.754296 
0.361276 0 0 0 0 0 0 0 0.760362 
0.352483 0 0 0 0 0 0 0 0.767648 
0.347597 0 0 0 0 0 0 0 0.777175 
0.347431 0 0 0 0 0 0 0 0.782339 
0.352511 0 0 0 0 0 0 0 0.783491 
0.35483 0 0 0 0 0 0 0 0.77846 
0.361346 0 0 0 0 0 0 0 0.771443 
0.36748 0 0 0 0 0 0 0 0.758581 
0.376919 0 0 0 0 0 0 0 0.741919 
0.388818 0 0 0 0 0 0 0 0.723523 
0.400754 0 0 0 0 0 0 0 0.703985 
0.419261 0 0 0 0 0 0 0 0.687005 
0.428683 0 0 0 0 0 0 0 0.669856 
0.440323 0 0 0 0 0 0 0 0.659489 
0.457847 0 0 0 0 0 0 0 0.662862 
0.483821 0 0 0 0 0 0 0 0.68411 
0.504619 0 0 0 0 0 0 0 0.705876 
0.521976 0 0 0 0 0 0 0 0.726241 
0.540772 0 0 0 0 0 0 0 0.744252 
0.553806 0 0 0 0 0 0 0 0.756955 
0.559849 0 0 0 0 0 0 0 0.765857 
0.560996 0 0 0 0 0 0 0 0.770626 
0.558285 0 0 0 0 0 0 0 0.773412 
0.55261 0 0 0 0 0 0 0 0.774247 
0.545703 0 0 0 0 0 0 0 0.774145 
0.538592 0 0 0 0 0 0 0 0.773106 
0.53201 0 0 0 0 0 0 0 0.771087 
0.525566 0 0 0 0 0 0 0 0.76617 
0.520425 0 0 0 0 0 0 0 0.761242 
0.51657 0 0 0 0 0 0 0 0.756776 
0.513129 0 0 0 0 0 0 0 0.754726 
0.499791 0 0 0 0 0 0 0 0.745006 
0.506167 0 0 0 0 0 0 0 0.754436 
0.523762 0 0 0 0 0 0 0 0.774355 
0.526546 0 0 0 0 0 0 0 0.779887 
0.529913 0 0 0 0 0 0 0 0.779234 
0.535426 0 0 0 0 0 0 0 0.778278 
0.542038 0 0 0 0 0 0 0 0.778301 
0.549018 0 0 0 0 0 0 0 0.77922 
0.555727 0 0 0 0 0 0 0 0.781646 
0.56165 0 0 0 0 0 0 0 0.783944 
0.566587 0 0 0 0 0 0 0 0.786581 
0.57194 0 0 0 0 0 0 0 0.788586 
0.577527 0 0 0 0 0 0 0 0.79042 
0.583859 0 0 0 0 0 0 0 0.794041 
0.592832 0 0 0 0 0 0 0 0.797736 
0.601576 0 0 0 0 0 0 0 0.800705 
0.609493 0 0 0 0 0 0 0 0.802276 
0.618841 0 0 0 0 0 0 0 0.801306 
0.626864 0 0 0 0 0 0 0 0.799208 
0.632486 0 0 0 0 0 0 0 0.799192 
0.633641 0 0 0 0 0 0 0 0.801188 
0.631076 0 0 0 0 0 0 0 0.805111 
0.624722 0 0 0 0 0 0 0 0.812006 
0.614926 0 0 0 0 0 0 0 0.820566 
0.603704 0 0 0 0 0 0 0 0.830349 
0.59181 0 0 0 0 0 0 0 0.839032 
0.580922 0 0 0 0 0 0 0 0.846672 
0.571923 0 0 0 0 0 0 0 0.852549 
0.56531 0 0 0 0 0 0 0 0.85713 
0.562331 0 0 0 0 0 0 0 0.859542 
0.560933 0 0 0 0 0 0 0 0.861 
0.562467 0 0 0 0 0 0 0 0.860479 
0.567489 0 0 0 0 0 0 0 0.858528 
0.57734 0 0 0 0 0 0 0 0.855527 
0.591148 0 0 0 0 0 0 0 0.851638 
0.607508 0 0 0 0 0 0 0 0.846974 
0.625475 0 0 0 0 0 0 0 0.841942 
0.642739 0 0 0 0 0 0 0 0.838051 
0.658988 0 0 0 0 0 0 0 0.834694 
0.673274 0 0 0 0 0 0 0 0.831268 
0.685502 0 0 0 0 0 0 0 0.828255 
0.696366 0 0 0 0 0 0 0 0.828501 
0.705444 0 0 0 0 0 0 0 0.83105 
0.713498 0 0 0 0 0 0 0 0.833835 
0.720588 0 0 0 0 0 0 0 0.835551 
0.726896 0 0 0 0 0 0 0 0.835463 
0.732671 0 0 0 0 0 0 0 0.833462 
0.737506 0 0 0 0 0 0 0 0.829468 
0.741459 0 0 0 0 0 0 0 0.823619 
0.743382 0 0 0 0 0 0 0 0.818626 
0.742763 0 0 0 0 0 0 0 0.816987 
0.73832 0 0 0 0 0 0 0 0.817284 
