0.644536 0 0 0 0 0 0 0 0.852535 
0.664083 0 0 0 0 0 0 0 0.856583 
0.676845 0 0 0 0 0 0 0 0.860006 
0.690674 0 0 0 0 0 0 0 0.864805 
0.70575 0 0 0 0 0 0 0 0.871054 
0.715674 0 0 0 0 0 0 0 0.876046 
0.722762 0 0 0 0 0 0 0 0.879421 
0.729566 0 0 0 0 0 0 0 0.881934 
0.734608 0 0 0 0 0 0 0 0.88439 
0.736096 0 0 0 0 0 0 0 0.887173 
0.732697 0 0 0 0 0 0 0 0.889319 
0.724742 0 0 0 0 0 0 0 0.890066 
0.715149 0 0 0 0 0 0 0 0.889645 
0.706442 0 0 0 0 0 0 0 0.888378 
0.701472 0 0 0 0 0 0 0 0.88737 
0.701625 0 0 0 0 0 0 0 0.886811 
0.706077 0 0 0 0 0 0 0 0.885845 
0.713566 0 0 0 0 0 0 0 0.883181 
0.722828 0 0 0 0 0 0 0 0.879341 
0.73094 0 0 0 0 0 0 0 0.874509 
0.735933 0 0 0 0 0 0 0 0.869432 
0.734972 0 0 0 0 0 0 0 0.864106 
0.728314 0 0 0 0 0 0 0 0.858281 
0.718985 0 0 0 0 0 0 0 0.853707 
0.709924 0 0 0 0 0 0 0 0.850616 
0.703346 0 0 0 0 0 0 0 0.849201 
0.700607 0 0 0 0 0 0 0 0.850459 
0.701709 0 0 0 0 0 0 0 0.853101 
0.705643 0 0 0 0 0 0 0 0.855826 
0.711119 0 0 0 0 0 0 0 0.859114 
0.717533 0 0 0 0 0 0 0 0.862248 
0.723542 0 0 0 0 0 0 0 0.865699 
0.729561 0 0 0 0 0 0 0 0.86977 
0.732639 0 0 0 0 0 0 0 0.874317 
0.732524 0 0 0 0 0 0 0 0.878834 
0.727763 0 0 0 0 0 0 0 0.882336 
0.717784 0 0 0 0 0 0 0 0.884737 
0.708443 0 0 0 0 0 0 0 0.886773 
0.70341 0 0 0 0 0 0 0 0.88761 
0.704868 0 0 0 0 0 0 0 0.887002 
0.712796 0 0 0 0 0 0 0 0.884089 
0.720345 0 0 0 0 0 0 0 0.869804 
0.73619 0 0 0 0 0 0 0 0.867968 
0.75096 0 0 0 0 0 0 0 0.87142 
0.758689 0 0 0 0 0 0 0 0.873192 
0.759168 0 0 0 0 0 0 0 0.874619 
0.753725 0 0 0 0 0 0 0 0.875614 
0.74549 0 0 0 0 0 0 0 0.874856 
0.736648 0 0 0 0 0 0 0 0.872316 
0.730354 0 0 0 0 0 0 0 0.869361 
0.728138 0 0 0 0 0 0 0 0.866654 
0.730498 0 0 0 0 0 0 0 0.864204 
0.736682 0 0 0 0 0 0 0 0.86177 
0.744372 0 0 0 0 0 0 0 0.858254 
0.7543 0 0 0 0 0 0 0 0.855711 
0.762085 0 0 0 0 0 0 0 0.85906 
0.766087 0 0 0 0 0 0 0 0.86298 
0.766284 0 0 0 0 0 0 0 0.871115 
0.759324 0 0 0 0 0 0 0 0.878775 
0.746715 0 0 0 0 0 0 0 0.885095 
0.731961 0 0 0 0 0 0 0 0.890314 
0.719095 0 0 0 0 0 0 0 0.893364 
0.712457 0 0 0 0 0 0 0 0.894363 
0.714897 0 0 0 0 0 0 0 0.893481 
0.726113 0 0 0 0 0 0 0 0.891544 
0.742239 0 0 0 0 0 0 0 0.887457 
0.759292 0 0 0 0 0 0 0 0.879265 
0.774442 0 0 0 0 0 0 0 0.877724 
0.786478 0 0 0 0 0 0 0 0.882463 
0.791406 0 0 0 0 0 0 0 0.884068 
0.790226 0 0 0 0 0 0 0 0.883495 
0.783383 0 0 0 0 0 0 0 0.881072 
0.774944 0 0 0 0 0 0 0 0.87715 
0.768674 0 0 0 0 0 0 0 0.873121 
0.767734 0 0 0 0 0 0 0 0.871192 
0.772871 0 0 0 0 0 0 0 0.871597 
0.781548 0 0 0 0 0 0 0 0.873718 
0.791311 0 0 0 0 0 0 0 0.876452 
0.793924 0 0 0 0 0 0 0 0.877127 
0.800135 0 0 0 0 0 0 0 0.8818 
0.806493 0 0 0 0 0 0 0 0.887445 
0.80365 0 0 0 0 0 0 0 0.893793 
0.794124 0 0 0 0 0 0 0 0.899498 
0.777815 0 0 0 0 0 0 0 0.902644 
0.758044 0 0 0 0 0 0 0 0.903672 
0.738947 0 0 0 0 0 0 0 0.902541 
0.726631 0 0 0 0 0 0 0 0.900452 
0.724722 0 0 0 0 0 0 0 0.898455 
0.733106 0 0 0 0 0 0 0 0.896451 
0.747331 0 0 0 0 0 0 0 0.889238 
0.763616 0 0 0 0 0 0 0 0.886528 
0.777873 0 0 0 0 0 0 0 0.888459 
0.785514 0 0 0 0 0 0 0 0.889692 
0.78894 0 0 0 0 0 0 0 0.890011 
0.789476 0 0 0 0 0 0 0 0.889912 
0.786038 0 0 0 0 0 0 0 0.88747 
0.779214 0 0 0 0 0 0 0 0.881676 
0.777165 0 0 0 0 0 0 0 0.875343 
0.779258 0 0 0 0 0 0 0 0.87109 
0.785824 0 0 0 0 0 0 0 0.869645 
0.795848 0 0 0 0 0 0 0 0.871079 
0.805996 0 0 0 0 0 0 0 0.872891 
0.811871 0 0 0 0 0 0 0 0.873519 
0.814652 0 0 0 0 0 0 0 0.874819 
0.812719 0 0 0 0 0 0 0 0.875334 
0.805703 0 0 0 0 0 0 0 0.875781 
0.793573 0 0 0 0 0 0 0 0.87915 
0.776181 0 0 0 0 0 0 0 0.880876 
0.754411 0 0 0 0 0 0 0 0.880636 
0.735372 0 0 0 0 0 0 0 0.878879 
0.724752 0 0 0 0 0 0 0 0.875375 
0.725067 0 0 0 0 0 0 0 0.871328 
0.735388 0 0 0 0 0 0 0 0.866527 
0.749018 0 0 0 0 0 0 0 0.857511 
0.766266 0 0 0 0 0 0 0 0.846825 
0.781335 0 0 0 0 0 0 0 0.838024 
0.791458 0 0 0 0 0 0 0 0.829572 
0.795672 0 0 0 0 0 0 0 0.811167 
0.795019 0 0 0 0 0 0 0 0.78164 
0.789968 0 0 0 0 0 0 0 0.7374 
0.783633 0 0 0 0 0 0 0 0.677839 
0.778627 0 0 0 0 0 0 0 0.603388 
0.77551 0 0 0 0 0 0 0 0.516703 
0.776279 0 0 0 0 0 0 0 0.420278 
0.777937 0 0 0 0 0 0 0 0.313922 
0.777404 0 0 0 0 0 0 0 0.197484 
0.774148 0 0 0 0 0 0 0 0.0690293 
0.7656 0 0 0 0 0 0 0 0 
0.751801 0 0 0 0 0 0 0 0 
0.731488 0 0 0 0 0 0 0 0 
0.703863 0 0 0 0 0 0 0 0 
0.673086 0 0 0 0 0 0 0 0 
0.644314 0 0 0 0 0 0 0 0 
0.620928 0 0 0 0 0 0 0 0 
0.608788 0 0 0 0 0 0 0 0 
0.606955 0 0 0 0 0 0 0 0 
0.607076 0 0 0 0 0 0 0 0 
0.596105 0 0 0 0 0 0 0 0 
0.558362 0 0 0 0 0 0 0 0 
0.490142 0 0 0 0 0 0 0 0 
0.38385 0 0 0 0 0 0 0 0 
0.239611 0 0 0 0 0 0 0 0 
0.0686051 0 0 0 0 0 0 0 0 
0 0 0 0 0 0 0 0 0 
0 0 0 0 0 0 0 0 0 
0 0 0 0 0 0 0 0 0 
0 0 0 0 0 0 0 0 0 
0 0 0 0 0 0 0 0 0 
0 0 0 0 0 0 0 0 0 
0 0 0 0 0 0 0 0 0 
0 0 0 0 0 0 0 0 0 
0 0 0 0 0 0 0 0 0 
0 0 0 0 0 0 0 0 0 
0 0 0 0 0 0 0 0 0 
0 0 0 0 0 0 0 0 0 
0 0 0 0 0 0 0 0 0 
0 0 0 0 0 0 0 0 0 
0 0 0 0 0 0 0 0 0 
0 0 0 0 0 0 0 0 0 
0 0 0 0 0 0 0 0 0 
0 0 0 0 0 0 0 0 0 
0 0 0 0 0 0 0 0 0 
0 0 0 0 0 0 0 0 0 
0 0 0 0 0 0 0 0 0 
0 0 0 0 0 0 0 0 0 
0 0 0 0 0 0 0 0 0 
0 0 0 0 0 0 0 0 0 
0 0 0 0 0 0 0 0 0 
0 0 0 0 0 0 0 0 0 
0 0 0 0 0 0 0 0 0 
0 0 0 0 0 0 0 0 0 
0 0 0 0 0 0 0 0 0 
0 0 0 0 0 0 0 0 0 
0 0 0 0 0 0 0 0 0 
0 0 0 0 0 0 0 0 0 
0 0 0 0 0 0 0 0 0 
0 0 0 0 0 0 0 0 0 
0 0 0 0 0 0 0 0 0 
0 0 0 0 0 0 0 0 0 
0 0 0 0 0 0 0 0 0 
0 0 0 0 0 0 0 0 0 
0 0 0 0 0 0 0 0 0 
0 0 0 0 0 0 0 0 0 
0 0 0 0 0 0 0 0 0 
0 0 0 0 0 0 0 0 0 
0 0 0 0 0 0 0 0 0 
0 0 0 0 0 0 0 0 0 
0 0 0 0 0 0 0 0 0 
0 0 0 0 0 0 0 0 0 
0 0 0 0 0 0 0 0 0 
0 0 0 0 0 0 0 0 0 
0 0 0 0 0 0 0 0 0 
0 0 0 0 0 0 0 0 0 
0 0 0 0 0 0 0 0 0 
0 0 0 0 0 0 0 0 0 
0 0 0 0 0 0 0 0 0 
0 0 0 0 0 0 0 0 0 
0 0 0 0 0 0 0 0 0 
0 0 0 0 0 0 0 0 0 
0 0 0 0 0 0 0 0 0 
0 0 0 0 0 0 0 0 0 
0 0 0 0 0 0 0 0 0 
0 0 0 0 0 0 0 0 0 
0 0 0 0 0 0 0 0 0 
0 0 0 0 0 0 0 0 0 
0 0 0 0 0 0 0 0 0 
0 0 0 0 0 0 0 0 0 
0 0 0 0 0 0 0.0585259 0 0 
