0.879233 0 0 0 0 0 0 0 0.7041 
0.871991 0 0 0 0 0 0 0 0.657947 
0.863374 0 0 0 0 0 0 0 0.61 
0.853361 0 0 0 0 0 0 0 0.561195 
0.841818 0 0 0 0 0 0 0 0.511882 
0.827345 0 0 0 0 0 0 0 0.461856 
0.810131 0 0 0 0 0 0 0 0.41204 
0.79181 0 0 0 0 0 0 0 0.363454 
0.770374 0 0 0 0 0 0 0 0.316613 
0.745382 0 0 0 0 0 0 0 0.271813 
0.717053 0 0 0 0 0 0 0 0.228643 
0.686718 0 0 0 0 0 0 0 0.187037 
0.654934 0 0 0 0 0 0 0 0.146453 
0.618027 0 0 0 0 0 0 0 0.106335 
0.575918 0 0 0 0 0 0 0 0.0669211 
0.528128 0 0 0 0 0 0 0 0.0279604 
0.47291 0 0 0 0 0 0 0 0 
0.411489 0 0 0 0 0 0 0 0 
0.343825 0 0 0 0 0 0 0 0 
0.269619 0 0 0 0 0 0 0 0 
0.188121 0 0 0 0 0 0 0 0 
0.099683 0 0 0 0 0 0 0 0 
0.00504827 0 0 0 0 0 0 0 0 
0 0 0 0 0 0 0 0 0 
0 0 0 0 0 0 0 0 0 
0 0 0 0 0 0 0 0 0 
0 0 0 0 0 0 0 0 0 
0 0 0 0 0 0 0 0 0 
0 0 0 0 0 0 0 0 0 
0 0 0 0 0 0 0 0 0 
0 0 0 0 0 0 0 0 0 
0 0 0 0 0 0 0 0 0 
0 0 0 0 0 0 0 0 0 
0 0 0 0 0 0 0 0 0 
0 0 0 0 0 0 0 0 0 
0 0 0 0 0 0 0 0 0 
0 0 0 0 0 0 0 0 0 
0 0 0 0 0 0 0 0 0 
0 0 0 0 0 0 0 0 0 
0 0 0 0 0 0 0 0 0 
0 0 0 0 0 0 0 0 0 
0 0 0 0 0 0 0 0 0 
0 0 0 0 0 0 0 0 0 
0 0 0 0 0 0 0 0 0 
0 0 0 0 0 0 0 0 0 
0 0 0 0 0 0 0 0 0 
0 0 0 0 0 0 0 0 0 
0 0 0 0 0 0 0 0 0 
0 0 0 0 0 0 0 0 0 
0 0 0 0 0 0 0 0 0 
0 0 0 0 0 0 0 0 0 
0 0 0 0 0 0 0 0 0 
0 0 0 0 0 0 0 0 0 
0 0 0 0 0 0 0 0 0 
0 0 0 0 0 0 0 0 0 
0 0 0 0 0 0 0 0 0 
0 0 0 0 0 0 0 0 0 
0 0 0 0 0 0 0 0 0 
0 0 0 0 0 0 0 0 0 
0 0 0 0 0 0 0 0 0 
0 0 0 0 0 0 0 0 0 
0 0 0 0 0 0 0 0 0 
0 0 0 0 0 0 0 0 0 
0 0 0 0 0 0 0 0 0 
0 0 0 0 0 0 0 0 0 
0 0 0 0 0 0 0 0 0 
0 0 0 0 0 0 0 0 0 
0 0 0 0 0 0 0 0 0 
0 0 0 0 0 0 0 0 0 
0 0 0 0 0 0 0 0 0 
0 0 0 0 0 0 0 0 0 
0 0 0 0 0 0 0 0 0 
0 0 0 0 0 0 0 0 0 
0 0 0 0 0 0 0 0 0 
0 0 0 0 0 0 0 0 0 
0 0 0 0 0 0 0 0 0 
0 0 0 0 0 0 0 0 0 
0 0 0 0 0 0 0 0 0 
0 0 0 0 0 0 0 0 0 
0 0 0 0 0 0 0 0 0 
0 0 0 0 0 0 0 0 0 
0 0 0 0 0 0 0 0 0 
0 0 0 0 0 0 0 0 0 
0 0 0 0 0 0 0 0 0 
0 0 0 0 0 0 0 0 0 
0 0 0 0 0 0 0 0 0 
0 0 0 0 0 0 0 0 0 
0 0 0 0 0 0 0 0 0 
0 0 0 0 0 0 0 0 0 
0 0 0 0 0 0 0 0 0 
0 0 0 0 0 0 0 0 0 
0 0 0 0 0 0 0 0 0 
0 0 0 0 0 0 0 0 0 
0 0 0 0 0 0 0 0 0 
0 0 0 0 0 0 0 0 0 
0 0 0 0 0 0 0 0 0 
0 0 0 0 0 0 0 0 0 
0 0 0 0 0 0 0 0 0 
0 0 0 0 0 0 0 0 0 
0 0 0 0 0 0 0 0 0 
0 0 0 0 0 0 0 0 0 
0 0 0 0 0 0 0 0 0 
0 0 0 0 0 0 0 0 0 
0 0 0 0 0 0 0 0 0 
0 0 0 0 0 0 0 0 0 
0 0 0 0 0 0 0 0 0 
0 0 0 0 0 0 0 0 0 
0 0 0 0 0 0 0 0 0 
0 0 0 0 0 0 0 0 0 
0 0 0 0 0 0 0 0 0 
0 0 0 0 0 0 0 0 0 
0 0 0 0 0 0 0 0 0 
0 0 0 0 0 0 0 0 0 
0 0 0 0 0 0 0 0 0 
0 0 0 0 0 0 0 0 0 
0 0 0 0 0 0 0 0 0 
0 0 0 0 0 0 0 0 0 
0 0 0 0 0 0 0 0 0 
0 0 0 0 0 0 0 0 0 
0 0 0 0 0 0 0 0 0 
0 0 0 0 0 0 0 0 0 
0 0 0 0 0 0 0 0 0 
0 0 0 0 0 0 0 0 0 
0 0 0 0 0 0 0 0 0 
0 0 0 0 0 0 0 0 0 
0 0 0 0 0 0 0 0 0 
0 0 0 0 0 0 0 0 0 
0 0 0 0 0 0 0 0 0 
0 0 0 0 0 0 0 0 0 
0 0 0 0 0 0 0 0 0 
0 0 0 0 0 0 0 0 0 
0 0 0 0 0 0 0 0 0 
0 0 0 0 0 0 0 0 0 
0 0 0 0 0 0 0 0 0 
0 0 0 0 0 0 0 0 0 
0 0 0 0 0 0 0 0 0 
0 0 0 0 0 0 0 0 0 
0 0 0 0 0 0 0 0 0 
0 0 0 0 0 0 0 0 0 
0 0 0 0 0 0 0 0 0 
0 0 0 0 0 0 0 0 0 
0 0 0 0 0 0 0 0 0 
0 0 0 0 0 0 0 0 0 
0 0 0 0 0 0 0 0 0 
0 0 0 0 0 0 0 0 0 
0 0 0 0 0 0 0 0 0 
0 0 0 0 0 0.0316554 0 0 0 
0 0 0 0 0 0.116641 0 0 0 
0 0 0 0 0 0.171582 0 0 0 
0 0 0 0 0 0.219079 0 0 0 
0 0 0 0 0 0.262435 0 0 0 
0 0 0 0 0 0.278201 0 0 0 
0 0 0 0 0 0.284668 0 0 0 
0 0 0 0 0 0.29109 0 0 0 
0 0 0 0 0 0.292609 0 0 0 
0 0 0 0 0 0.289205 0 0 0 
0 0 0 0 0 0.280758 0 0 0 
0 0 0 0 0 0.265861 0 0 0 
0 0 0 0 0 0.258571 0 0 0 
0 0 0 0 0 0.260874 0 0 0 
0 0 0 0 0 0.265822 0 0 0 
0 0 0 0 0 0.26466 0 0 0 
0 0 0 0 0 0.256083 0 0 0 
0 0 0 0 0 0.254166 0 0 0 
0 0 0 0 0 0.252559 0 0 0 
0 0 0 0 0 0.252152 0 0 0 
0 0 0 0 0 0.253537 0 0 0 
0 0 0 0 0 0.262049 0 0 0 
0 0 0 0 0 0.256739 0 0 0 
0 0 0 0 0 0.248473 0 0 0 
0 0 0 0 0 0.244532 0 0 0 
0 0 0 0 0 0.23981 0 0 0 
0 0 0 0 0 0.238194 0 0 0 
0 0 0 0 0 0.244978 0 0 0 
0 0 0 0 0 0.243022 0 0 0 
0 0 0 0 0 0.243535 0 0 0 
0 0 0 0 0 0.24282 0 0 0 
0 0 0 0 0 0.238606 0 0 0 
0 0 0 0 0 0.234705 0 0 0 
0 0 0 0 0 0.233084 0 0 0 
0 0 0 0 0 0.231251 0 0 0 
0 0 0 0 0 0.23045 0 0 0 
0 0 0 0 0 0.229764 0 0 0 
0 0 0 0 0 0.227761 0 0 0 
0 0 0 0 0 0.224571 0 0 0 
0 0 0 0 0 0.219671 0 0 0 
0 0 0 0 0 0.215855 0 0 0 
0 0 0 0 0 0.215467 0 0 0 
0 0 0 0 0 0.214712 0 0 0 
0 0 0 0 0 0.20961 0 0 0 
0 0 0 0 0 0.209145 0 0 0 
0 0 0 0 0 0.216332 0 0 0 
0 0 0 0 0 0.218558 0 0 0 
0 0 0 0 0 0.218893 0 0 0 
0 0 0 0 0 0.214974 0 0 0 
0 0 0 0 0 0.213123 0 0 0 
0 0 0 0 0 0.219716 0 0 0 
0 0 0 0 0 0.21693 0 0 0 
0 0 0 0 0 0.213772 0 0 0 
0 0 0 0 0 0.210074 0 0 0 
0 0 0 0 0 0.209793 0 0 0 
0 0 0 0 0 0.208962 0 0 0 
0 0 0 0 0 0.207638 0 0 0 
0 0 0 0 0 0.206249 0 0 0 
0 0 0 0 0 0.206255 0 0 0 
0 0 0 0 0 0.204765 0 0 0 
0 0 0 0 0 0.205053 0 0 0 
0 0 0 0 0 0.206493 0 0 0 
0 0 0 0 0 0.206736 0 0 0 
0 0 0 0 0 0.206282 0 0 0 
0 0 0 0 0 0.20737 0 0 0 
0 0 0 0 0 0.207003 0 0 0 
