0 0 0 0 0 0 0 0 0 
0 0 0 0 0 0 0 0 0 
0 0 0 0 0 0 0 0 0 
0 0 0 0 0 0 0 0 0 
0 0 0 0 0 0 0 0 0 
0 0 0 0 0 0 0 0 0 
0 0 0 0 0 0 0 0 0 
0 0 0 0 0 0 0 0 0 
0 0 0 0 0 0 0 0 0 
0 0 0 0 0 0 0 0 0 
0 0 0 0 0 0 0 0 0 
0 0 0 0 0 0 0 0 0 
0 0 0 0 0 0 0 0 0 
0 0 0 0 0 0 0 0 0 
0 0 0 0 0 0 0 0 0 
0 0 0 0 0 0 0 0 0 
0 0 0 0 0 0 0 0 0 
0 0 0 0 0 0 0 0 0 
0 0 0 0 0 0 0 0 0 
0 0 0 0 0 0 0 0 0 
0 0 0 0 0 0 0 0 0 
0 0 0 0 0 0 0 0 0 
0 0 0 0 0 0 0 0 0 
0 0 0 0 0 0 0 0 0 
0 0 0 0 0 0 0 0 0 
0 0 0 0 0 0 0 0 0 
0 0 0 0 0 0 0 0 0 
0 0 0 0 0 0 0 0 0 
0 0 0 0 0 0 0 0 0 
0 0 0 0 0 0 0 0 0 
0 0 0 0 0 0 0 0 0 
0 0 0 0 0 0 0 0 0 
0 0 0 0 0 0 0 0 0 
0 0 0 0 0 0 0 0 0 
0 0 0 0 0 0 0 0 0 
0 0 0 0 0 0 0 0 0 
0 0 0 0 0 0 0 0 0 
0 0 0 0 0 0 0 0 0 
0 0 0 0 0 0 0 0 0 
0 0 0 0 0 0 0 0 0 
0 0 0 0 0 0 0 0 0 
0 0 0 0 0 0 0 0 0 
0 0 0 0 0 0 0 0 0 
0 0 0 0 0 0 0 0 0 
0 0 0 0 0 0 0 0 0 
0 0 0 0 0 0 0 0 0 
0 0 0 0 0 0 0 0 0 
0 0 0 0 0 0 0 0 0 
0 0 0 0 0 0 0 0 0 
0 0 0 0 0 0 0 0 0 
0 0 0 0 0 0 0 0 0 
0 0 0 0 0 0 0 0 0 
0 0 0 0 0 0 0 0 0 
0 0 0 0 0 0 0 0 0 
0 0 0 0 0 0 0 0 0 
0 0 0 0 0 0 0 0 0 
0 0 0 0 0 0 0 0 0 
0 0 0 0 0 0 0 0 0 
0 0 0 0 0 0 0 0 0 
0 0 0 0 0 0 0 0 0 
0 0.0202464 0 0 0 0 0 0 0 
0 0.0559192 0 0 0 0 0 0 0 
0 0.0915504 0 0 0 0 0 0 0 
0 0.126818 0 0 0 0 0 0 0 
0 0.161952 0 0 0 0 0 0 0 
0 0.19696 0 0 0 0 0 0 0 
0 0.232547 0 0 0 0 0 0 0 
0 0.267553 0 0 0 0 0 0 0 
0 0.302457 0 0 0 0 0 0 0 
0 0.337765 0 0 0 0 0 0 0 
0 0.373124 0 0 0 0 0 0 0 
0 0.40735 0 0 0 0 0 0 0 
0 0.442059 0 0 0 0 0 0 0 
0 0.475921 0 0 0 0 0 0 0 
0 0.507699 0 0 0 0 0 0 0 
0 0.538935 0 0 0 0 0 0 0 
0 0.568954 0 0 0 0 0 0 0 
0 0.595697 0 0 0 0 0 0 0 
0 0.620369 0 0 0 0 0 0 0 
0 0.640329 0 0 0 0 0 0 0 
0 0.657509 0 0 0 0 0 0 0 
0 0.673876 0 0 0 0 0 0 0 
0 0.686714 0 0 0 0 0 0 0 
0 0.692376 0 0 0 0 0 0 0 
0 0.696577 0 0 0 0 0 0 0 
0 0.699702 0 0 0 0 0 0 0 
0 0.703269 0 0 0 0 0 0 0 
0 0.705598 0 0 0 0 0 0 0 
0 0.703742 0 0 0 0 0 0 0 
0 0.702162 0 0 0 0 0 0 0 
0 0.701698 0 0 0 0 0 0 0 
0 0.700184 0 0 0 0 0 0 0 
0 0.698188 0 0 0 0 0 0 0 
0 0.696284 0 0 0 0 0 0 0 
0 0.695784 0 0 0 0 0 0 0 
0 0.68915 0 0 0 0 0 0 0 
0 0.69196 0 0 0 0 0 0 0 
0 0.692147 0 0 0 0 0 0 0 
0 0.689919 0 0 0 0 0 0 0 
0 0.687773 0 0 0 0 0 0 0 
0 0.684389 0 0 0 0 0 0 0 
0 0.680709 0 0 0 0 0 0 0 
0 0.67755 0 0 0 0 0 0 0 
0 0.674765 0 0 0 0 0 0 0 
0 0.665435 0 0 0 0 0 0 0 
0 0.662656 0 0 0 0 0 0 0 
0 0.666504 0 0 0 0 0 0 0 
0 0.663828 0 0 0 0 0 0 0 
0 0.662122 0 0 0 0 0 0 0 
0 0.659564 0 0 0 0 0 0 0 
0 0.656507 0 0 0 0 0 0 0 
0 0.65337 0 0 0 0 0 0 0 
0 0.649991 0 0 0 0 0 0 0 
0 0.646279 0 0 0 0 0 0 0 
0 0.641884 0 0 0 0 0 0 0 
0 0.637315 0 0 0 0 0 0 0 
0 0.632748 0 0 0 0 0 0 0 
0 0.627971 0 0 0 0 0 0 0 
0 0.622953 0 0 0 0 0 0 0 
0 0.618076 0 0 0 0 0 0 0 
0 0.613363 0 0 0 0 0 0 0 
0 0.60889 0 0 0 0 0 0 0 
0 0.603003 0 0 0 0 0 0 0 
0 0.595257 0 0 0 0 0 0 0 
0 0.587965 0 0 0 0 0 0 0 
0 0.578679 0 0 0 0 0 0 0 
0 0.568666 0 0 0 0 0 0 0 
0 0.558191 0 0 0 0 0 0 0 
0 0.547097 0 0 0 0 0 0 0 
0 0.53576 0 0 0 0 0 0 0 
0 0.524386 0 0 0 0 0 0 0 
0 0.51261 0 0 0 0 0 0 0 
0 0.500008 0 0 0 0 0 0 0 
0 0.487111 0 0 0 0 0 0 0 
0 0.475942 0 0 0 0 0 0 0 
0 0.462323 0 0 0 0 0 0 0 
0 0.449624 0 0 0 0 0 0 0 
0 0.436036 0 0 0 0 0 0 0 
0 0.421755 0 0 0 0 0 0 0 
0 0.408866 0 0 0 0 0 0 0 
0 0.394223 0 0 0 0 0 0 0 
0 0.379449 0 0 0 0 0 0 0 
0 0.364545 0 0 0 0 0 0 0 
0 0.348666 0 0 0 0 0 0 0 
0 0.333036 0 0 0 0 0 0 0 
0 0.317684 0 0 0 0 0 0 0 
0 0.301963 0 0 0 0 0 0 0 
0 0.285372 0 0 0 0 0 0 0 
0 0.269367 0 0 0 0 0 0 0 
0 0.253573 0 0 0 0 0 0 0 
0 0.23535 0 0 0 0 0 0 0 
0 0.217044 0 0 0 0 0 0 0 
0 0.200159 0 0 0 0 0 0 0 
0 0.181406 0 0 0 0 0 0 0 
0 0.160362 0 0 0 0 0 0 0 
0 0.139083 0 0 0 0 0 0.0439537 0 
0 0.115713 0 0 0 0 0 0.0544108 0.0411248 
0 0.0931011 0 0 0 0 0 0.0449304 0.139875 
0 0.073265 0 0 0 0 0 0.0224187 0.232432 
0 0.0542304 0 0 0 0 0 0 0.306333 
0 0.0346532 0 0 0 0 0 0 0.352095 
0 0.0148628 0 0 0 0 0 0 0.375153 
0 0 0 0 0 0 0 0 0.383336 
0 0 0 0 0 0 0 0 0.392858 
0 0 0 0 0 0 0 0 0.404324 
0 0 0 0 0 0 0 0 0.425537 
0 0 0 0 0 0 0 0 0.425956 
0 0 0 0 0 0 0 0 0.426923 
0 0 0 0 0 0 0 0 0.43614 
0 0 0 0 0 0 0 0 0.433023 
0 0 0 0 0 0 0 0 0.441896 
0 0 0 0 0 0 0 0 0.460151 
0 0 0 0 0 0 0 0 0.476368 
0 0 0 0 0 0 0 0 0.487166 
0 0 0 0 0 0 0 0 0.529214 
0 0 0 0 0 0 0 0 0.536791 
0 0 0 0 0 0 0 0 0.540128 
0 0 0 0 0 0 0 0 0.546346 
0 0 0 0 0 0 0 0 0.550097 
0 0 0 0 0 0 0 0 0.554539 
0 0 0 0 0 0 0 0 0.556049 
0 0 0 0 0 0 0 0 0.561108 
0 0 0 0 0 0 0 0 0.568424 
0 0 0 0 0 0 0 0 0.577058 
0 0 0 0 0 0 0 0 0.586156 
0 0 0 0 0 0 0 0 0.596681 
0 0 0 0 0 0 0 0 0.603542 
0 0 0 0 0 0 0 0 0.612128 
0 0 0 0 0 0 0 0 0.620466 
0 0 0 0 0 0 0 0 0.62779 
0 0 0 0 0 0 0 0 0.631316 
0 0 0 0 0 0 0 0 0.63217 
0 0 0 0 0 0 0 0 0.630505 
0 0 0 0 0 0 0 0 0.624027 
0 0 0 0 0 0 0 0 0.617054 
0 0 0 0 0 0 0 0 0.608926 
0 0 0 0 0 0 0 0 0.594029 
0 0 0 0 0 0 0 0 0.594933 
0 0 0 0 0 0 0 0 0.605312 
0 0 0 0 0 0 0 0 0.609179 
0 0 0 0 0 0 0 0.0567149 0.618587 
0 0 0 0 0 0 0 0.0828022 0.635169 
0 0 0 0 0 0 0 0.0340489 0.659778 
0 0 0 0 0 0 0 0 0.688675 
0.0137576 0 0 0 0 0 0 0 0.719521 
0.145347 0 0 0 0 0 0 0 0.748212 
0.254743 0 0 0 0 0 0 0 0.762493 
0.341633 0 0 0 0 0 0 0 0.776302 
0.415383 0 0 0 0 0 0 0 0.792366 
0.47846 0 0 0 0 0 0 0 0.810696 
0.525039 0 0 0 0 0 0 0 0.824706 
0.564952 0 0 0 0 0 0 0 0.836147 
0.599741 0 0 0 0 0 0 0 0.843082 
0.630342 0 0 0 0 0 0 0 0.855526 
0.669208 0 0 0 0 0 0 0 0.863905 
0.704521 0 0 0 0 0 0 0 0.869427 
0.759711 0 0 0 0 0 0 0 0.872606 
0.76822 0 0 0 0 0 0 0 0.869784 
0.776632 0 0 0 0 0 0 0 0.868754 
0.78108 0 0 0 0 0 0 0 0.868467 
0.783691 0 0 0 0 0 0 0 0.868375 
0.787494 0 0 0 0 0 0 0 0.870595 
0.791627 0 0 0 0 0 0 0 0.872957 
0.798416 0 0 0 0 0 0 0 0.878329 
0.79777 0 0 0 0 0 0 0 0.876968 
0.798377 0 0 0 0 0 0 0 0.881797 
0.799191 0 0 0 0 0 0 0 0.886914 
0.799841 0 0 0 0 0 0 0 0.892826 
0.799766 0 0 0 0 0 0 0 0.897155 
0.799153 0 0 0 0 0 0 0 0.900512 
0.798543 0 0 0 0 0 0 0 0.901961 
0.796188 0 0 0 0 0 0 0 0.898516 
0.796193 0 0 0 0 0 0 0 0.898694 
0.795775 0 0 0 0 0 0 0 0.901808 
0.795573 0 0 0 0 0 0 0 0.901878 
