0 0 0 0 0 0 0 0 0 
0 0 0 0 0 0 0 0 0 
0 0 0 0 0 0 0 0 0 
0 0 0 0 0 0 0 0 0 
0 0 0 0 0 0 0.0173409 0 0 
0 0 0 0 0 0 0.0455718 0 0 
0 0 0 0 0 0 0.0559876 0 0 
0 0 0 0 0 0 0.0858648 0 0 
0 0 0 0 0 0 0.0864439 0 0 
0 0 0 0 0 0 0.0726655 0 0 
0 0 0 0 0 0 0.0602494 0 0 
0 0 0 0 0 0 0.0489886 0 0 
0 0 0 0 0 0 0.0278432 0 0 
0 0 0 0 0 0 0.000399784 0 0 
0 0 0 0 0 0 0 0 0 
0 0 0 0 0 0 0 0 0 
0 0 0 0 0 0 0 0 0 
0 0 0 0 0 0 0 0 0 
0 0 0 0 0 0 0 0 0 
0 0 0 0 0 0 0 0 0 
0 0 0 0 0 0 0 0 0 
0 0 0 0 0 0 0 0 0 
0 0 0 0 0 0 0 0 0 
0 0 0 0 0 0 0 0 0 
0 0 0 0 0 0 0 0 0 
0 0 0 0 0 0 0 0 0 
0 0 0 0 0 0 0 0 0 
0 0 0 0 0 0 0 0 0 
0 0 0 0 0 0 0 0 0 
0 0 0 0 0 0 0 0 0 
0 0 0 0 0 0 0 0 0 
0 0 0 0 0 0 0 0 0 
0 0 0 0 0 0 0 0 0 
0 0 0 0 0 0 0 0 0 
0 0 0 0 0 0 0 0 0 
0 0 0 0 0 0 0 0 0 
0 0 0 0 0 0 0 0 0 
0 0 0 0 0 0 0 0 0 
0 0 0 0 0 0 0 0 0 
0 0 0 0 0 0 0 0 0 
0 0 0 0 0 0 0 0 0 
0 0 0 0 0 0 0 0 0 
0 0 0 0 0 0 0 0 0 
0 0 0 0 0 0 0 0 0 
0 0 0 0 0 0 0 0 0 
0 0 0 0 0 0 0 0 0 
0 0 0 0 0 0 0 0 0 
0 0 0 0 0 0 0 0 0 
0 0 0 0 0 0 0 0 0 
0 0 0 0 0 0 0 0 0 
0 0 0 0 0 0 0 0 0 
0 0 0 0 0 0.0157722 0 0 0 
0 0 0 0 0 0.102811 0 0 0 
0 0 0 0 0 0.180122 0 0 0 
0 0 0 0 0 0.241522 0 0 0 
0 0 0 0 0 0.275923 0 0 0 
0 0 0 0 0 0.308504 0 0 0 
0 0 0 0 0 0.337982 0 0 0 
0 0 0 0 0 0.350706 0 0 0 
0 0 0 0 0 0.363541 0 0 0 
0 0 0 0 0 0.364602 0 0 0 
0 0 0 0 0 0.359049 0 0 0 
0 0 0 0 0 0.355763 0 0 0 
0 0 0 0 0 0.368172 0 0 0 
0 0 0 0 0 0.363708 0 0 0 
0 0 0 0 0 0.354387 0 0 0 
0 0 0 0 0 0.3429 0 0 0 
0 0 0 0 0 0.33113 0 0 0 
0 0 0 0 0 0.319196 0 0 0 
0 0 0 0 0 0.305711 0 0 0 
0 0 0 0 0 0.29646 0 0 0 
0 0 0 0 0 0.289206 0 0 0 
0 0 0 0 0 0.290377 0 0 0 
0 0 0 0 0 0.285525 0 0 0 
0 0 0 0 0 0.284891 0 0 0 
0 0 0 0 0 0.284203 0 0 0 
0 0 0 0 0 0.294367 0 0 0 
0 0 0 0 0 0.304684 0 0 0 
0 0 0 0 0 0.312098 0 0 0 
0 0 0 0 0 0.320765 0 0 0 
0 0 0 0 0 0.33116 0 0 0 
0 0 0 0 0 0.338275 0 0 0 
0 0 0 0 0 0.341982 0 0 0 
0 0 0 0 0 0.355078 0 0 0 
0 0 0 0 0 0.362916 0 0 0 
0 0 0 0 0 0.372007 0 0 0 
0 0 0 0 0 0.383218 0 0 0 
0 0 0 0 0 0.398369 0 0 0 
0 0 0 0 0 0.406157 0 0 0 
0 0 0 0 0 0.435207 0 0 0 
0 0 0 0 0 0.446643 0 0 0 
0 0 0 0 0 0.454195 0 0 0 
0 0 0 0 0 0.451026 0 0 0 
0 0 0 0 0 0.467897 0 0 0 
0 0 0 0 0 0.467291 0 0 0 
0 0 0 0 0 0.466345 0 0 0 
0 0 0 0 0 0.462867 0 0 0 
0 0 0 0 0 0.462706 0 0 0 
0 0 0 0 0 0.468199 0 0 0 
0 0 0 0 0 0.466876 0 0 0 
0 0 0 0 0 0.465197 0 0 0 
0 0 0 0 0 0.461495 0 0 0 
0 0 0 0 0 0.454691 0 0 0 
0 0 0 0 0 0.452486 0 0 0 
0 0 0 0 0 0.454736 0 0 0 
0 0 0 0 0 0.454964 0 0 0 
0 0 0 0 0 0.451765 0 0 0 
0 0 0 0 0 0.451675 0 0 0 
0 0 0 0 0 0.451219 0 0 0 
0 0 0 0 0 0.450576 0 0 0 
0 0 0 0 0 0.452132 0 0 0 
0 0 0 0 0 0.45215 0 0 0 
0 0 0 0 0 0.450324 0 0 0 
0 0 0 0 0 0.446094 0 0 0 
0 0 0 0 0 0.444229 0 0 0 
0 0 0 0 0 0.442587 0 0 0 
0 0 0 0 0 0.441193 0 0 0 
0 0 0 0 0 0.441148 0 0 0 
0 0 0 0 0 0.441 0 0 0 
0 0 0 0 0 0.441285 0 0 0 
0 0 0 0 0 0.440403 0 0 0 
0 0 0 0 0 0.439835 0 0 0 
0 0 0 0 0 0.43913 0 0 0 
0 0 0 0 0 0.439157 0 0 0 
0 0 0 0 0 0.438128 0 0 0 
0 0 0 0 0 0.435243 0 0 0 
0 0 0 0 0 0.434115 0 0 0 
0 0 0 0 0 0.433766 0 0 0 
0 0 0 0 0 0.434627 0 0 0 
0 0 0 0 0 0.433009 0 0 0 
