0 0 0 0 0 0 0.13601 0 0 
0 0 0 0 0 0 0.16116 0 0 
0 0 0 0 0 0 0.17877 0 0 
0 0 0 0 0 0 0.188335 0 0 
0 0 0 0 0 0 0.200091 0 0 
0 0 0 0 0 0 0.216409 0 0 
0 0 0 0 0 0 0.232521 0 0 
0 0 0 0 0 0 0.255517 0 0 
0 0 0 0 0 0 0.272791 0 0 
0 0 0 0 0 0 0.294489 0 0 
0 0 0 0 0 0 0.308534 0 0 
0 0 0 0 0 0 0.360429 0 0 
0 0 0 0 0 0 0.392283 0 0 
0 0 0 0 0 0 0.424964 0 0 
0 0 0 0 0 0 0.443027 0 0 
0 0 0 0 0 0 0.453615 0 0 
0 0 0 0 0 0 0.460654 0 0 
0 0 0 0 0 0 0.470688 0 0 
0 0 0 0 0 0 0.505426 0 0 
0 0 0 0 0 0 0.549718 0 0 
0 0 0 0 0 0 0.572965 0 0 
0 0 0 0 0 0 0.59218 0 0 
0 0 0 0 0 0 0.601481 0 0 
0 0 0 0 0 0 0.600393 0 0 
0 0 0 0 0 0 0.591334 0 0 
0 0 0 0 0 0 0.583389 0 0 
0 0 0 0 0 0 0.578097 0 0 
0 0 0 0 0 0 0.592603 0 0 
0 0 0 0 0 0 0.617993 0 0 
0 0 0 0 0 0 0.603547 0 0 
0 0 0 0 0 0 0.568653 0 0 
0 0 0 0 0 0 0.50369 0 0 
0 0 0 0 0 0 0.412573 0 0 
0 0 0 0 0 0 0.295179 0 0 
0 0 0 0 0 0 0.172667 0 0 
0 0 0 0 0 0 0.0443593 0 0 
0 0 0 0 0 0 0 0 0 
0 0 0 0 0 0 0 0 0 
0 0 0 0 0 0 0 0 0 
0 0 0 0 0 0 0 0 0 
0 0 0 0 0 0 0 0 0 
0 0 0 0 0 0 0 0 0 
0 0 0 0 0 0 0 0 0 
0 0 0 0 0 0 0 0 0 
0 0 0 0 0 0 0 0 0 
0 0 0 0 0 0 0 0 0 
0 0 0 0 0 0 0 0 0 
0 0 0 0 0 0 0 0 0 
0 0 0 0 0 0 0 0 0 
0 0 0 0 0 0 0 0 0 
0 0 0 0 0 0 0 0 0 
0 0 0 0 0 0 0 0 0 
0 0 0 0 0 0 0 0 0 
0 0 0 0 0 0 0 0 0 
0 0 0 0 0 0 0 0 0 
0 0 0 0 0 0 0 0 0 
0 0 0 0 0 0 0 0 0 
0 0 0 0 0 0 0 0 0 
0 0 0 0 0 0 0 0 0 
0 0 0 0 0 0 0 0 0 
0 0 0 0 0 0 0 0 0 
0 0 0 0 0 0 0 0 0 
0 0 0 0 0 0.0112956 0 0 0 
0 0 0 0 0 0.107986 0 0 0 
0 0 0 0 0 0.200143 0 0 0 
0 0 0 0 0 0.31005 0 0 0 
0 0 0 0 0 0.429808 0 0 0 
0 0 0 0 0 0.498923 0 0 0 
0 0 0 0 0 0.504568 0 0 0 
0 0 0 0 0 0.509079 0 0 0 
