0 0 0 0 0 0 0 0 0 
0 0 0 0 0 0 0 0 0 
0 0 0 0 0 0 0 0 0 
0 0 0 0 0 0 0 0 0 
0 0 0 0 0 0 0 0 0 
0 0 0 0 0 0 0 0 0 
0 0 0 0 0 0 0 0 0 
0 0 0 0 0 0 0 0 0 
0 0 0 0 0 0 0 0 0 
0 0 0 0 0 0 0 0 0 
0 0 0 0 0 0 0 0 0 
0 0 0 0 0 0 0 0 0 
0 0 0 0 0 0 0 0 0 
0 0 0 0 0 0 0 0 0 
0 0 0 0 0 0 0 0 0 
0 0 0 0 0 0 0 0 0 
0 0 0 0 0 0 0 0 0 
0 0 0 0 0 0 0 0 0 
0 0 0 0 0 0 0 0 0 
0 0 0 0 0 0 0 0 0 
0 0 0 0 0 0 0 0 0 
0 0 0 0 0 0 0 0 0 
0 0 0 0 0 0 0 0 0 
0 0 0 0 0 0 0 0 0 
0 0 0 0 0 0 0 0 0 
0 0 0 0 0 0.0165206 0 0 0 
0 0 0 0 0 0.0921543 0 0 0 
0 0 0 0 0 0.158869 0 0 0 
0 0 0 0 0 0.212575 0 0 0 
0 0 0 0 0 0.259252 0 0 0 
0 0 0 0 0 0.296406 0 0 0 
0 0 0 0 0 0.326535 0 0 0 
0 0 0 0 0 0.354356 0 0 0 
0 0 0 0 0 0.38056 0 0 0 
0 0 0 0 0 0.403434 0 0 0 
0 0 0 0 0 0.433847 0 0 0 
0 0 0 0 0 0.454605 0 0 0 
0 0 0 0 0 0.498319 0 0 0 
0 0 0 0 0 0.519321 0 0 0 
0 0 0 0 0 0.526938 0 0 0 
0 0 0 0 0 0.530397 0 0 0 
0 0 0 0 0 0.529574 0 0 0 
0 0 0 0 0 0.525549 0 0 0 
0 0 0 0 0 0.517622 0 0 0 
0 0 0 0 0 0.50708 0 0 0 
0 0 0 0 0 0.49336 0 0 0 
0 0 0 0 0 0.476606 0 0 0 
0 0 0 0 0 0.457304 0 0 0 
0 0 0 0 0 0.435214 0 0 0 
0 0 0 0 0 0.412227 0 0 0 
0 0 0 0 0 0.38981 0 0 0 
0 0 0 0 0 0.367312 0 0 0 
0 0 0 0 0 0.344451 0 0 0 
0 0 0 0 0 0.317132 0 0 0 
0 0 0 0 0 0.287068 0 0 0 
0 0 0 0 0 0.259915 0 0 0 
0 0 0 0 0 0.240607 0 0 0 
0 0 0 0 0 0.224907 0 0 0 
0 0 0 0 0 0.216553 0 0 0 
0 0 0 0 0 0.206263 0 0 0 
0 0 0 0 0.0330942 0.197276 0 0 0 
0 0 0 0 0.267631 0.19173 0 0 0 
0 0 0 0 0.403855 0.190584 0 0 0 
0 0 0 0 0.485477 0.193338 0 0 0 
0 0 0 0 0.536923 0.20215 0 0 0 
0 0 0 0 0.579552 0.209965 0 0 0 
0 0 0 0 0.590667 0.220652 0 0 0 
0 0 0 0 0.599425 0.225801 0 0 0 
0 0 0 0 0.59052 0.230671 0 0 0 
0 0 0 0 0.584167 0.236474 0 0 0 
0 0 0 0 0.575832 0.245233 0 0 0 
0 0 0 0 0.566384 0.259834 0 0 0 
0 0 0 0 0.552043 0.274438 0 0 0 
0 0 0 0 0.536029 0.288856 0 0 0 
0 0 0 0 0.522323 0.301964 0 0 0 
0 0 0 0 0.515241 0.311747 0 0 0 
0 0 0 0 0.507684 0.320272 0 0 0 
0 0 0 0 0.501429 0.325455 0 0 0 
0 0 0 0 0.478757 0.334208 0 0 0 
0 0 0 0 0.477071 0.346851 0 0 0 
0 0 0 0 0.47792 0.3606 0 0 0 
0 0 0 0 0.470364 0.370456 0 0 0 
0 0 0 0 0.459143 0.37894 0 0 0 
0 0 0 0 0.435909 0.38581 0 0 0 
0 0 0 0 0.407722 0.39078 0 0 0 
0 0 0 0 0.378985 0.394581 0 0 0 
0 0 0 0 0.358906 0.4025 0 0 0 
0 0 0 0 0.327741 0.405014 0 0 0 
0 0 0 0 0.295809 0.407684 0 0 0 
0 0 0 0 0.26329 0.40979 0 0 0 
0 0 0 0 0.243811 0.418136 0 0 0 
0 0 0 0 0.21371 0.426416 0 0 0 
0 0 0 0 0.182244 0.434371 0 0 0 
0 0 0 0 0.163117 0.445917 0 0 0 
0 0 0 0 0.170892 0.473852 0 0 0 
0 0 0 0 0.154529 0.488807 0 0 0 
0 0 0 0 0.133613 0.5016 0 0 0 
0 0 0 0 0.109225 0.512551 0 0 0 
0 0 0 0 0.0891105 0.526567 0 0 0 
0 0 0 0 0.0463641 0.526617 0 0 0 
0 0 0 0 0.0172998 0.536906 0 0 0 
0 0 0 0 0.0196676 0.558702 0 0 0 
0 0 0 0 0.0078392 0.575982 0 0 0 
0 0 0 0 0.00340765 0.594582 0 0 0 
0 0 0 0 0 0.616162 0 0 0 
0 0 0 0 0 0.637059 0 0 0 
0 0 0 0 0.00254241 0.652404 0 0 0 
0 0 0 0 0 0.661597 0 0 0 
0 0 0 0 0 0.669407 0 0 0 
0 0 0 0 0 0.680897 0 0 0 
0 0 0 0 0 0.687662 0 0 0 
0 0 0 0 0 0.69729 0 0 0 
0 0 0 0 0 0.702615 0 0 0 
0 0 0 0 0 0.706882 0 0 0 
0 0 0 0 0 0.71216 0 0 0 
0 0 0 0 0 0.716495 0 0 0 
0 0 0 0 0 0.721093 0 0 0 
0 0 0 0 0 0.723409 0 0 0 
0 0 0 0 0 0.726683 0 0 0 
0 0 0 0 0 0.725299 0 0 0 
0 0 0 0 0 0.723752 0 0 0 
0 0 0 0 0 0.72187 0 0 0 
0 0 0 0 0 0.720457 0 0 0 
0 0 0 0 0 0.71892 0 0 0 
0 0 0 0 0 0.719003 0 0 0 
0 0 0 0 0 0.718223 0 0 0 
0 0 0 0 0 0.716831 0 0 0 
0 0 0 0 0 0.715705 0 0 0 
0 0 0 0 0 0.713874 0 0 0 
0 0 0 0 0 0.71209 0 0 0 
0 0 0 0 0 0.71042 0 0 0 
0 0 0 0 0 0.708737 0 0 0 
0 0 0 0 0 0.706631 0 0 0 
0 0 0 0 0 0.704695 0 0 0 
0 0 0 0 0 0.702845 0 0 0 
0 0 0 0 0 0.701077 0 0 0 
0 0 0 0 0 0.699165 0 0 0 
0 0 0 0 0 0.697061 0 0 0 
0 0 0 0 0 0.694381 0 0 0 
0 0 0 0 0 0.6919 0 0 0 
0 0 0 0 0 0.689118 0 0 0 
0 0 0 0 0 0.686484 0 0 0 
0 0 0 0 0 0.684045 0 0 0 
0 0 0 0 0 0.682062 0 0 0 
0 0 0 0 0 0.680265 0 0 0 
0 0 0 0 0 0.678787 0 0 0 
0 0 0 0 0 0.677214 0 0 0 
0 0 0 0 0 0.676093 0 0 0 
0 0 0 0 0 0.675072 0 0 0 
0 0 0 0 0 0.674191 0 0 0 
0 0 0 0 0 0.67324 0 0 0 
0 0 0 0 0 0.672714 0 0 0 
0 0 0 0 0 0.672362 0 0 0 
0 0 0 0 0 0.671837 0 0 0 
0 0 0 0 0 0.670762 0 0 0 
0 0 0 0 0 0.669264 0 0 0 
0 0 0 0 0 0.66695 0 0 0 
0 0 0 0 0 0.664039 0 0 0 
0 0 0 0 0 0.660483 0 0 0 
0 0 0 0 0 0.656245 0 0 0 
0 0 0 0 0 0.651305 0 0 0 
0 0 0 0 0 0.645319 0 0 0 
0 0 0 0 0 0.638649 0 0 0 
0 0 0 0 0 0.631263 0 0 0 
0 0 0 0 0 0.623601 0 0 0 
0 0 0 0 0 0.616045 0 0 0 
0 0 0 0 0 0.609307 0 0 0 
0 0 0 0 0 0.603046 0 0 0 
0 0 0 0 0 0.597246 0 0 0 
0 0 0 0 0 0.591344 0 0 0 
0 0 0 0 0 0.58535 0 0 0 
0 0 0 0 0 0.579012 0 0 0 
0 0 0 0 0 0.572882 0 0 0 
0 0 0 0 0 0.567168 0 0 0 
0 0 0 0 0 0.562605 0 0 0 
0 0 0 0 0 0.560134 0 0 0 
0 0 0 0 0 0.559662 0 0 0 
0 0 0 0 0 0.560439 0 0 0 
0 0 0 0 0 0.562005 0 0 0 
0 0 0 0 0 0.563716 0 0 0 
0 0 0 0 0 0.564897 0 0 0 
0 0 0 0 0 0.565673 0 0 0 
0 0 0 0 0 0.565491 0 0 0 
0 0 0 0 0 0.564143 0 0 0 
0 0 0 0 0 0.561109 0 0 0 
0 0 0 0 0 0.557574 0 0 0 
0 0 0 0 0 0.553764 0 0 0 
0 0 0 0 0 0.550089 0 0 0 
0 0 0 0 0 0.545747 0 0 0 
0 0 0 0 0 0.540473 0 0 0 
0 0 0 0 0 0.535894 0 0 0 
0 0 0 0 0 0.532527 0 0 0 
0 0 0 0 0 0.530473 0 0 0 
0 0 0 0 0 0.529856 0 0 0 
0 0 0 0 0 0.530437 0 0 0 
0 0 0 0 0 0.532357 0 0 0 
0 0 0 0 0 0.53504 0 0 0 
0 0 0 0 0 0.539031 0 0 0 
0 0 0 0 0 0.543444 0 0 0 
0 0 0 0 0 0.548251 0 0 0 
0 0 0 0 0 0.553919 0 0 0 
0 0 0 0 0 0.560809 0 0 0 
0 0 0 0 0 0.569265 0 0 0 
0 0 0 0 0 0.57937 0 0 0 
0 0 0 0 0 0.590955 0 0 0 
0 0 0 0 0 0.60285 0 0 0 
0 0 0 0 0 0.614206 0 0 0 
0 0 0 0 0 0.623688 0 0 0 
0 0 0 0 0 0.63009 0 0 0 
0 0 0 0 0 0.632616 0 0 0 
0 0 0 0 0 0.630912 0 0 0 
0 0 0 0 0 0.625315 0 0 0 
0 0 0 0 0 0.616052 0 0 0 
0 0 0 0 0 0.604002 0 0 0 
0 0 0 0 0 0.589611 0 0 0 
0 0 0 0 0 0.574961 0 0 0 
0 0 0 0 0 0.561884 0 0 0 
0 0 0 0 0 0.550968 0 0 0 
0 0 0 0 0 0.5423 0 0 0 
0 0 0 0 0 0.534003 0 0 0 
0 0 0 0 0 0.526525 0 0 0 
0 0 0 0 0 0.520153 0 0 0 
0 0 0 0 0 0.513792 0 0 0 
0 0 0 0 0 0.505725 0 0 0 
0 0 0 0 0 0.497358 0 0 0 
0 0 0 0 0 0.48896 0 0 0 
0 0 0 0 0 0.481036 0 0 0 
0 0 0 0 0 0.474337 0 0 0 
0 0 0 0 0 0.46874 0 0 0 
0 0 0 0 0 0.464947 0 0 0 
0 0 0 0 0 0.46334 0 0 0 
0 0 0 0 0 0.462675 0 0 0 
0 0 0 0 0 0.462439 0 0 0 
0 0 0 0 0 0.462632 0 0 0 
0 0 0 0 0 0.463373 0 0 0 
0 0 0 0 0 0.463265 0 0 0 
0 0 0 0 0 0.462747 0 0 0 
0 0 0 0 0 0.462147 0 0 0 
0 0 0 0 0 0.460854 0 0 0 
0 0 0 0 0 0.463548 0 0 0 
0 0 0 0 0 0.467558 0 0 0 
0 0 0 0 0 0.46882 0 0 0 
0 0 0 0 0 0.476129 0 0 0 
0 0 0 0 0 0.483781 0 0 0 
0 0 0 0 0 0.492593 0 0 0 
0 0 0 0 0 0.502108 0 0 0 
0 0 0 0 0 0.514705 0 0 0 
0 0 0 0 0 0.525808 0 0 0 
0 0 0 0 0 0.535638 0 0 0 
0 0 0 0 0 0.541199 0 0 0 
0 0 0 0 0 0.547108 0 0 0 
0 0 0 0 0 0.551841 0 0 0 
0 0 0 0 0 0.554777 0 0 0 
0 0 0 0 0 0.554614 0 0 0 
0 0 0 0 0 0.552407 0 0 0 
0 0 0 0 0 0.55287 0 0 0 
0 0 0 0 0 0.549192 0 0 0 
0 0 0 0 0 0.554825 0 0 0 
0 0 0 0 0 0.562153 0 0 0 
0 0 0 0 0 0.578913 0 0 0 
0 0 0 0 0 0.595698 0 0 0 
0 0 0 0 0 0.612845 0 0 0 
0 0 0 0 0 0.626334 0 0 0 
0 0 0 0 0 0.649793 0 0 0 
0 0 0 0 0 0.65964 0 0 0 
0 0 0 0 0 0.668949 0 0 0 
0 0 0 0 0 0.675561 0 0 0 
0 0 0 0 0 0.682119 0 0 0 
0 0 0 0 0 0.68176 0 0 0 
0 0 0 0 0 0.682078 0 0 0 
0 0 0 0 0 0.680777 0 0 0 
0 0 0 0 0 0.676657 0 0 0 
0 0 0 0 0 0.674167 0 0 0 
0 0 0 0 0 0.674647 0 0 0 
0 0 0 0 0 0.67288 0 0 0 
0 0 0 0 0 0.668499 0 0 0 
0 0 0 0 0 0.666469 0 0 0 
0 0 0 0 0 0.664534 0 0 0 
0 0 0 0 0 0.663034 0 0 0 
0 0 0 0 0 0.662219 0 0 0 
0 0 0 0 0 0.661546 0 0 0 
0 0 0 0 0 0.661053 0 0 0 
0 0 0 0 0 0.6615 0 0 0 
0 0 0 0 0 0.661747 0 0 0 
0 0 0 0 0 0.661292 0 0 0 
0 0 0 0 0 0.661765 0 0 0 
0 0 0 0 0 0.662477 0 0 0 
