0.363048 0 0 0 0 0 0 0 0.738724 
0.422688 0 0 0 0 0 0 0 0.773734 
0.466435 0 0 0 0 0 0 0 0.785741 
0.543997 0 0 0 0 0 0 0 0.792462 
0.588699 0 0 0 0 0 0 0 0.796469 
0.627235 0 0 0 0 0 0 0 0.80101 
0.651111 0 0 0 0 0 0 0 0.80666 
0.66837 0 0 0 0 0 0 0 0.815242 
0.684271 0 0 0 0 0 0 0 0.824955 
0.694121 0 0 0 0 0 0 0 0.832657 
0.69132 0 0 0 0 0 0 0 0.837509 
0.686788 0 0 0 0 0 0 0 0.841615 
0.682518 0 0 0 0 0 0 0 0.845063 
0.677293 0 0 0 0 0 0 0 0.847164 
0.672428 0 0 0 0 0 0 0 0.846267 
0.671211 0 0 0 0 0 0 0 0.842405 
0.672201 0 0 0 0 0 0 0 0.835346 
0.67282 0 0 0 0 0 0 0 0.825424 
0.673317 0 0 0 0 0 0 0 0.815057 
0.674792 0 0 0 0 0 0 0 0.805488 
0.675914 0 0 0 0 0 0 0 0.797463 
0.675938 0 0 0 0 0 0 0 0.791583 
0.674122 0 0 0 0 0 0 0 0.788598 
0.669895 0 0 0 0 0 0 0 0.789009 
0.664421 0 0 0 0 0 0 0 0.792078 
0.658581 0 0 0 0 0 0 0 0.797133 
0.652346 0 0 0 0 0 0 0 0.802981 
0.645796 0 0 0 0 0 0 0 0.809083 
0.639438 0 0 0 0 0 0 0 0.81464 
0.631372 0 0 0 0 0 0 0 0.819259 
0.620016 0 0 0 0 0 0 0 0.823029 
0.612671 0 0 0 0 0 0 0 0.828731 
0.60854 0 0 0 0 0 0 0 0.833377 
0.607379 0 0 0 0 0 0 0 0.836459 
0.606209 0 0 0 0 0 0 0 0.835657 
0.606971 0 0 0 0 0 0 0 0.833682 
0.609639 0 0 0 0 0 0 0 0.829226 
0.612205 0 0 0 0 0 0 0 0.822991 
0.613407 0 0 0 0 0 0 0 0.815155 
0.614223 0 0 0 0 0 0 0 0.807997 
0.613713 0 0 0 0 0 0 0 0.802223 
0.611309 0 0 0 0 0 0 0 0.798499 
0.606429 0 0 0 0 0 0 0 0.796094 
0.602258 0 0 0 0 0 0 0 0.797633 
0.595332 0 0 0 0 0 0 0 0.802143 
0.587684 0 0 0 0 0 0 0 0.807922 
0.579148 0 0 0 0 0 0 0 0.813837 
0.570448 0 0 0 0 0 0 0 0.821392 
0.565301 0 0 0 0 0 0 0 0.827334 
0.557092 0 0 0 0 0 0 0 0.83011 
0.549641 0 0 0 0 0 0 0 0.830472 
0.542836 0 0 0 0 0 0 0 0.828285 
0.537564 0 0 0 0 0 0 0 0.824004 
0.533424 0 0 0 0 0 0 0 0.816213 
0.532957 0 0 0 0 0 0 0 0.811424 
0.534911 0 0 0 0 0 0 0 0.807929 
0.538202 0 0 0 0 0 0 0 0.800569 
0.538948 0 0 0 0 0 0 0 0.792503 
0.534367 0 0 0 0 0 0 0 0.781957 
0.528161 0 0 0 0 0 0 0 0.770282 
0.521849 0 0 0 0 0 0 0 0.759392 
0.515073 0 0 0 0 0 0 0 0.750368 
0.508612 0 0 0 0 0 0 0 0.744493 
0.502851 0 0 0 0 0 0 0 0.740471 
0.495531 0 0 0 0 0 0 0 0.738856 
0.488257 0 0 0 0 0 0 0 0.740177 
0.48273 0 0 0 0 0 0 0 0.741738 
0.479483 0 0 0 0 0 0 0 0.745161 
0.476195 0 0 0 0 0 0 0 0.749173 
0.471542 0 0 0 0 0 0 0 0.753368 
0.465455 0 0 0 0 0 0 0 0.758891 
0.457144 0 0 0 0 0 0 0 0.764946 
0.447343 0 0 0 0 0 0 0 0.769587 
0.435627 0 0 0 0 0 0 0 0.772471 
0.426406 0 0 0 0 0 0 0 0.775644 
0.420284 0 0 0 0 0 0 0 0.779548 
0.414621 0 0 0 0 0 0 0 0.779513 
0.411356 0 0 0 0 0 0 0 0.776677 
0.408119 0 0 0 0 0 0 0 0.772885 
0.408333 0 0 0 0 0 0 0 0.769359 
0.412384 0 0 0 0 0 0 0 0.766938 
0.416971 0 0 0 0 0 0 0 0.76596 
0.422667 0 0 0 0 0 0 0 0.765635 
0.427603 0 0 0 0 0 0 0 0.765494 
0.425552 0 0 0 0 0 0 0 0.766484 
0.424294 0 0 0 0 0 0 0 0.771678 
0.42355 0 0 0 0 0 0 0 0.7782 
0.424263 0 0 0 0 0 0 0 0.784827 
0.426588 0 0 0 0 0 0 0 0.79523 
0.425614 0 0 0 0 0 0 0 0.803785 
0.419635 0 0 0 0 0 0 0 0.812829 
0.409057 0 0 0 0 0 0 0 0.820352 
0.395439 0 0 0 0 0 0 0 0.823914 
0.381423 0 0 0 0 0 0 0 0.825064 
0.375781 0 0 0 0 0 0 0 0.825008 
0.377993 0 0 0 0 0 0 0 0.826359 
0.382534 0 0 0 0 0 0 0 0.825247 
0.393859 0 0 0 0 0 0 0 0.828025 
0.405766 0 0 0 0 0 0 0 0.829292 
0.420312 0 0 0 0 0 0 0 0.828862 
0.438751 0 0 0 0 0 0 0 0.826391 
0.457531 0 0 0 0 0 0 0 0.82318 
0.476265 0 0 0 0 0 0 0 0.818464 
0.490027 0 0 0 0 0 0 0 0.811719 
0.504229 0 0 0 0 0 0 0 0.805389 
0.510577 0 0 0 0 0 0 0 0.799645 
0.516508 0 0 0 0 0 0 0 0.79517 
0.520121 0 0 0 0 0 0 0 0.79184 
0.522247 0 0 0 0 0 0 0 0.79425 
0.520851 0 0 0 0 0 0 0 0.797983 
0.515018 0 0 0 0 0 0 0 0.801883 
0.506199 0 0 0 0 0 0 0 0.804355 
0.494723 0 0 0 0 0 0 0 0.805776 
0.485765 0 0 0 0 0 0 0 0.806043 
0.476093 0 0 0 0 0 0 0 0.804087 
0.477314 0 0 0 0 0 0 0 0.805931 
0.478523 0 0 0 0 0 0 0 0.809034 
0.476693 0 0 0 0 0 0 0 0.809282 
0.476302 0 0 0 0 0 0 0 0.810124 
0.475672 0 0 0 0 0 0 0 0.808769 
0.473168 0 0 0 0 0 0 0 0.805119 
0.468785 0 0 0 0 0 0 0 0.800138 
0.46241 0 0 0 0 0 0 0 0.794632 
0.457132 0 0 0 0 0 0 0 0.790392 
0.452107 0 0 0 0 0 0 0 0.785778 
0.445681 0 0 0 0 0 0 0 0.783105 
0.442056 0 0 0 0 0 0 0 0.784893 
0.439261 0 0 0 0 0 0 0 0.788824 
0.438369 0 0 0 0 0 0 0 0.796383 
0.436818 0 0 0 0 0 0 0 0.805898 
0.431672 0 0 0 0 0 0 0 0.813445 
0.42108 0 0 0 0 0 0 0 0.819064 
0.407373 0 0 0 0 0 0 0 0.822681 
0.396038 0 0 0 0 0 0 0 0.824981 
0.393352 0 0 0 0 0 0 0 0.828558 
0.403241 0 0 0 0 0 0 0 0.832257 
0.412039 0 0 0 0 0 0 0 0.834729 
0.424986 0 0 0 0 0 0 0 0.836921 
0.44132 0 0 0 0 0 0 0 0.837552 
0.458189 0 0 0 0 0 0 0 0.836639 
0.472545 0 0 0 0 0 0 0 0.834393 
0.485198 0 0 0 0 0 0 0 0.832433 
0.496383 0 0 0 0 0 0 0 0.829091 
0.508792 0 0 0 0 0 0 0 0.824726 
0.52164 0 0 0 0 0 0 0 0.818573 
0.535274 0 0 0 0 0 0 0 0.810432 
0.550527 0 0 0 0 0 0 0 0.806089 
0.564106 0 0 0 0 0 0 0 0.805835 
0.57436 0 0 0 0 0 0 0 0.809429 
0.580982 0 0 0 0 0 0 0 0.814965 
0.582707 0 0 0 0 0 0 0 0.821359 
0.58185 0 0 0 0 0 0 0 0.829164 
0.579315 0 0 0 0 0 0 0 0.83927 
0.579729 0 0 0 0 0 0 0 0.853474 
0.577687 0 0 0 0 0 0 0 0.859972 
0.576592 0 0 0 0 0 0 0 0.860322 
0.584238 0 0 0 0 0 0 0 0.868314 
0.597441 0 0 0 0 0 0 0 0.873383 
0.6077 0 0 0 0 0 0 0 0.872663 
0.616149 0 0 0 0 0 0 0 0.870452 
0.624124 0 0 0 0 0 0 0 0.868331 
0.628582 0 0 0 0 0 0 0 0.863692 
0.630792 0 0 0 0 0 0 0 0.856579 
0.633124 0 0 0 0 0 0 0 0.846469 
0.638233 0 0 0 0 0 0 0 0.841261 
0.645622 0 0 0 0 0 0 0 0.83686 
0.65413 0 0 0 0 0 0 0 0.834521 
0.662012 0 0 0 0 0 0 0 0.831008 
0.668117 0 0 0 0 0 0 0 0.827492 
0.680239 0 0 0 0 0 0 0 0.827594 
0.690793 0 0 0 0 0 0 0 0.834793 
0.695462 0 0 0 0 0 0 0 0.841859 
0.691765 0 0 0 0 0 0 0 0.848132 
0.685844 0 0 0 0 0 0 0 0.857418 
0.682376 0 0 0 0 0 0 0 0.868705 
0.679207 0 0 0 0 0 0 0 0.877336 
0.678701 0 0 0 0 0 0 0 0.88445 
0.679903 0 0 0 0 0 0 0 0.889091 
0.679982 0 0 0 0 0 0 0 0.881817 
0.680818 0 0 0 0 0 0 0 0.878079 
0.685142 0 0 0 0 0 0 0 0.884181 
0.687425 0 0 0 0 0 0 0 0.88243 
0.684664 0 0 0 0 0 0 0 0.877295 
0.680196 0 0 0 0 0 0 0 0.870364 
0.678676 0 0 0 0 0 0 0 0.862059 
0.676666 0 0 0 0 0 0 0 0.854934 
0.675366 0 0 0 0 0 0 0 0.849942 
0.67412 0 0 0 0 0 0 0 0.847687 
0.673547 0 0 0 0 0 0 0 0.84754 
0.67393 0 0 0 0 0 0 0 0.848824 
0.673927 0 0 0 0 0 0 0 0.856833 
0.666315 0 0 0 0 0 0 0 0.859252 
0.661678 0 0 0 0 0 0 0 0.867638 
0.659345 0 0 0 0 0 0 0 0.876537 
0.658303 0 0 0 0 0 0 0 0.882777 
0.659169 0 0 0 0 0 0 0 0.887446 
0.660598 0 0 0 0 0 0 0 0.888436 
0.660935 0 0 0 0 0 0 0 0.885952 
0.660307 0 0 0 0 0 0 0 0.879245 
0.660061 0 0 0 0 0 0 0 0.872284 
0.656033 0 0 0 0 0 0 0 0.86173 
0.652432 0 0 0 0 0 0 0 0.843939 
0.644162 0 0 0 0 0 0 0 0.818901 
0.640272 0 0 0 0 0 0 0 0.784956 
0.639669 0 0 0 0 0 0 0 0.740301 
0.640381 0 0 0 0 0 0 0 0.683004 
0.642944 0 0 0 0 0 0 0 0.612827 
0.646735 0 0 0 0 0 0 0 0.529669 
0.652392 0 0 0 0 0 0 0 0.435697 
0.659166 0 0 0 0 0 0 0 0.339136 
0.665229 0 0 0 0 0 0 0 0.237995 
0.67156 0 0 0 0 0 0 0 0.136987 
0.680684 0 0 0 0 0 0 0 0.0400203 
0.688897 0 0 0 0 0 0 0 0 
0.694591 0 0 0 0 0 0 0 0 
0.698101 0 0 0 0 0 0 0 0 
0.696679 0 0 0 0 0 0 0 0 
0.692056 0 0 0 0 0 0 0 0 
0.684671 0 0 0 0 0 0 0 0 
0.671281 0 0 0 0 0 0 0 0 
0.651155 0 0 0 0 0 0 0 0 
0.622763 0 0 0 0 0 0 0 0 
0.586362 0 0 0 0 0 0 0 0 
0.542987 0 0 0 0 0 0 0 0 
0.492391 0 0 0 0 0 0 0 0 
0.427599 0 0 0 0 0 0 0 0 
0.347525 0 0 0 0 0 0 0 0 
0.244464 0 0 0 0 0 0 0 0 
0.127108 0 0 0 0 0 0 0 0 
0 0 0 0 0 0 0 0 0 
0 0 0 0 0 0 0 0 0 
0 0 0 0 0 0 0 0 0 
0 0 0 0 0 0 0 0 0 
0 0 0 0 0 0 0 0 0 
0 0 0 0 0 0 0 0 0 
0 0 0 0 0 0 0 0 0 
0 0 0 0 0 0 0 0 0 
0 0 0 0 0 0 0 0 0 
0 0 0 0 0 0 0 0 0 
0 0 0 0 0 0 0 0 0 
0 0 0 0 0 0 0 0 0 
0 0 0 0 0 0 0 0 0 
0 0 0 0 0 0 0 0 0 
0 0 0 0 0 0 0 0 0 
0 0 0 0 0 0 0 0 0 
0 0 0 0 0 0 0 0 0 
0 0 0 0 0 0 0 0 0 
0 0 0 0 0 0 0 0 0 
0 0 0 0 0 0 0 0 0 
0 0 0 0 0 0 0 0 0 
0 0 0 0 0 0 0 0 0 
0 0 0 0 0 0 0 0 0 
0 0 0 0 0 0 0 0 0 
0 0 0 0 0 0 0 0 0 
0 0 0 0 0 0 0 0 0 
0 0 0 0 0 0 0 0 0 
0 0 0 0 0 0 0 0 0 
0 0 0 0 0 0 0 0 0 
0 0 0 0 0 0 0 0 0 
0 0 0 0 0 0 0 0 0 
0 0 0 0 0 0 0 0 0 
0 0 0 0 0 0 0 0 0 
0 0 0 0 0 0 0 0 0 
0 0 0 0 0 0 0 0 0 
0 0 0 0 0 0 0 0 0 
0 0 0 0 0 0 0 0 0 
0 0 0 0 0 0 0 0 0 
0 0 0 0 0 0 0 0 0 
0 0 0 0 0 0 0 0 0 
0 0 0 0 0 0 0 0 0 
0 0 0 0 0 0 0 0 0 
0 0 0 0 0 0 0 0 0 
0 0 0 0 0 0 0 0 0 
0 0 0 0 0 0 0 0 0 
0 0 0 0 0 0 0 0 0 
0 0 0 0 0 0 0 0 0 
0 0 0 0 0 0 0 0 0 
0 0 0 0 0 0 0 0 0 
0 0 0 0 0 0 0 0 0 
0 0 0 0 0 0 0 0 0 
0 0 0 0 0 0 0 0 0 
0 0 0 0 0 0 0 0 0 
0 0 0 0 0 0 0 0 0 
0 0 0 0 0 0 0 0 0 
0 0 0 0 0 0 0 0 0 
0 0 0 0 0 0 0 0 0 
0 0 0 0 0 0 0 0 0 
0 0 0 0 0 0 0 0 0 
0 0 0 0 0 0 0 0 0 
0 0 0 0 0 0 0 0 0 
0 0 0 0 0 0 0 0 0 
0 0 0 0 0 0 0 0 0 
0 0 0 0 0 0 0 0 0 
0 0 0 0 0 0 0 0 0 
0 0 0 0 0 0 0 0 0 
0 0 0 0 0 0 0 0 0 
0 0 0 0 0 0 0 0 0 
0 0 0 0 0 0 0 0 0 
0 0 0 0 0 0 0 0 0 
0 0 0 0 0 0 0 0 0 
0 0 0 0 0 0 0 0 0 
0 0 0 0 0 0 0 0 0 
0 0 0 0 0 0 0 0 0 
0 0 0 0 0 0 0 0 0 
0 0 0 0 0 0 0 0 0 
0 0 0 0 0 0 0 0 0 
0 0 0 0 0 0 0 0 0 
0 0 0 0 0 0 0 0 0 
0 0 0 0 0 0 0 0 0 
0 0 0 0 0 0 0 0 0 
0 0 0 0 0 0 0 0 0 
0 0 0 0 0 0 0 0 0 
0 0 0 0 0 0 0 0 0 
0 0 0 0 0 0 0.0214061 0 0 
0 0 0 0 0 0 0.106985 0 0 
0 0 0 0 0 0 0.145299 0 0 
0 0 0 0 0 0 0.159081 0 0 
0 0 0 0 0 0 0.142588 0 0 
0 0 0 0 0 0 0.104215 0 0 
0 0 0 0 0 0 0.0640054 0 0 
0 0 0 0 0 0 0 0 0 
0 0 0 0 0 0 0 0 0 
0 0 0 0 0 0 0 0 0 
0 0 0 0 0 0 0 0 0 
0 0 0 0 0 0 0 0 0 
0 0 0 0 0 0 0 0 0 
0 0 0 0 0 0 0 0 0 
0 0 0 0 0 0 0 0 0 
0 0 0 0 0 0 0 0 0 
0 0 0 0 0 0 0 0 0 
0 0 0 0 0 0 0 0 0 
0 0 0 0 0 0 0 0 0 
0 0 0 0 0 0 0 0 0 
0 0 0 0 0 0 0 0 0 
0 0 0 0 0 0 0 0 0 
0 0 0 0 0 0 0 0 0 
0 0 0 0 0 0 0 0 0 
0 0 0 0 0 0 0 0 0 
0 0 0 0 0 0 0 0 0 
0 0 0 0 0 0 0 0 0 
0 0 0 0 0 0 0 0 0 
0 0 0 0 0 0 0 0 0 
0 0 0 0 0 0 0 0 0 
0 0 0 0 0 0 0 0 0 
0 0 0 0 0 0 0 0 0 
0 0 0 0 0 0 0 0 0 
0 0 0 0 0 0 0 0 0 
0 0 0 0 0 0 0 0 0 
0 0 0 0 0 0 0 0 0 
0 0 0 0 0 0 0 0 0 
0 0 0 0 0 0 0 0 0 
0 0 0 0 0 0 0 0 0 
0 0 0 0 0 0 0 0 0 
0 0 0 0 0 0 0 0 0 
0 0 0 0 0 0.0512042 0 0 0 
0 0 0 0 0 0.205595 0 0 0 
0 0 0 0 0 0.338442 0 0 0 
0 0 0 0 0 0.418842 0 0 0 
0 0 0 0 0 0.47022 0 0 0 
0 0 0 0 0 0.474019 0 0 0 
0 0 0 0 0 0.445774 0 0 0 
0 0 0 0 0 0.398104 0 0 0 
0 0 0 0 0 0.337047 0 0 0 
0 0 0 0 0 0.2713 0 0 0 
0 0 0 0 0 0.207428 0 0 0 
0 0 0 0 0 0.156228 0 0 0 
0 0 0 0 0 0.119195 0 0 0 
0 0 0 0 0 0.0953503 0 0 0 
0 0 0 0 0 0.0827737 0 0 0 
0 0 0 0 0 0.0699814 0 0 0 
0 0 0 0 0 0.0559271 0 0 0 
0 0 0 0 0 0.0417005 0 0 0 
0 0 0 0 0 0.0353882 0 0 0 
0 0 0 0 0 0.0401619 0 0 0 
0 0 0 0 0 0.0433582 0 0 0 
0 0 0 0 0 0.0462317 0 0 0 
0 0 0 0 0 0.0732555 0 0 0 
0 0 0 0 0 0.0944027 0 0 0 
0 0 0 0 0 0.129652 0 0 0 
0 0 0 0 0 0.218337 0 0 0 
0 0 0 0 0 0.327719 0 0 0 
0 0 0 0 0.00253911 0.420393 0 0 0 
0 0 0 0 0.0392403 0.525436 0 0 0 
0 0 0 0 0.0751836 0.583675 0 0 0 
0 0 0 0 0.0950506 0.589458 0 0 0 
0 0 0 0 0.0932825 0.590006 0 0 0 
0 0 0 0 0.105682 0.60507 0 0 0 
0 0 0 0 0.136541 0.625715 0 0 0 
0 0 0 0 0.173535 0.646852 0 0 0 
0 0 0 0 0.209742 0.670621 0 0 0 
0 0 0 0 0.239529 0.691668 0 0 0 
0 0 0 0 0.249075 0.693296 0 0 0 
0 0 0 0 0.250097 0.689584 0 0 0 
0 0 0 0 0.250878 0.690938 0 0 0 
0 0 0 0 0.2492 0.693542 0 0 0 
0 0 0 0 0.244292 0.694294 0 0 0 
