0 0 0 0 0 0.619426 0 0 0 
0 0 0 0 0 0.613488 0 0 0 
0 0 0 0 0 0.608473 0 0 0 
0 0 0 0 0 0.6042 0 0 0 
0 0 0 0 0 0.600334 0 0 0 
0 0 0 0 0 0.596413 0 0 0 
0 0 0 0 0 0.592705 0 0 0 
0 0 0 0 0 0.588726 0 0 0 
0 0 0 0 0 0.583658 0 0 0 
0 0 0 0 0 0.576455 0 0 0 
0 0 0 0 0 0.56746 0 0 0 
0 0 0 0 0 0.557679 0 0 0 
0 0 0 0 0 0.547427 0 0 0 
0 0 0 0 0 0.536131 0 0 0 
0 0 0 0 0 0.523672 0 0 0 
0 0 0 0 0 0.50864 0 0 0 
0 0 0 0 0 0.489778 0 0 0 
0 0 0 0 0 0.46772 0 0 0 
0 0 0 0 0 0.443195 0 0 0 
0 0 0 0 0 0.417777 0 0 0 
0 0 0 0 0 0.391794 0 0 0 
0 0 0 0 0 0.365645 0 0 0 
0 0 0 0 0 0.339025 0 0 0 
0 0 0 0 0 0.310296 0 0 0 
0 0 0 0 0 0.279768 0 0 0 
0 0 0 0 0.0349565 0.254604 0 0 0 
0 0 0 0 0.136093 0.23697 0 0 0 
0 0 0 0 0.21872 0.223756 0 0 0 
0 0 0 0 0.282384 0.213363 0 0 0 
0 0 0 0 0.33161 0.205005 0 0 0 
0 0 0 0 0.371885 0.195297 0 0 0 
0 0 0 0 0.405391 0.183341 0 0 0 
0 0 0 0 0.430523 0.175305 0 0 0 
0 0 0 0 0.472647 0.178771 0 0 0 
0 0 0 0 0.474605 0.176956 0 0 0 
0 0 0 0 0.480927 0.180783 0 0 0 
0 0 0 0 0.483979 0.184045 0 0 0 
0 0 0 0 0.491223 0.186507 0 0 0 
0 0 0 0 0.494717 0.185637 0 0 0 
0 0 0 0 0.50023 0.185675 0 0 0 
0 0 0 0 0.49657 0.183982 0 0 0 
0 0 0 0 0.486285 0.180373 0 0 0 
0 0 0 0 0.479763 0.184977 0 0 0 
0 0 0 0 0.468293 0.192334 0 0 0 
0 0 0 0 0.45008 0.198795 0 0 0 
0 0 0 0 0.421763 0.20302 0 0 0 
0 0 0 0 0.390119 0.20861 0 0 0 
0 0 0 0 0.350825 0.211101 0 0 0 
0 0 0 0 0.31547 0.218691 0 0 0 
0 0 0 0 0.263789 0.217763 0 0 0 
0 0 0 0 0.219927 0.22348 0 0 0 
0 0 0 0 0.157662 0.220046 0 0 0 
0 0 0 0 0.112235 0.230625 0 0 0 
0 0 0 0 0.0577934 0.238948 0 0 0 
0 0 0 0 0 0.239123 0 0 0 
0 0 0 0 0 0.244341 0 0 0 
0 0 0 0 0 0.239758 0 0 0 
0 0 0 0 0 0.247586 0 0 0 
0 0 0 0 0 0.256858 0 0 0 
0 0 0 0 0 0.272388 0 0 0 
0 0 0 0 0 0.282919 0 0 0 
0 0 0 0 0 0.299172 0 0 0 
0 0 0 0 0 0.3095 0 0 0 
0 0 0 0 0 0.345783 0 0 0 
0 0 0 0 0 0.369147 0 0 0 
0 0 0 0 0 0.378506 0 0 0 
0 0 0 0 0 0.377136 0 0 0 
0 0 0 0 0 0.396367 0 0 0 
0 0 0 0 0 0.40772 0 0 0 
0 0 0 0 0 0.411654 0 0 0 
0 0 0 0 0 0.427743 0 0 0 
0 0 0 0 0 0.436844 0 0 0 
0 0 0 0 0 0.449523 0 0 0 
0 0 0 0 0 0.474637 0 0 0 
0 0 0 0 0 0.489836 0 0 0 
0 0 0 0 0 0.507846 0 0 0 
0 0 0 0 0 0.526711 0 0 0 
0 0 0 0 0 0.534712 0 0 0 
0 0 0 0 0 0.539685 0 0 0 
0 0 0 0 0 0.539009 0 0 0 
0 0 0 0 0 0.532911 0 0 0 
0 0 0 0 0 0.528157 0 0 0 
0 0 0 0 0 0.520935 0 0 0 
0 0 0 0 0 0.513195 0 0 0 
0 0 0 0 0 0.506407 0 0 0 
0 0 0 0 0 0.499468 0 0 0 
0 0 0 0 0 0.49085 0 0 0 
0 0 0 0 0 0.484272 0 0 0 
0 0 0 0 0 0.476071 0 0 0 
0 0 0 0 0 0.467796 0 0 0 
0 0 0 0 0 0.459417 0 0 0 
0 0 0 0 0 0.450901 0 0 0 
0 0 0 0 0 0.44281 0 0 0 
0 0 0 0 0 0.435229 0 0 0 
0 0 0 0 0 0.427569 0 0 0 
0 0 0 0 0 0.420605 0 0 0 
0 0 0 0 0 0.41367 0 0 0 
0 0 0 0 0 0.408182 0 0 0 
0 0 0 0 0 0.402862 0 0 0 
0 0 0 0 0 0.399349 0 0 0 
0 0 0 0 0 0.397966 0 0 0 
0 0 0 0 0 0.398058 0 0 0 
0 0 0 0 0 0.399854 0 0 0 
0 0 0 0 0 0.40297 0 0 0 
0 0 0 0 0 0.40732 0 0 0 
0 0 0 0 0 0.412712 0 0 0 
0 0 0 0 0 0.41811 0 0 0 
0 0 0 0 0 0.423468 0 0 0 
0 0 0 0 0 0.427885 0 0 0 
0 0 0 0 0 0.431941 0 0 0 
0 0 0 0 0 0.435226 0 0 0 
0 0 0 0 0 0.437469 0 0 0 
0 0 0 0 0 0.438951 0 0 0 
0 0 0 0 0 0.438246 0 0 0 
0 0 0 0 0 0.436272 0 0 0 
0 0 0 0 0 0.432972 0 0 0 
0 0 0 0 0 0.429903 0 0 0 
0 0 0 0 0 0.42739 0 0 0 
0 0 0 0 0 0.425659 0 0 0 
0 0 0 0 0 0.425091 0 0 0 
0 0 0 0 0 0.42603 0 0 0 
0 0 0 0 0 0.428764 0 0 0 
0 0 0 0 0 0.433216 0 0 0 
0 0 0 0 0 0.439388 0 0 0 
0 0 0 0 0 0.44721 0 0 0 
0 0 0 0 0 0.456669 0 0 0 
0 0 0 0 0 0.467317 0 0 0 
0 0 0 0 0 0.479273 0 0 0 
0 0 0 0 0 0.492412 0 0 0 
0 0 0 0 0 0.505668 0 0 0 
0 0 0 0 0 0.519391 0 0 0 
0 0 0 0 0 0.53357 0 0 0 
0 0 0 0 0 0.547634 0 0 0 
0 0 0 0 0 0.56258 0 0 0 
0 0 0 0 0 0.577697 0 0 0 
0 0 0 0 0 0.593044 0 0 0 
0 0 0 0 0 0.608656 0 0 0 
0 0 0 0 0 0.623565 0 0 0 
0 0 0 0 0 0.637043 0 0 0 
0 0 0 0 0 0.64966 0 0 0 
0 0 0 0 0 0.661226 0 0 0 
0 0 0 0 0 0.671704 0 0 0 
0 0 0 0 0 0.680736 0 0 0 
0 0 0 0 0 0.68793 0 0 0 
0 0 0 0 0 0.692978 0 0 0 
0 0 0 0 0 0.696397 0 0 0 
0 0 0 0 0 0.697707 0 0 0 
0 0 0 0 0 0.699791 0 0 0 
0 0 0 0 0 0.702584 0 0 0 
0 0 0 0 0 0.705291 0 0 0 
0 0 0 0 0 0.707301 0 0 0 
0 0 0 0 0 0.708121 0 0 0 
0 0 0 0 0 0.707821 0 0 0 
0 0 0 0 0 0.706295 0 0 0 
0 0 0 0 0 0.702586 0 0 0 
0 0 0 0 0 0.696205 0 0 0 
0 0 0 0 0 0.68681 0 0 0 
0 0 0 0 0 0.674542 0 0 0 
0 0 0 0 0 0.659141 0 0 0 
0 0 0 0 0 0.640676 0 0 0 
0 0 0 0 0 0.618864 0 0 0 
0 0 0 0 0 0.593582 0 0 0 
0 0 0 0 0 0.564823 0 0 0 
0 0 0 0 0 0.533134 0 0 0 
0 0 0 0 0 0.499636 0 0 0 
0 0 0 0 0 0.465334 0 0 0 
0 0 0 0 0 0.431295 0 0 0 
0 0 0 0 0 0.398331 0 0 0 
0 0 0 0 0 0.36601 0 0 0 
0 0 0 0 0 0.334227 0 0 0 
0 0 0 0 0 0.302282 0 0 0 
0 0 0 0 0 0.270007 0 0 0 
0 0 0 0 0 0.238327 0 0 0 
0 0 0 0 0 0.208822 0 0 0 
0 0 0 0 0 0.183599 0 0 0 
0 0 0 0 0 0.163233 0 0 0 
0 0 0 0 0 0.146676 0 0 0 
0 0 0 0 0 0.13323 0 0 0 
0 0 0 0 0 0.122355 0 0 0 
0 0 0 0 0 0.112541 0 0 0 
0 0 0 0 0 0.104008 0 0 0 
0 0 0 0 0 0.0933097 0 0 0 
0 0 0 0 0 0.085461 0 0 0 
0 0 0 0 0 0.0810574 0 0 0 
0 0 0 0 0 0.0797105 0 0 0 
0 0 0 0 0 0.0788428 0 0 0 
0 0 0 0 0 0.0793611 0 0 0 
0 0 0 0 0 0.0800087 0 0 0 
0 0 0 0 0 0.0890743 0 0 0 
0 0 0 0 0 0.0910799 0 0 0 
0 0 0 0 0 0.107233 0 0 0 
0 0 0 0 0 0.125962 0 0 0 
0 0 0 0 0 0.140703 0 0 0 
0 0 0 0 0 0.160526 0 0 0 
0 0 0 0 0 0.17373 0 0 0 
0 0 0 0 0 0.177388 0 0 0 
0 0 0 0 0 0.192101 0 0 0 
0 0 0 0 0 0.210373 0 0 0 
0 0 0 0 0 0.224986 0 0 0 
0 0 0 0 0 0.242344 0 0 0 
0 0 0 0 0 0.252314 0 0 0 
0 0 0 0 0 0.25891 0 0 0 
0 0 0 0 0 0.272113 0 0 0 
0 0 0 0 0 0.282663 0 0 0 
0 0 0 0 0 0.303135 0 0 0 
0 0 0 0 0 0.333171 0 0 0 
0 0 0 0 0 0.368624 0 0 0 
0 0 0 0 0 0.402897 0 0 0 
0 0 0 0 0 0.443682 0 0 0 
