0 0 0 0 0 0 0 0 0 
0 0 0 0 0 0 0 0 0 
0 0 0 0 0 0 0 0 0 
0 0 0 0 0 0 0 0 0 
0 0 0 0 0 0 0 0 0 
0 0 0 0 0 0 0 0 0 
0 0 0 0 0 0 0 0 0 
0 0 0 0 0 0 0 0 0 
0 0 0 0 0 0 0 0 0 
0 0 0 0 0 0 0 0 0 
0 0 0 0 0 0 0 0 0 
0 0 0 0 0 0 0 0 0 
0 0 0 0 0 0 0 0 0 
0 0.0338543 0 0 0 0 0 0 0 
0 0.0753088 0 0 0 0 0 0 0 
0 0.113625 0 0 0 0 0 0 0 
0 0.14847 0 0 0 0 0 0 0 
0 0.179669 0 0 0 0 0 0 0 
0 0.206908 0 0 0 0 0 0 0 
0 0.231014 0 0 0 0 0 0 0 
0 0.252841 0 0 0 0 0 0 0 
0 0.271537 0 0 0 0 0 0 0 
0 0.288178 0 0 0 0 0 0 0 
0 0.30356 0 0 0 0 0 0 0 
0 0.317 0 0 0 0 0 0 0 
0 0.32921 0 0 0 0 0 0 0 
0 0.341031 0 0 0 0 0 0 0 
0 0.352081 0 0 0 0 0 0 0 
0 0.36233 0 0 0 0 0 0 0 
0 0.371444 0 0 0 0 0 0 0 
0 0.379861 0 0 0 0 0 0 0 
0 0.387562 0 0 0 0 0 0 0 
0 0.394056 0 0 0 0 0 0 0 
0 0.400024 0 0 0 0 0 0 0 
0 0.405555 0 0 0 0 0 0 0 
0 0.410519 0 0 0 0 0 0 0 
0 0.415072 0 0 0 0 0 0 0 
0 0.419262 0 0 0 0 0 0 0 
0 0.423263 0 0 0 0 0 0 0 
0 0.427004 0 0 0 0 0 0 0 
0 0.43042 0 0 0 0 0 0 0 
0 0.433638 0 0 0 0 0 0 0 
0 0.436609 0 0 0 0 0 0 0 
0 0.43914 0 0 0 0 0 0 0 
0 0.441452 0 0 0 0 0 0 0 
0 0.443425 0 0 0 0 0 0 0 
0 0.445137 0 0 0 0 0 0 0 
0 0.446658 0 0 0 0 0 0 0 
0 0.448095 0 0 0 0 0 0 0 
0 0.449391 0 0 0 0 0 0 0 
0 0.45058 0 0 0 0 0 0 0 
0 0.451422 0 0 0 0 0 0 0 
0 0.452394 0 0 0 0 0 0 0 
0 0.453344 0 0 0 0 0 0 0 
0 0.454049 0 0 0 0 0 0 0 
0 0.454838 0 0 0 0 0 0 0 
0 0.45551 0 0 0 0 0 0 0 
0 0.456107 0 0 0 0 0 0 0 
0 0.456587 0 0 0 0 0 0 0 
0 0.457012 0 0 0 0 0 0 0 
0 0.457126 0 0 0 0 0 0 0 
0 0.456943 0 0 0 0 0 0 0 
0 0.456501 0 0 0 0 0 0 0 
0 0.455661 0 0 0 0 0 0 0 
0 0.454368 0 0 0 0 0 0 0 
0 0.452664 0 0 0 0 0 0 0 
0 0.450547 0 0 0 0 0 0 0 
0 0.448053 0 0 0 0 0 0 0 
0 0.445238 0 0 0 0 0 0 0 
0 0.442019 0 0 0 0 0 0 0 
0 0.438417 0 0 0 0 0 0 0 
0 0.434378 0 0 0 0 0 0 0 
0 0.429889 0 0 0 0 0 0 0 
0 0.424949 0 0 0 0 0 0 0 
0 0.419005 0 0 0 0 0 0 0 
0 0.412474 0 0 0 0 0 0 0 
0 0.405583 0 0 0 0 0 0 0 
0 0.397251 0 0 0 0 0 0 0 
0 0.388056 0 0 0 0 0 0 0 
0 0.377733 0 0 0 0 0 0 0 
0 0.366802 0 0 0 0 0 0 0 
0 0.354827 0 0 0 0 0 0 0 
0 0.342571 0 0 0 0 0 0 0 
0 0.329637 0 0 0 0 0 0 0 
0 0.316566 0 0 0 0 0 0 0 
0 0.302092 0 0 0 0 0 0 0 
0 0.286273 0 0 0 0 0 0 0 
0 0.27053 0 0 0 0 0 0 0 
0 0.254019 0 0 0 0 0 0 0 
0 0.237084 0 0 0 0 0 0 0 
0 0.221038 0 0 0 0 0 0 0 
0 0.206206 0 0 0 0 0 0 0 
0 0.189696 0 0 0 0 0 0 0 
0 0.173286 0 0 0 0 0 0 0 
0 0.154001 0 0 0 0 0 0 0 
0 0.137903 0 0 0 0 0 0 0 
0 0.11838 0 0 0 0 0 0 0 
0 0.102323 0 0 0 0 0 0 0 
0 0.0866466 0 0 0 0 0 0 0 
0 0.0703452 0 0 0 0 0 0 0 
0 0.0546442 0 0 0 0 0 0 0 
0 0.0420442 0 0 0 0 0 0 0 
0 0.0289418 0 0 0 0 0 0 0 
0 0.0149805 0 0 0 0 0 0 0 
0 0.00088157 0 0 0 0 0 0 0 
0 0 0 0 0 0 0 0 0 
0 0 0 0 0 0 0 0 0 
0 0 0 0 0 0 0 0 0 
0 0 0 0 0 0 0 0 0 
0 0 0 0 0 0 0 0 0 
0 0 0 0 0 0 0 0 0 
0 0 0 0 0 0 0 0 0 
0 0 0 0 0 0 0 0 0 
0 0 0 0 0 0 0 0 0 
0 0 0 0 0 0 0 0 0 
0 0 0 0 0 0 0 0 0 
0 0 0 0 0 0 0 0 0 
0 0 0 0 0 0 0 0 0 
0 0 0 0 0 0 0 0.0390879 0 
0 0 0 0 0 0 0 0.084052 0 
0 0 0 0 0 0 0 0.129192 0 
0 0 0 0 0 0 0 0.182553 0 
0 0 0 0 0 0 0 0.227844 0 
0 0 0 0 0 0 0 0.257689 0 
0 0 0 0 0 0 0 0.306817 0 
0 0 0 0 0 0 0 0.334227 0 
0 0 0 0 0 0 0 0.346843 0 
0 0 0 0 0 0 0 0.354277 0 
0 0 0 0 0 0 0 0.37186 0 
0 0 0 0 0 0 0 0.366401 0 
0 0 0 0 0 0 0 0.346793 0 
0 0 0 0 0 0 0 0.310484 0 
0 0 0 0 0 0 0 0.276009 0 
0 0 0 0 0 0 0 0.241492 0 
0 0 0 0 0 0 0 0.196413 0 
0 0 0 0 0 0 0 0.13256 0 
0 0 0 0 0 0 0 0.046866 0 
0 0 0 0 0 0 0 0 0 
0 0 0 0 0 0 0 0 0 
0 0 0 0 0 0 0 0 0 
0 0 0 0 0 0 0 0 0 
0 0 0 0 0 0 0 0 0.0303394 
0 0 0 0 0 0 0 0 0.0774846 
0 0 0 0 0 0 0 0 0.106034 
0 0 0 0 0 0 0 0 0.143431 
0 0 0 0 0 0 0 0 0.181067 
0 0 0 0 0 0 0 0 0.216993 
0 0 0 0 0 0 0 0 0.24512 
0 0 0 0 0 0 0 0 0.266655 
0 0 0 0 0 0 0 0 0.289935 
0 0 0 0 0 0 0 0 0.30439 
0 0 0 0 0 0 0 0 0.31437 
0 0 0 0 0 0 0 0 0.324315 
0 0 0 0 0 0 0 0 0.335174 
0 0 0 0 0 0 0 0 0.345937 
0 0 0 0 0 0 0 0 0.359138 
0 0 0 0 0 0 0 0 0.373084 
0 0 0 0 0 0 0 0 0.39025 
0 0 0 0 0 0 0 0 0.409899 
0.0590677 0 0 0 0 0 0 0 0.429217 
0.12222 0 0 0 0 0 0 0 0.450586 
0.17403 0 0 0 0 0 0 0 0.473364 
0.211253 0 0 0 0 0 0 0 0.491868 
0.235723 0 0 0 0 0 0 0 0.506411 
0.25331 0 0 0 0 0 0 0 0.521072 
0.266491 0 0 0 0 0 0 0 0.538783 
0.276531 0 0 0 0 0 0 0 0.559255 
0.283784 0 0 0 0 0 0 0 0.58031 
0.295082 0 0 0 0 0 0 0 0.608715 
0.326174 0 0 0 0 0 0 0 0.655866 
0.342082 0 0 0 0 0 0 0 0.69218 
0.341584 0 0 0 0 0 0 0 0.721674 
0.364935 0 0 0 0 0 0 0 0.75612 
0.398998 0 0 0 0 0 0 0 0.79203 
0.417712 0 0 0 0 0 0 0 0.812686 
0.435161 0 0 0 0 0 0 0 0.833197 
0.448676 0 0 0 0 0 0 0 0.844638 
0.464541 0 0 0 0 0 0 0 0.854187 
0.482623 0 0 0 0 0 0 0 0.863384 
0.502895 0 0 0 0 0 0 0 0.868144 
0.524803 0 0 0 0 0 0 0 0.871681 
0.550012 0 0 0 0 0 0 0 0.872613 
0.582482 0 0 0 0 0 0 0 0.869299 
0.609147 0 0 0 0 0 0 0 0.867514 
0.631688 0 0 0 0 0 0 0 0.865046 
0.657681 0 0 0 0 0 0 0 0.864837 
0.683989 0 0 0 0 0 0 0 0.865816 
0.720826 0 0 0 0 0 0 0 0.871568 
0.75032 0 0 0 0 0 0 0 0.875002 
0.791947 0 0 0 0 0 0 0 0.883307 
0.820148 0 0 0 0 0 0 0 0.888461 
0.843509 0 0 0 0 0 0 0 0.893885 
0.862177 0 0 0 0 0 0 0 0.90137 
0.873713 0 0 0 0 0 0 0 0.909239 
0.882913 0 0 0 0 0 0 0 0.916537 
0.892078 0 0 0 0 0 0 0 0.921663 
0.898625 0 0 0 0 0 0 0 0.923758 
0.904823 0 0 0 0 0 0 0 0.926234 
0.909344 0 0 0 0 0 0 0 0.929575 
0.912001 0 0 0 0 0 0 0 0.930352 
0.915748 0 0 0 0 0 0 0 0.932669 
0.918796 0 0 0 0 0 0 0 0.934212 
0.921825 0 0 0 0 0 0 0 0.936049 
0.923601 0 0 0 0 0 0 0 0.936254 
0.926104 0 0 0 0 0 0 0 0.937545 
0.929258 0 0 0 0 0 0 0 0.940557 
0.931114 0 0 0 0 0 0 0 0.941136 
0.932398 0 0 0 0 0 0 0 0.940883 
0.932971 0 0 0 0 0 0 0 0.940384 
0.933553 0 0 0 0 0 0 0 0.940348 
0.934235 0 0 0 0 0 0 0 0.939876 
0.934303 0 0 0 0 0 0 0 0.939303 
0.934167 0 0 0 0 0 0 0 0.938988 
0.933958 0 0 0 0 0 0 0 0.938514 
0.933815 0 0 0 0 0 0 0 0.938092 
0.933838 0 0 0 0 0 0 0 0.937559 
0.933147 0 0 0 0 0 0 0 0.936311 
0.933707 0 0 0 0 0 0 0 0.935146 
0.93415 0 0 0 0 0 0 0 0.934552 
0.934502 0 0 0 0 0 0 0 0.934956 
0.934049 0 0 0 0 0 0 0 0.9347 
0.933461 0 0 0 0 0 0 0 0.93411 
0.932379 0 0 0 0 0 0 0 0.932901 
