0 0 0 0 0 0.727857 0 0 0 
0 0 0 0 0 0.72768 0 0 0 
0 0 0 0 0 0.727193 0 0 0 
0 0 0 0 0 0.726742 0 0 0 
0 0 0 0 0 0.72635 0 0 0 
0 0 0 0 0 0.725821 0 0 0 
0 0 0 0 0 0.72498 0 0 0 
0 0 0 0 0 0.723602 0 0 0 
0 0 0 0 0 0.722039 0 0 0 
0 0 0 0 0 0.720106 0 0 0 
0 0 0 0 0 0.718039 0 0 0 
0 0 0 0 0 0.716346 0 0 0 
0 0 0 0 0 0.715257 0 0 0 
0 0 0 0 0 0.71517 0 0 0 
0 0 0 0 0 0.715576 0 0 0 
0 0 0 0 0 0.715319 0 0 0 
0 0 0 0 0 0.714848 0 0 0 
0 0 0 0 0 0.714828 0 0 0 
0 0 0 0 0 0.714879 0 0 0 
0 0 0 0 0 0.715073 0 0 0 
0 0 0 0 0 0.715182 0 0 0 
0 0 0 0 0 0.715324 0 0 0 
0 0 0 0 0 0.715333 0 0 0 
0 0 0 0 0 0.713906 0 0 0 
0 0 0 0 0 0.710987 0 0 0 
0 0 0 0 0 0.707932 0 0 0 
0 0 0 0 0 0.704141 0 0 0 
0 0 0 0 0 0.6998 0 0 0 
0 0 0 0 0 0.694782 0 0 0 
0 0 0 0 0 0.688948 0 0 0 
0 0 0 0 0 0.68193 0 0 0 
0 0 0 0 0 0.673832 0 0 0 
0 0 0 0 0 0.664556 0 0 0 
0 0 0 0 0 0.653685 0 0 0 
0 0 0 0 0 0.641278 0 0 0 
0 0 0 0 0 0.627335 0 0 0 
0 0 0 0 0 0.611923 0 0 0 
0 0 0 0 0 0.594544 0 0 0 
0 0 0 0 0 0.574997 0 0 0 
0 0 0 0 0 0.553775 0 0 0 
0 0 0 0 0 0.530038 0 0 0 
0 0 0 0 0 0.503905 0 0 0 
0 0 0 0 0 0.47545 0 0 0 
0 0 0 0 0 0.444412 0 0 0 
0 0 0 0 0 0.411543 0 0 0 
0 0 0 0 0 0.377514 0 0 0 
0 0 0 0 0 0.342848 0 0 0 
0 0 0 0 0 0.307574 0 0 0 
0 0 0 0 0 0.271351 0 0 0 
0 0 0 0 0 0.234048 0 0 0 
0 0 0.0739365 0 0 0.19595 0 0 0 
0 0 0.28925 0 0 0.156682 0 0 0 
0 0 0.448454 0 0 0.116486 0 0 0 
0 0 0.565713 0 0 0.076244 0 0 0 
0 0 0.650994 0 0 0.0360516 0 0 0 
0 0 0.709418 0 0 0 0 0 0 
0 0 0.747046 0 0 0 0 0 0 
0 0 0.76793 0 0 0 0 0 0 
0 0 0.774618 0 0 0 0 0 0 
0 0 0.77182 0 0 0 0 0 0 
0 0 0.759549 0 0 0 0 0 0 
0 0 0.739977 0 0 0 0 0 0 
0 0 0.714177 0 0 0 0 0 0 
0 0 0.678235 0 0 0 0 0 0 
0 0 0.63397 0 0 0 0 0 0 
0 0 0.580102 0 0 0 0 0 0 
0 0 0.513482 0 0 0 0 0 0 
0 0 0.43432 0 0 0 0 0 0 
0 0 0.340852 0 0 0 0 0 0 
0 0 0.236302 0 0 0 0 0 0 
0 0 0.127501 0 0 0 0 0 0 
0 0 0.0138859 0 0 0 0 0 0 
0 0 0 0 0 0 0 0 0 
0 0 0 0 0 0 0 0 0 
0 0 0 0 0 0 0 0 0 
0 0 0 0 0 0 0 0 0 
0 0 0 0 0 0 0 0 0 
0 0 0 0 0 0 0 0 0 
0 0 0 0 0 0 0 0 0 
0 0 0 0 0 0 0 0 0 
0 0 0 0 0 0 0 0 0 
0 0 0 0 0 0 0 0 0 
0 0 0 0 0 0 0 0 0 
0 0 0 0 0 0 0 0 0 
0 0 0 0 0 0 0 0 0 
0 0 0 0 0 0 0 0 0 
0 0 0 0 0 0 0 0 0 
0 0 0 0 0 0 0 0 0 
0 0 0 0 0 0 0 0 0 
0 0 0 0 0 0 0 0 0 
0 0 0 0 0 0 0 0 0 
0 0 0 0 0 0 0 0 0 
0 0 0 0 0 0 0 0 0 
0 0 0 0 0 0 0 0 0 
0 0 0 0 0 0 0 0 0 
0 0 0 0 0 0 0 0 0 
0 0 0 0 0 0 0 0 0 
0 0 0 0 0 0 0 0 0 
0 0 0 0 0 0 0 0 0 
0 0 0 0 0 0 0 0 0 
0 0 0 0 0 0 0 0 0 
0 0 0 0 0 0 0 0 0 
0 0 0 0 0 0 0 0 0 
0 0 0 0 0 0 0 0 0 
0 0 0 0 0 0 0 0 0 
0 0 0 0 0 0 0 0 0 
0 0 0 0 0 0 0 0 0 
0 0 0 0 0 0 0 0 0 
0 0 0 0 0 0 0 0 0 
0 0 0 0 0 0 0 0 0 
0 0 0 0 0 0 0 0 0 
0 0 0 0 0 0 0 0 0 
0 0 0 0 0 0 0 0 0 
0 0 0 0 0 0 0 0 0 
0 0 0 0 0 0 0 0 0 
0 0 0 0 0 0 0 0 0 
0 0 0 0 0 0 0 0 0 
0 0 0 0 0 0 0 0 0 
0 0 0 0.0371473 0 0 0 0 0 
0 0 0 0.194106 0 0 0 0 0 
0 0 0 0.328014 0 0 0 0 0 
0 0 0 0.441281 0 0 0 0 0 
0 0 0 0.533726 0 0 0 0 0 
0 0 0 0.607345 0 0 0 0 0 
0 0 0 0.668253 0 0 0 0 0 
0 0 0 0.71672 0 0 0 0 0 
0 0 0 0.7571 0 0 0 0 0 
0 0 0 0.788432 0 0 0 0 0 
0 0 0 0.817793 0 0 0 0 0 
0 0 0 0.841139 0 0 0 0 0 
0 0 0 0.860922 0 0 0 0 0 
0 0 0 0.876642 0 0 0 0 0 
0 0 0 0.888317 0 0 0 0 0 
0 0 0 0.897149 0 0 0 0 0 
0 0 0 0.901592 0 0 0 0 0 
0 0 0 0.905623 0 0 0 0 0 
0 0 0 0.90741 0 0 0 0 0 
0 0 0 0.906007 0 0 0 0 0 
0 0 0 0.904078 0 0 0 0 0 
0 0 0 0.90393 0 0 0 0 0 
0 0 0 0.900964 0 0 0 0 0 
0 0 0 0.894492 0 0 0 0 0 
0 0 0 0.885611 0 0 0 0 0 
0 0 0 0.871986 0 0 0 0 0 
0 0 0 0.850363 0 0 0 0 0 
0 0 0 0.82128 0 0 0 0 0 
0 0 0 0.778537 0 0 0 0 0 
0 0 0 0.722328 0 0 0 0 0 
0 0 0 0.647233 0 0 0 0 0 
0 0 0 0.549581 0 0 0 0 0 
0 0 0 0.426861 0 0 0 0 0 
0 0 0 0.276085 0 0 0 0 0 
0 0 0 0.0954706 0 0 0 0 0 
0 0 0 0 0 0 0 0 0 
0 0 0 0 0 0 0 0 0 
0 0 0 0 0 0 0 0 0 
0 0 0 0 0 0 0 0 0 
0 0 0 0 0 0 0 0 0 
0 0 0 0 0 0 0 0 0 
0 0 0 0 0 0.0434299 0 0 0 
0 0 0 0 0 0.116162 0 0 0 
0 0 0 0 0 0.17722 0 0 0 
0 0 0 0 0 0.229559 0 0 0 
0 0 0 0 0 0.276813 0 0 0 
0 0 0 0 0 0.321219 0 0 0 
0 0 0 0 0 0.362965 0 0 0 
0 0 0 0 0 0.402154 0 0 0 
0 0 0 0 0 0.438057 0 0 0 
0 0 0 0 0 0.470167 0 0 0 
0 0 0 0 0 0.497477 0 0 0 
0 0 0 0 0 0.519929 0 0 0 
0 0 0 0 0 0.5375 0 0 0 
0 0 0 0 0 0.551578 0 0 0 
0 0 0 0 0 0.560869 0 0 0 
0 0 0 0 0 0.562405 0 0 0 
0 0 0 0 0 0.559532 0 0 0 
0 0 0 0 0 0.551617 0 0 0 
0 0 0 0 0 0.537926 0 0 0 
0 0 0 0 0 0.516754 0 0 0 
0 0 0 0 0 0.492048 0 0 0 
0 0 0 0 0 0.462355 0 0 0 
0 0 0 0 0 0.430852 0 0 0 
0 0 0 0 0 0.400347 0 0 0 
0 0 0 0 0 0.373569 0 0 0 
0 0 0 0 0 0.349243 0 0 0 
0 0 0 0 0 0.328153 0 0 0 
0 0 0 0 0 0.308867 0 0 0 
0 0 0 0 0 0.290526 0 0 0 
0 0 0 0 0 0.272897 0 0 0 
0 0 0 0 0 0.260927 0 0 0 
0 0 0 0 0 0.255357 0 0 0 
0 0 0 0 0.09019 0.26283 0 0 0 
0 0 0 0 0.208448 0.279145 0 0 0 
0 0 0 0 0.272187 0.291325 0 0 0 
0 0 0 0 0.319229 0.320044 0 0 0 
0 0 0 0 0.325825 0.339097 0 0 0 
0 0 0 0 0.304504 0.361097 0 0 0 
0 0 0 0 0.28579 0.382743 0 0 0 
0 0 0 0 0.257629 0.399891 0 0 0 
0 0 0 0 0.230232 0.412188 0 0 0 
0 0 0 0 0.201661 0.416367 0 0 0 
0 0 0 0 0.17956 0.419786 0 0 0 
0 0 0 0 0.161318 0.421641 0 0 0 
0 0 0 0 0.145868 0.423696 0 0 0 
0 0 0 0 0.12821 0.423439 0 0 0 
0 0 0 0 0.111807 0.424505 0 0 0 
0 0 0 0 0.0972368 0.426186 0 0 0 
0 0 0 0 0.0819508 0.431068 0 0 0 
0 0 0 0 0.0659637 0.435519 0 0 0 
0 0 0 0 0.0484874 0.438022 0 0 0 
0 0 0 0 0.0317531 0.44145 0 0 0 
0 0 0 0 0.0179057 0.446244 0 0 0 
0 0 0 0 0.00628376 0.454272 0 0 0 
0 0 0 0 0 0.462217 0 0 0 
0 0 0 0 0 0.472476 0 0 0 
0 0 0 0 0 0.483965 0 0 0 
0 0 0 0 0 0.495061 0 0 0 
0 0 0 0 0 0.50611 0 0 0 
0 0 0 0 0 0.519712 0 0 0 
0 0 0 0 0 0.534164 0 0 0 
0 0 0 0 0 0.549294 0 0 0 
0 0 0 0 0 0.563767 0 0 0 
0 0 0 0 0 0.580796 0 0 0 
0 0 0 0 0 0.601673 0 0 0 
0 0 0 0 0 0.623707 0 0 0 
0 0 0 0 0 0.64905 0 0 0 
0 0 0 0 0 0.672934 0 0 0 
0 0 0 0 0 0.695963 0 0 0 
0 0 0 0 0 0.707638 0 0 0 
0 0 0 0 0 0.726423 0 0 0 
0 0 0 0 0 0.755496 0 0 0 
0 0 0 0 0 0.76906 0 0 0 
0 0 0 0 0 0.779751 0 0 0 
0 0 0 0 0 0.788861 0 0 0 
0 0 0 0 0 0.794441 0 0 0 
0 0 0 0 0 0.801268 0 0 0 
0 0 0 0 0 0.808081 0 0 0 
0 0 0 0 0 0.814514 0 0 0 
0 0 0 0 0 0.817072 0 0 0 
0 0 0 0 0 0.816452 0 0 0 
0 0 0 0 0 0.815999 0 0 0 
0 0 0 0 0 0.815937 0 0 0 
0 0 0 0 0 0.814251 0 0 0 
0 0 0 0 0 0.813637 0 0 0 
0 0 0 0 0 0.812657 0 0 0 
0 0 0 0 0 0.81143 0 0 0 
0 0 0 0 0.00427194 0.810841 0 0 0 
0 0 0 0 0.0129108 0.810321 0 0 0 
0 0 0 0 0.0233511 0.80921 0 0 0 
0 0 0 0 0.0351015 0.808135 0 0 0 
0 0 0 0 0.0477078 0.807553 0 0 0 
0 0 0 0 0.0615331 0.806328 0 0 0 
0 0 0 0 0.0764306 0.804162 0 0 0 
0 0 0 0 0.0911447 0.803202 0 0 0 
0 0 0 0 0.105703 0.801825 0 0 0 
