0 0 0 0 0.272723 0.822852 0 0 0 
0 0 0 0 0.271165 0.82242 0 0 0 
0 0 0 0 0.269439 0.82215 0 0 0 
0 0 0 0 0.267055 0.822338 0 0 0 
0 0 0 0 0.265037 0.822257 0 0 0 
0 0 0 0 0.263332 0.821614 0 0 0 
0 0 0 0 0.26071 0.821493 0 0 0 
0 0 0 0 0.25741 0.821374 0 0 0 
0 0 0 0 0.254884 0.821365 0 0 0 
0 0 0 0 0.252368 0.821526 0 0 0 
0 0 0 0 0.251218 0.821696 0 0 0 
0 0 0 0 0.249499 0.82195 0 0 0 
0 0 0 0 0.247872 0.822276 0 0 0 
0 0 0 0 0.246606 0.822363 0 0 0 
0 0 0 0 0.24396 0.821719 0 0 0 
0 0 0 0 0.225269 0.821395 0 0 0 
0 0 0 0 0.173294 0.820174 0 0 0 
0 0 0 0 0.119654 0.819014 0 0 0 
0 0 0 0 0.0547641 0.817422 0 0 0 
0 0 0 0 0 0.815136 0 0 0 
0 0 0 0 0 0.812777 0 0 0 
0 0 0 0 0 0.809964 0 0 0 
0 0 0 0 0 0.806911 0 0 0 
0 0 0 0 0 0.803576 0 0 0 
0 0 0 0 0 0.79996 0 0 0 
0 0 0 0 0 0.795736 0 0 0 
0 0 0 0 0 0.791212 0 0 0 
0 0 0 0 0 0.78661 0 0 0 
0 0 0 0 0 0.782212 0 0 0 
0 0 0 0 0 0.777561 0 0 0 
0 0 0 0 0 0.773314 0 0 0 
0 0 0 0 0 0.769405 0 0 0 
0 0 0 0 0 0.766613 0 0 0 
0 0 0 0 0 0.763942 0 0 0 
0 0 0 0 0 0.763051 0 0 0 
0 0 0 0 0 0.762959 0 0 0 
0 0 0 0 0 0.765669 0 0 0 
0 0 0 0 0 0.770183 0 0 0 
0 0 0 0 0 0.775138 0 0 0 
0 0 0 0 0 0.779485 0 0 0 
0 0 0 0 0 0.782228 0 0 0 
0 0 0 0 0 0.782411 0 0 0 
0 0 0 0 0 0.781766 0 0 0 
0 0 0 0 0 0.77932 0 0 0 
0 0 0 0 0 0.774766 0 0 0 
0 0 0 0 0 0.768734 0 0 0 
0 0 0 0 0 0.761751 0 0 0 
0 0 0 0 0 0.753766 0 0 0 
0 0 0 0 0 0.744875 0 0 0 
0 0 0 0 0 0.735203 0 0 0 
0 0 0 0 0 0.724932 0 0 0 
0 0 0 0 0 0.713946 0 0 0 
0 0 0 0 0 0.701816 0 0 0 
0 0 0 0 0 0.688204 0 0 0 
0 0 0 0 0 0.672912 0 0 0 
0 0 0 0 0 0.655189 0 0 0 
0 0 0 0 0 0.634419 0 0 0 
0 0 0 0 0 0.610415 0 0 0 
0 0 0 0 0 0.582823 0 0 0 
0 0 0 0 0 0.552245 0 0 0 
0 0 0 0 0 0.518849 0 0 0 
0 0 0 0 0 0.483129 0 0 0 
0 0 0 0 0 0.44514 0 0 0 
0 0 0 0 0 0.405418 0 0 0 
0 0 0 0 0 0.364469 0 0 0 
0 0 0 0 0 0.322313 0 0 0 
0 0 0.215668 0 0 0.279962 0 0 0 
0 0 0.443732 0 0 0.237739 0 0 0 
0 0 0.603803 0 0 0.195474 0 0 0 
0 0 0.715847 0 0 0.153197 0 0 0 
0 0 0.794371 0 0 0.110598 0 0 0 
0 0 0.849198 0 0 0.0676894 0 0 0 
0 0 0.886953 0 0 0.0240388 0 0 0 
0 0 0.911835 0 0 0 0 0 0 
0 0 0.926819 0 0 0 0 0 0 
0 0 0.934774 0 0 0 0 0 0 
0 0 0.936525 0 0 0 0 0 0 
0 0 0.93272 0 0 0 0 0 0 
0 0 0.921976 0 0 0 0 0 0 
0 0 0.90601 0 0 0 0 0 0 
0 0 0.883047 0 0 0 0 0 0 
0 0 0.852659 0 0 0 0 0 0 
0 0 0.812537 0 0 0 0 0 0 
0 0 0.75984 0 0 0 0 0 0 
0 0 0.696535 0 0 0 0 0 0 
0 0 0.623019 0 0 0 0 0 0 
0 0 0.536484 0 0 0 0 0 0 
0 0 0.437786 0 0 0 0 0 0 
0 0 0.328606 0 0 0 0 0 0 
0 0 0.209119 0 0 0 0 0 0 
0 0 0.0832176 0 0 0 0 0 0 
0 0 0 0 0 0 0 0 0 
0 0 0 0 0 0 0 0 0 
0 0 0 0 0 0 0 0 0 
0 0 0 0 0 0 0 0 0 
0 0 0 0 0 0 0 0 0 
0 0 0 0 0 0 0 0 0 
0 0 0 0 0 0 0 0 0 
0 0 0 0 0 0 0 0 0 
0 0 0 0 0 0 0 0 0 
0 0 0 0 0 0 0 0 0 
0 0 0 0 0 0 0 0 0 
0 0 0 0 0 0 0 0 0 
0 0 0 0 0 0 0 0 0 
0 0 0 0 0 0 0 0 0 
0 0 0 0 0 0 0 0 0 
0 0 0 0 0 0 0 0 0 
0 0 0 0 0 0 0 0 0 
0 0 0 0 0 0 0 0 0 
0 0 0 0 0 0 0 0 0 
0 0 0 0 0 0 0 0 0 
0 0 0 0 0 0 0 0 0 
0 0 0 0 0 0 0 0 0 
0 0 0 0 0 0 0 0 0 
0 0 0 0 0 0 0 0 0 
0 0 0 0 0 0 0 0 0 
0 0 0 0 0 0 0 0 0 
0 0 0 0 0 0 0 0 0 
0 0 0 0 0 0 0 0 0 
0 0 0 0 0 0 0 0 0 
0 0 0 0 0 0 0 0 0 
0 0 0 0 0 0 0 0 0 
0 0 0 0 0 0 0 0 0 
0 0 0 0 0 0 0 0 0 
0 0 0 0 0 0 0 0 0 
0 0 0 0 0 0 0 0 0 
0 0 0 0 0 0 0 0 0 
0 0 0 0 0 0 0 0 0 
0 0 0 0 0 0 0 0 0 
0 0 0 0 0 0 0 0 0 
0 0 0 0 0 0 0 0 0 
0 0 0 0 0 0 0 0 0 
0 0 0 0 0 0 0 0 0 
0 0 0 0 0 0 0 0 0 
0 0 0 0 0 0 0 0 0 
0 0 0 0 0 0 0 0 0 
0 0 0 0 0 0 0 0 0 
0 0 0 0 0 0 0 0 0 
0 0 0 0 0 0 0 0 0 
0 0 0 0 0 0 0 0 0 
0 0 0 0 0 0 0 0 0 
0 0 0 0.0782284 0 0 0 0 0 
0 0 0 0.189407 0 0 0 0 0 
0 0 0 0.29061 0 0 0 0 0 
0 0 0 0.37985 0 0 0 0 0 
0 0 0 0.459966 0 0 0 0 0 
0 0 0 0.535096 0 0 0 0 0 
0 0 0 0.603222 0 0 0 0 0 
0 0 0 0.662681 0 0 0 0 0 
0 0 0 0.713215 0 0 0 0 0 
0 0 0 0.755635 0 0 0 0 0 
0 0 0 0.791143 0 0 0 0 0 
0 0 0 0.821172 0 0 0 0 0 
0 0 0 0.846682 0 0 0 0 0 
0 0 0 0.868292 0 0 0 0 0 
0 0 0 0.88667 0 0 0 0 0 
0 0 0 0.901423 0 0 0 0 0 
0 0 0 0.913102 0 0 0 0 0 
0 0 0 0.921288 0 0 0 0 0 
0 0 0 0.926895 0 0 0 0 0 
0 0 0 0.930554 0 0 0 0 0 
0 0 0 0.932638 0 0 0 0 0 
0 0 0 0.933806 0 0 0 0 0 
0 0 0 0.934867 0 0 0 0 0 
0 0 0 0.935446 0 0 0 0 0 
0 0 0 0.93443 0 0 0 0 0 
0 0 0 0.931824 0 0 0 0 0 
0 0 0 0.926161 0 0 0 0 0 
0 0 0 0.916776 0 0 0 0 0 
0 0 0 0.901665 0 0 0 0 0 
0 0 0 0.880469 0 0 0 0 0 
0 0 0 0.849872 0 0 0 0 0 
0 0 0 0.805545 0 0 0 0 0 
0 0 0 0.747057 0 0 0 0 0 
0 0 0 0.672118 0 0 0 0 0 
0 0 0 0.582828 0 0 0 0 0 
0 0 0 0.477056 0 0 0 0 0 
0 0 0 0.353034 0 0 0 0 0 
0 0 0 0.213037 0 0 0 0 0 
0 0 0 0.060277 0 0 0 0 0 
0 0 0 0 0 0 0 0 0 
0 0 0 0 0 0 0 0 0 
0 0 0 0 0 0 0 0 0 
0 0 0 0 0 0 0 0 0 
0 0 0 0 0 0.0209485 0 0 0 
0 0 0 0 0 0.0828495 0 0 0 
0 0 0 0 0 0.141182 0 0 0 
0 0 0 0 0 0.195646 0 0 0 
0 0 0 0 0 0.248078 0 0 0 
0 0 0 0 0 0.299233 0 0 0 
0 0 0 0 0 0.348183 0 0 0 
0 0 0 0 0 0.394032 0 0 0 
0 0 0 0 0 0.436535 0 0 0 
0 0 0 0 0 0.474472 0 0 0 
0 0 0 0 0 0.507781 0 0 0 
0 0 0 0 0 0.535736 0 0 0 
0 0 0 0 0 0.557681 0 0 0 
0 0 0 0 0 0.572976 0 0 0 
0 0 0 0 0 0.578461 0 0 0 
0 0 0 0 0 0.575179 0 0 0 
0 0 0 0 0 0.563955 0 0 0 
0 0 0 0 0 0.544975 0 0 0 
0 0 0 0 0 0.520291 0 0 0 
0 0 0 0 0 0.490869 0 0 0 
0 0 0 0 0 0.460179 0 0 0 
0 0 0 0 0 0.42878 0 0 0 
0 0 0 0 0 0.398169 0 0 0 
0 0 0 0 0 0.368164 0 0 0 
0 0 0 0 0 0.338592 0 0 0 
0 0 0 0 0 0.312677 0 0 0 
0 0 0 0 0 0.290383 0 0 0 
0 0 0 0 0 0.271916 0 0 0 
0 0 0 0 0.0523276 0.260021 0 0 0 
0 0 0 0 0.108602 0.252359 0 0 0 
0 0 0 0 0.143381 0.247699 0 0 0 
0 0 0 0 0.165305 0.248887 0 0 0 
0 0 0 0 0.179067 0.257763 0 0 0 
0 0 0 0 0.196841 0.275595 0 0 0 
0 0 0 0 0.206909 0.297743 0 0 0 
0 0 0 0 0.220664 0.327087 0 0 0 
0 0 0 0 0.224759 0.356208 0 0 0 
0 0 0 0 0.21252 0.386263 0 0 0 
0 0 0 0 0.206289 0.4168 0 0 0 
0 0 0 0 0.188606 0.443614 0 0 0 
0 0 0 0 0.169045 0.464087 0 0 0 
0 0 0 0 0.141993 0.482006 0 0 0 
0 0 0 0 0.114123 0.489704 0 0 0 
0 0 0 0 0.0914203 0.492671 0 0 0 
0 0 0 0 0.075304 0.495459 0 0 0 
0 0 0 0 0.0629867 0.497332 0 0 0 
0 0 0 0 0.0535358 0.499346 0 0 0 
