0 0.391688 0 0 0 0 0 0 0 
0 0.423566 0 0 0 0 0 0 0 
0 0.45545 0 0 0 0 0 0 0 
0 0.486765 0 0 0 0 0 0 0 
0 0.517133 0 0 0 0 0 0 0 
0 0.545597 0 0 0 0 0 0 0 
0 0.571752 0 0 0 0 0 0 0 
0 0.595299 0 0 0 0 0 0 0 
0 0.615817 0 0 0 0 0 0 0 
0 0.633312 0 0 0 0 0 0 0 
0 0.648166 0 0 0 0 0 0 0 
0 0.660421 0 0 0 0 0 0 0 
0 0.670315 0 0 0 0 0 0 0 
0 0.678459 0 0 0 0 0 0 0 
0 0.685201 0 0 0 0 0 0 0 
0 0.690702 0 0 0 0 0 0 0 
0 0.695282 0 0 0 0 0 0 0 
0 0.699333 0 0 0 0 0 0 0 
0 0.702625 0 0 0 0 0 0 0 
0 0.705389 0 0 0 0 0 0 0 
0 0.707725 0 0 0 0 0 0 0 
0 0.709598 0 0 0 0 0 0 0 
0 0.711055 0 0 0 0 0 0 0 
0 0.712084 0 0 0 0 0 0 0 
0 0.712659 0 0 0 0 0 0 0 
0 0.712793 0 0 0 0 0 0 0 
0 0.712552 0 0 0 0 0 0 0 
0 0.711813 0 0 0 0 0 0 0 
0 0.710728 0 0 0 0 0 0 0 
0 0.709333 0 0 0 0 0 0 0 
0 0.707488 0 0 0 0 0 0 0 
0 0.705417 0 0 0 0 0 0 0 
0 0.703068 0 0 0 0 0 0 0 
0 0.700337 0 0 0 0 0 0 0 
0 0.697252 0 0 0 0 0 0 0 
0 0.693872 0 0 0 0 0 0 0 
0 0.690108 0 0 0 0 0 0 0 
0 0.685951 0 0 0 0 0 0 0 
0 0.681472 0 0 0 0 0 0 0 
0 0.676531 0 0 0 0 0 0 0 
0 0.671227 0 0 0 0 0 0 0 
0 0.665268 0 0 0 0 0 0 0 
0 0.658479 0 0 0 0 0 0 0 
0 0.651555 0 0 0 0 0 0 0 
0 0.643788 0 0 0 0 0 0 0 
0 0.635929 0 0 0 0 0 0 0 
0 0.628042 0 0 0 0 0 0 0 
0 0.619349 0 0 0 0 0 0 0 
0 0.610215 0 0 0 0 0 0 0 
0 0.60123 0 0 0 0 0 0 0 
0 0.592714 0 0 0 0 0 0 0 
0 0.583915 0 0 0 0 0 0 0 
0 0.575193 0 0 0 0 0 0 0 
0 0.566643 0 0 0 0 0 0 0 
0 0.558231 0 0 0 0 0 0 0 
0 0.549917 0 0 0 0 0 0 0 
0 0.541821 0 0 0 0 0 0 0 
0 0.533858 0 0 0 0 0 0 0 
0 0.52621 0 0 0 0 0 0 0 
0 0.518739 0 0 0 0 0 0 0 
0 0.511378 0 0 0 0 0 0 0 
0 0.504016 0 0 0 0 0 0 0 
0 0.496489 0 0 0 0 0 0 0 
0 0.488955 0 0 0 0 0 0 0 
0 0.481134 0 0 0 0 0 0 0 
0 0.472753 0 0 0 0 0 0 0 
0 0.464085 0 0 0 0 0 0 0 
0 0.455215 0 0 0 0 0 0 0 
0 0.446121 0 0 0 0 0 0 0 
0 0.436515 0 0 0 0 0 0 0 
0 0.426086 0 0 0 0 0 0 0 
0 0.414234 0 0 0 0 0 0 0 
0 0.400507 0 0 0 0 0 0 0 
0 0.384865 0 0 0 0 0 0 0 
0 0.367772 0 0 0 0 0 0 0 
0 0.350536 0 0 0 0 0 0 0 
0 0.335744 0 0 0 0 0 0 0 
0 0.322311 0 0 0 0 0 0 0 
0 0.305252 0 0 0 0 0 0 0 
0 0.28871 0 0 0 0 0 0 0 
0 0.272996 0 0 0 0 0 0 0 
0 0.255209 0 0 0 0 0 0 0 
0 0.236047 0 0 0 0 0 0 0 
0 0.216536 0 0 0 0 0 0 0 
0 0.197474 0 0 0 0 0 0 0 
0 0.179191 0 0 0 0 0 0 0 
0 0.168858 0 0 0 0 0 0 0 
0 0.14967 0 0 0 0 0 0 0 
0 0.129285 0 0 0 0 0 0 0 
0 0.108108 0 0 0 0 0 0 0 
0 0.0882522 0 0 0 0 0 0 0 
0 0.0690758 0 0 0 0 0 0 0 
0 0.0481428 0 0 0 0 0 0 0 
0 0.027302 0 0 0 0 0 0 0 
0 0.00590698 0 0 0 0 0 0 0 
0 0 0 0 0 0 0 0 0 
0 0 0 0 0 0 0 0 0 
0 0 0 0 0 0 0 0 0 
0 0 0 0 0 0 0 0 0 
0 0 0 0 0 0 0 0 0 
0 0 0 0 0 0 0 0 0 
0 0 0 0 0 0 0 0 0 
0 0 0 0 0 0 0 0 0 
0 0 0 0 0 0 0 0 0 
0 0 0 0 0 0 0 0 0 
0 0 0 0 0 0 0 0 0 
0 0 0 0 0 0 0 0 0.00574342 
0 0 0 0 0 0 0 0 0.033413 
0 0 0 0 0 0 0 0 0.0529264 
0 0 0 0 0 0 0 0 0.0713569 
0 0 0 0 0 0 0 0 0.0835285 
0 0 0 0 0 0 0 0 0.109766 
0 0 0 0 0 0 0 0 0.123685 
0 0 0 0 0 0 0 0 0.144301 
0 0 0 0 0 0 0 0 0.16186 
0 0 0 0 0 0 0 0 0.179305 
0 0 0 0 0 0 0 0 0.194579 
0 0 0 0 0 0 0 0 0.206734 
0 0 0 0 0 0 0 0 0.212507 
0 0 0 0 0 0 0 0 0.213817 
0 0 0 0 0 0 0 0 0.213016 
0 0 0 0 0 0 0 0 0.209716 
0 0 0 0 0 0 0 0 0.203268 
0 0 0 0 0 0 0 0 0.195003 
0 0 0 0 0 0 0 0 0.185495 
0 0 0 0 0 0 0 0 0.170933 
0 0 0 0 0 0 0 0 0.155875 
0 0 0 0 0 0 0 0 0.141542 
0 0 0 0 0 0 0 0 0.130145 
0 0 0 0 0 0 0 0 0.12375 
0 0 0 0 0 0 0 0 0.127203 
0 0 0 0 0 0 0 0 0.14034 
0 0 0 0 0 0 0 0 0.153989 
0 0 0 0 0 0 0 0 0.1463 
0 0 0 0 0 0 0 0 0.184628 
0 0 0 0 0 0 0 0 0.228824 
0 0 0 0 0 0 0 0 0.266001 
0 0 0 0 0 0 0 0 0.297708 
0 0 0 0 0 0 0 0 0.324756 
0 0 0 0 0 0 0 0 0.356533 
0 0 0 0 0 0 0 0 0.385091 
0 0 0 0 0 0 0 0 0.409039 
0 0 0 0 0 0 0 0 0.430184 
0 0 0 0 0 0 0 0 0.446836 
0 0 0 0 0 0 0 0 0.468063 
0 0 0 0 0 0 0 0 0.487756 
0 0 0 0 0 0 0 0 0.505205 
0 0 0 0 0 0 0 0 0.523035 
0 0 0 0 0 0 0 0 0.53646 
0 0 0 0 0 0 0 0 0.551047 
0 0 0 0 0 0 0 0 0.562771 
0 0 0 0 0 0 0 0 0.567986 
0 0 0 0 0 0 0 0 0.57206 
0 0 0 0 0 0 0 0 0.570542 
0 0 0 0 0 0 0 0 0.56692 
0 0 0 0 0 0 0 0 0.563925 
0.0933394 0 0 0 0 0 0 0 0.580663 
0.200751 0 0 0 0 0 0 0 0.608717 
0.279015 0 0 0 0 0 0 0 0.615756 
0.3512 0 0 0 0 0 0 0 0.637593 
0.418009 0 0 0 0 0 0 0 0.668113 
0.478316 0 0 0 0 0 0 0 0.703578 
0.529309 0 0 0 0 0 0 0 0.732303 
0.575076 0 0 0 0 0 0 0 0.758845 
0.60422 0 0 0 0 0 0 0 0.774583 
0.629114 0 0 0 0 0 0 0 0.791346 
0.666333 0 0 0 0 0 0 0 0.825654 
0.698692 0 0 0 0 0 0 0 0.854148 
0.709807 0 0 0 0 0 0 0 0.862901 
0.7176 0 0 0 0 0 0 0 0.868761 
0.725608 0 0 0 0 0 0 0 0.876522 
0.731868 0 0 0 0 0 0 0 0.882856 
0.735119 0 0 0 0 0 0 0 0.88583 
0.740174 0 0 0 0 0 0 0 0.893629 
0.748887 0 0 0 0 0 0 0 0.898561 
0.75584 0 0 0 0 0 0 0 0.904129 
0.762073 0 0 0 0 0 0 0 0.908975 
0.775837 0 0 0 0 0 0 0 0.914436 
0.794954 0 0 0 0 0 0 0 0.919422 
0.812017 0 0 0 0 0 0 0 0.917963 
0.819576 0 0 0 0 0 0 0 0.915262 
0.839301 0 0 0 0 0 0 0 0.917461 
0.870745 0 0 0 0 0 0 0 0.919206 
0.897641 0 0 0 0 0 0 0 0.927075 
0.916681 0 0 0 0 0 0 0 0.934886 
0.925773 0 0 0 0 0 0 0 0.94301 
0.930386 0 0 0 0 0 0 0 0.951026 
0.93141 0 0 0 0 0 0 0 0.952733 
0.931714 0 0 0 0 0 0 0 0.954857 
0.928602 0 0 0 0 0 0 0 0.954189 
0.929393 0 0 0 0 0 0 0 0.957068 
0.935103 0 0 0 0 0 0 0 0.964442 
0.935392 0 0 0 0 0 0 0 0.966531 
0.935176 0 0 0 0 0 0 0 0.967592 
0.93446 0 0 0 0 0 0 0 0.96799 
0.933863 0 0 0 0 0 0 0 0.968446 
0.933208 0 0 0 0 0 0 0 0.968865 
0.932942 0 0 0 0 0 0 0 0.968175 
0.932884 0 0 0 0 0 0 0 0.967436 
0.933955 0 0 0 0 0 0 0 0.966887 
0.934316 0 0 0 0 0 0 0 0.96632 
0.934879 0 0 0 0 0 0 0 0.966134 
0.935202 0 0 0 0 0 0 0 0.965179 
0.936327 0 0 0 0 0 0 0 0.965256 
0.937354 0 0 0 0 0 0 0 0.965659 
0.937886 0 0 0 0 0 0 0 0.965408 
0.938111 0 0 0 0 0 0 0 0.96472 
0.938471 0 0 0 0 0 0 0 0.965032 
0.939151 0 0 0 0 0 0 0 0.965337 
0.940309 0 0 0 0 0 0 0 0.965598 
0.940769 0 0 0 0 0 0 0 0.965367 
0.941097 0 0 0 0 0 0 0 0.965207 
0.941388 0 0 0 0 0 0 0 0.964921 
0.941197 0 0 0 0 0 0 0 0.964305 
0.941636 0 0 0 0 0 0 0 0.964623 
0.942759 0 0 0 0 0 0 0 0.965189 
0.943412 0 0 0 0 0 0 0 0.965658 
0.943784 0 0 0 0 0 0 0 0.965702 
0.944373 0 0 0 0 0 0 0 0.965624 
0.944219 0 0 0 0 0 0 0 0.965511 
0.944281 0 0 0 0 0 0 0 0.965369 
0.943818 0 0 0 0 0 0 0 0.963972 
0.943631 0 0 0 0 0 0 0 0.964127 
0.943462 0 0 0 0 0 0 0 0.963958 
0.944517 0 0 0 0 0 0 0 0.963635 
0.945416 0 0 0 0 0 0 0 0.963218 
0.946187 0 0 0 0 0 0 0 0.962842 
0.947089 0 0 0 0 0 0 0 0.962112 
