0.292154 0 0 0 0 0 0 0 0.582534 
0.300913 0 0 0 0 0 0 0 0.56903 
0.307244 0 0 0 0 0 0 0 0.560081 
0.313939 0 0 0 0 0 0 0 0.555182 
0.319925 0 0 0 0 0 0 0 0.556025 
0.328015 0 0 0 0 0 0 0 0.560719 
0.340856 0 0 0 0 0 0 0 0.570638 
0.357015 0 0 0 0 0 0 0 0.584207 
0.376132 0 0 0 0 0 0 0 0.599517 
0.396369 0 0 0 0 0 0 0 0.616223 
0.41542 0 0 0 0 0 0 0 0.633534 
0.431388 0 0 0 0 0 0 0 0.650285 
0.444983 0 0 0 0 0 0 0 0.665044 
0.455027 0 0 0 0 0 0 0 0.676688 
0.459949 0 0 0 0 0 0 0 0.685573 
0.459375 0 0 0 0 0 0 0 0.69203 
0.454209 0 0 0 0 0 0 0 0.696677 
0.446468 0 0 0 0 0 0 0 0.700174 
0.437607 0 0 0 0 0 0 0 0.703497 
0.428679 0 0 0 0 0 0 0 0.707713 
0.420458 0 0 0 0 0 0 0 0.712871 
0.413358 0 0 0 0 0 0 0 0.718561 
0.406102 0 0 0 0 0 0 0 0.724544 
0.398841 0 0 0 0 0 0 0 0.730147 
0.391782 0 0 0 0 0 0 0 0.735596 
0.385983 0 0 0 0 0 0 0 0.741156 
0.381205 0 0 0 0 0 0 0 0.747523 
0.378286 0 0 0 0 0 0 0 0.755236 
0.375875 0 0 0 0 0 0 0 0.763945 
0.373013 0 0 0 0 0 0 0 0.773568 
0.369011 0 0 0 0 0 0 0 0.783239 
0.362752 0 0 0 0 0 0 0 0.792077 
0.356664 0 0 0 0 0 0 0 0.799581 
0.347491 0 0 0 0 0 0 0 0.804366 
0.338456 0 0 0 0 0 0 0 0.805458 
0.329914 0 0 0 0 0 0 0 0.802815 
0.320882 0 0 0 0 0 0 0 0.796781 
0.312348 0 0 0 0 0 0 0 0.78772 
0.304935 0 0 0 0 0 0 0 0.778666 
0.300033 0 0 0 0 0 0 0 0.772123 
0.296288 0 0 0 0 0 0 0 0.764695 
0.293777 0 0 0 0 0 0 0 0.760977 
0.292476 0 0 0 0 0 0 0 0.759095 
0.291669 0 0 0 0 0 0 0 0.756686 
0.292275 0 0 0 0 0 0 0 0.754189 
0.293822 0 0 0 0 0 0 0 0.7502 
0.295462 0 0 0 0 0 0 0 0.746108 
0.296879 0 0 0 0 0 0 0 0.742285 
0.296073 0 0 0 0 0 0 0 0.73842 
0.296073 0 0 0 0 0 0 0 0.74054 
0.300019 0 0 0 0 0 0 0 0.747104 
0.293425 0 0 0 0 0 0 0 0.75441 
0.28258 0 0 0 0 0 0 0 0.7636 
0.270805 0 0 0 0 0 0 0 0.773414 
0.257705 0 0 0 0 0 0 0 0.782307 
0.248757 0 0 0 0 0 0 0 0.786997 
0.245045 0 0 0 0 0 0 0 0.788502 
0.240786 0 0 0 0 0 0 0 0.78757 
0.241829 0 0 0 0 0 0 0 0.786816 
0.247945 0 0 0 0 0 0 0 0.787113 
0.252746 0 0 0 0 0 0 0 0.784444 
0.255401 0 0 0 0 0 0 0 0.78716 
0.262971 0 0 0 0 0 0 0 0.793669 
0.26889 0 0 0 0 0 0 0 0.791525 
0.277212 0 0 0 0 0 0 0 0.79525 
0.284516 0 0 0 0 0 0 0 0.795711 
0.291427 0 0 0 0 0 0 0 0.796228 
0.295129 0 0 0 0 0 0 0 0.795403 
0.294021 0 0 0 0 0 0 0 0.793038 
0.289632 0 0 0 0 0 0 0 0.790044 
0.281042 0 0 0 0 0 0 0 0.786598 
0.273586 0 0 0 0 0 0 0 0.782114 
0.264109 0 0 0 0 0 0 0 0.783675 
0.248463 0 0 0 0 0 0 0 0.781223 
0.226627 0 0 0 0 0 0 0 0.788043 
0.198183 0 0 0 0 0 0 0 0.79409 
0.175683 0 0 0 0 0 0 0 0.797654 
0.152427 0 0 0 0 0 0 0 0.798545 
0.133724 0 0 0 0 0 0 0 0.798734 
0.119984 0 0 0 0 0 0 0 0.797238 
0.111012 0 0 0 0 0 0 0 0.794678 
0.111823 0 0 0 0 0 0 0 0.789331 
0.108542 0 0 0 0 0 0 0 0.785455 
0.106971 0 0 0 0 0 0 0 0.785415 
0.107375 0 0 0 0 0 0 0 0.781399 
0.109785 0 0 0 0 0 0 0 0.776863 
0.115639 0 0 0 0 0 0 0 0.774178 
0.123726 0 0 0 0 0 0 0 0.774129 
0.13242 0 0 0 0 0 0 0 0.773727 
0.142675 0 0 0 0 0 0 0 0.77284 
0.158921 0 0 0 0 0 0 0 0.772591 
0.17727 0 0 0 0 0 0 0 0.77364 
0.19711 0 0 0 0 0 0 0 0.778979 
0.225071 0 0 0 0 0 0 0 0.788966 
0.239565 0 0 0 0 0 0 0 0.799392 
0.243602 0 0 0 0 0 0 0 0.813832 
0.239911 0 0 0 0 0 0 0 0.827825 
0.231461 0 0 0 0 0 0 0 0.839329 
0.217924 0 0 0 0 0 0 0 0.847165 
0.202648 0 0 0 0 0 0 0 0.850848 
0.188391 0 0 0 0 0 0 0 0.850203 
0.178324 0 0 0 0 0 0 0 0.846264 
0.176968 0 0 0 0 0 0 0 0.840729 
0.181142 0 0 0 0 0 0 0 0.825709 
0.181516 0 0 0 0 0 0 0 0.820674 
0.177306 0 0 0 0 0 0 0 0.817848 
0.177892 0 0 0 0 0 0 0 0.811168 
0.181235 0 0 0 0 0 0 0 0.806408 
0.188224 0 0 0 0 0 0 0 0.800249 
0.199188 0 0 0 0 0 0 0 0.79626 
0.215202 0 0 0 0 0 0 0 0.792431 
0.237532 0 0 0 0 0 0 0 0.788429 
0.265892 0 0 0 0 0 0 0 0.785142 
0.297803 0 0 0 0 0 0 0 0.783345 
0.335698 0 0 0 0 0 0 0 0.781484 
0.380593 0 0 0 0 0 0 0 0.785963 
0.417775 0 0 0 0 0 0 0 0.791833 
0.464937 0 0 0 0 0 0 0 0.806007 
0.504163 0 0 0 0 0 0 0 0.821742 
0.541087 0 0 0 0 0 0 0 0.836815 
0.568438 0 0 0 0 0 0 0 0.849705 
0.592978 0 0 0 0 0 0 0 0.855365 
0.607808 0 0 0 0 0 0 0 0.859726 
0.620171 0 0 0 0 0 0 0 0.859691 
0.629827 0 0 0 0 0 0 0 0.854634 
0.641838 0 0 0 0 0 0 0 0.846604 
0.652635 0 0 0 0 0 0 0 0.835131 
0.666174 0 0 0 0 0 0 0 0.82423 
0.673626 0 0 0 0 0 0 0 0.81325 
0.683051 0 0 0 0 0 0 0 0.804068 
0.691584 0 0 0 0 0 0 0 0.794795 
0.701223 0 0 0 0 0 0 0 0.786631 
0.707172 0 0 0 0 0 0 0 0.779957 
0.712697 0 0 0 0 0 0 0 0.775255 
0.717547 0 0 0 0 0 0 0 0.772115 
0.72293 0 0 0 0 0 0 0 0.769918 
0.728895 0 0 0 0 0 0 0 0.770001 
0.73402 0 0 0 0 0 0 0 0.771333 
0.738683 0 0 0 0 0 0 0 0.775648 
0.743188 0 0 0 0 0 0 0 0.781555 
0.744231 0 0 0 0 0 0 0 0.784404 
0.745951 0 0 0 0 0 0 0 0.793855 
0.746128 0 0 0 0 0 0 0 0.799877 
0.744094 0 0 0 0 0 0 0 0.803727 
0.741608 0 0 0 0 0 0 0 0.804669 
0.734245 0 0 0 0 0 0 0 0.80351 
0.723757 0 0 0 0 0 0 0 0.800852 
0.7133 0 0 0 0 0 0 0 0.798322 
0.702002 0 0 0 0 0 0 0 0.794318 
0.691933 0 0 0 0 0 0 0 0.794291 
0.684018 0 0 0 0 0 0 0 0.798091 
0.676633 0 0 0 0 0 0 0 0.799799 
0.668746 0 0 0 0 0 0 0 0.810164 
0.663438 0 0 0 0 0 0 0 0.821932 
0.65459 0 0 0 0 0 0 0 0.830903 
0.642925 0 0 0 0 0 0 0 0.837471 
0.630055 0 0 0 0 0 0 0 0.84267 
0.615604 0 0 0 0 0 0 0 0.846018 
0.599864 0 0 0 0 0 0 0 0.847863 
0.581666 0 0 0 0 0 0 0 0.845539 
0.563204 0 0 0 0 0 0 0 0.846372 
0.545129 0 0 0 0 0 0 0 0.85048 
0.52567 0 0 0 0 0 0 0 0.850891 
0.510776 0 0 0 0 0 0 0 0.850707 
0.501683 0 0 0 0 0 0 0 0.846623 
0.498236 0 0 0 0 0 0 0 0.838774 
0.497951 0 0 0 0 0 0 0 0.828067 
0.49962 0 0 0 0 0 0 0 0.816361 
0.500498 0 0 0 0 0 0 0 0.80473 
0.503352 0 0 0 0 0 0 0 0.794544 
0.505323 0 0 0 0 0 0 0 0.782594 
0.507602 0 0 0 0 0 0 0 0.774157 
0.514793 0 0 0 0 0 0 0 0.774138 
0.520519 0 0 0 0 0 0 0 0.772176 
0.528501 0 0 0 0 0 0 0 0.777295 
0.536795 0 0 0 0 0 0 0 0.784831 
0.544985 0 0 0 0 0 0 0 0.792796 
0.551337 0 0 0 0 0 0 0 0.799017 
0.554557 0 0 0 0 0 0 0 0.802927 
0.553338 0 0 0 0 0 0 0 0.80436 
0.547906 0 0 0 0 0 0 0 0.805082 
0.541079 0 0 0 0 0 0 0 0.804719 
0.534041 0 0 0 0 0 0 0 0.804223 
0.526321 0 0 0 0 0 0 0 0.801356 
0.522061 0 0 0 0 0 0 0 0.799158 
0.518555 0 0 0 0 0 0 0 0.794994 
0.51499 0 0 0 0 0 0 0 0.788766 
0.512544 0 0 0 0 0 0 0 0.780962 
0.505941 0 0 0 0 0 0 0 0.772777 
0.495136 0 0 0 0 0 0 0 0.766092 
0.479957 0 0 0 0 0 0 0 0.761568 
0.464894 0 0 0 0 0 0 0 0.758057 
0.44769 0 0 0 0 0 0 0 0.758633 
0.433555 0 0 0 0 0 0 0 0.762332 
0.423206 0 0 0 0 0 0 0 0.765575 
0.418329 0 0 0 0 0 0 0 0.770864 
0.41836 0 0 0 0 0 0 0 0.777729 
0.422122 0 0 0 0 0 0 0 0.786208 
0.425388 0 0 0 0 0 0 0 0.794257 
0.426762 0 0 0 0 0 0 0 0.801164 
0.424855 0 0 0 0 0 0 0 0.806396 
0.41829 0 0 0 0 0 0 0 0.809711 
0.406529 0 0 0 0 0 0 0 0.81117 
0.395322 0 0 0 0 0 0 0 0.811951 
0.385102 0 0 0 0 0 0 0 0.810787 
0.375668 0 0 0 0 0 0 0 0.811222 
0.369714 0 0 0 0 0 0 0 0.811836 
0.368697 0 0 0 0 0 0 0 0.810872 
0.374394 0 0 0 0 0 0 0 0.808232 
0.383318 0 0 0 0 0 0 0 0.804322 
0.396761 0 0 0 0 0 0 0 0.799997 
0.416062 0 0 0 0 0 0 0 0.797285 
0.436222 0 0 0 0 0 0 0 0.790409 
0.452017 0 0 0 0 0 0 0 0.786237 
0.466631 0 0 0 0 0 0 0 0.785672 
0.476533 0 0 0 0 0 0 0 0.78125 
0.48462 0 0 0 0 0 0 0 0.779672 
0.490275 0 0 0 0 0 0 0 0.782706 
0.493501 0 0 0 0 0 0 0 0.787154 
0.494609 0 0 0 0 0 0 0 0.792466 
0.494636 0 0 0 0 0 0 0 0.798015 
0.49278 0 0 0 0 0 0 0 0.802018 
0.489451 0 0 0 0 0 0 0 0.80401 
0.492951 0 0 0 0 0 0 0 0.806152 
0.501987 0 0 0 0 0 0 0 0.809064 
0.507225 0 0 0 0 0 0 0 0.805102 
0.514594 0 0 0 0 0 0 0 0.814498 
0.52453 0 0 0 0 0 0 0 0.822875 
0.529976 0 0 0 0 0 0 0 0.828719 
0.533301 0 0 0 0 0 0 0 0.831325 
0.534004 0 0 0 0 0 0 0 0.830731 
0.531783 0 0 0 0 0 0 0 0.82809 
0.527703 0 0 0 0 0 0 0 0.824384 
0.522411 0 0 0 0 0 0 0 0.817146 
0.513196 0 0 0 0 0 0 0 0.807038 
0.502637 0 0 0 0 0 0 0 0.798754 
0.488637 0 0 0 0 0 0 0 0.790874 
0.472928 0 0 0 0 0 0 0 0.784163 
0.454058 0 0 0 0 0 0 0 0.780416 
0.432324 0 0 0 0 0 0 0 0.780628 
0.406817 0 0 0 0 0 0 0 0.781694 
0.378213 0 0 0 0 0 0 0 0.783419 
0.349564 0 0 0 0 0 0 0 0.785358 
0.323304 0 0 0 0 0 0 0 0.78775 
0.30528 0 0 0 0 0 0 0 0.791605 
0.300072 0 0 0 0 0 0 0 0.796132 
0.29766 0 0 0 0 0 0 0 0.800856 
0.301111 0 0 0 0 0 0 0 0.80682 
0.309412 0 0 0 0 0 0 0 0.810403 
0.322227 0 0 0 0 0 0 0 0.810446 
0.334278 0 0 0 0 0 0 0 0.807541 
0.346941 0 0 0 0 0 0 0 0.802058 
0.36214 0 0 0 0 0 0 0 0.795387 
0.381143 0 0 0 0 0 0 0 0.788478 
0.391067 0 0 0 0 0 0 0 0.780283 
0.402452 0 0 0 0 0 0 0 0.770783 
0.41863 0 0 0 0 0 0 0 0.771899 
0.431756 0 0 0 0 0 0 0 0.769234 
0.441044 0 0 0 0 0 0 0 0.775943 
0.442458 0 0 0 0 0 0 0 0.7831 
0.439302 0 0 0 0 0 0 0 0.790262 
0.432427 0 0 0 0 0 0 0 0.798604 
0.424081 0 0 0 0 0 0 0 0.808178 
0.412893 0 0 0 0 0 0 0 0.817575 
0.400849 0 0 0 0 0 0 0 0.823347 
0.394483 0 0 0 0 0 0 0 0.830074 
0.393082 0 0 0 0 0 0 0 0.84104 
0.389987 0 0 0 0 0 0 0 0.845334 
0.389287 0 0 0 0 0 0 0 0.84785 
0.388281 0 0 0 0 0 0 0 0.847933 
0.387183 0 0 0 0 0 0 0 0.84267 
0.386727 0 0 0 0 0 0 0 0.836294 
0.387761 0 0 0 0 0 0 0 0.830163 
0.390824 0 0 0 0 0 0 0 0.822007 
0.393169 0 0 0 0 0 0 0 0.810004 
0.39792 0 0 0 0 0 0 0 0.795601 
0.405301 0 0 0 0 0 0 0 0.77531 
0.41778 0 0 0 0 0 0 0 0.757874 
0.438216 0 0 0 0 0 0 0 0.740507 
0.46497 0 0 0 0 0 0 0 0.727408 
0.492171 0 0 0 0 0 0 0 0.719404 
0.516677 0 0 0 0 0 0 0 0.717086 
0.536889 0 0 0 0 0 0 0 0.721384 
0.55497 0 0 0 0 0 0 0 0.729827 
0.572792 0 0 0 0 0 0 0 0.737812 
0.598659 0 0 0 0 0 0 0 0.737323 
0.605445 0 0 0 0 0 0 0 0.711289 
0.616079 0 0 0 0 0 0 0 0.663899 
0.627553 0 0 0 0 0 0 0 0.591383 
0.63977 0 0 0 0 0 0 0 0.494631 
0.643398 0 0 0 0 0 0 0 0.377982 
0.643118 0 0 0 0 0 0 0 0.246355 
0.641076 0 0 0 0 0 0 0 0.103633 
0.639357 0 0 0 0 0 0 0 0 
0.639173 0 0 0 0 0 0 0 0 
0.639419 0 0 0 0 0 0 0 0 
0.636537 0 0 0 0 0 0 0 0 
0.633161 0 0 0 0 0 0 0 0 
0.624425 0 0 0 0 0 0 0 0 
0.612679 0 0 0 0 0 0 0 0 
0.601159 0 0 0 0 0 0 0 0 
0.589397 0 0 0 0 0 0 0 0 
0.580525 0 0 0 0 0 0 0 0 
0.574455 0 0 0 0 0 0 0 0 
0.562437 0 0 0 0 0 0 0 0 
0.538982 0 0 0 0 0 0 0 0 
0.490215 0 0 0 0 0 0 0 0 
0.421807 0 0 0 0 0 0 0 0 
0.315152 0 0 0 0 0 0 0 0 
0.174824 0 0 0 0 0 0 0 0 
0.0106523 0 0 0 0 0 0 0 0 
0 0 0 0 0 0 0 0 0 
0 0 0 0 0 0 0 0 0 
0 0 0 0 0 0 0 0 0 
0 0 0 0 0 0 0 0 0 
0 0 0 0 0 0 0 0 0 
0 0 0 0 0 0 0 0 0 
0 0 0 0 0 0 0 0 0 
0 0 0 0 0 0 0 0 0 
0 0 0 0 0 0 0 0 0 
0 0 0 0 0 0 0 0 0 
0 0 0 0 0 0 0 0 0 
0 0 0 0 0 0 0 0 0 
0 0 0 0 0 0 0 0 0 
0 0 0 0 0 0 0 0 0 
0 0 0 0 0 0 0 0 0 
0 0 0 0 0 0 0 0 0 
0 0 0 0 0 0 0 0 0 
0 0 0 0 0 0 0 0 0 
0 0 0 0 0 0 0 0 0 
0 0 0 0 0 0 0 0 0 
0 0 0 0 0 0 0 0 0 
0 0 0 0 0 0 0 0 0 
0 0 0 0 0 0 0 0 0 
0 0 0 0 0 0 0 0 0 
0 0 0 0 0 0 0 0 0 
0 0 0 0 0 0 0 0 0 
0 0 0 0 0 0 0 0 0 
0 0 0 0 0 0 0 0 0 
0 0 0 0 0 0 0 0 0 
0 0 0 0 0 0 0 0 0 
0 0 0 0 0 0 0 0 0 
0 0 0 0 0 0 0 0 0 
0 0 0 0 0 0 0 0 0 
0 0 0 0 0 0 0 0 0 
0 0 0 0 0 0 0 0 0 
0 0 0 0 0 0 0 0 0 
0 0 0 0 0 0 0 0 0 
0 0 0 0 0 0 0 0 0 
0 0 0 0 0 0 0 0 0 
0 0 0 0 0 0 0 0 0 
0 0 0 0 0 0 0 0 0 
0 0 0 0 0 0 0 0 0 
0 0 0 0 0 0 0 0 0 
0 0 0 0 0 0 0 0 0 
0 0 0 0 0 0 0 0 0 
0 0 0 0 0 0 0 0 0 
0 0 0 0 0 0 0 0 0 
0 0 0 0 0 0 0 0 0 
0 0 0 0 0 0 0 0 0 
0 0 0 0 0 0 0 0 0 
0 0 0 0 0 0 0 0 0 
0 0 0 0 0 0 0 0 0 
0 0 0 0 0 0 0 0 0 
0 0 0 0 0 0 0 0 0 
0 0 0 0 0 0 0 0 0 
0 0 0 0 0 0 0 0 0 
0 0 0 0 0 0 0 0 0 
0 0 0 0 0 0 0 0 0 
0 0 0 0 0 0 0 0 0 
0 0 0 0 0 0 0 0 0 
0 0 0 0 0 0 0 0 0 
0 0 0 0 0 0 0 0 0 
0 0 0 0 0 0 0 0 0 
0 0 0 0 0 0 0 0 0 
0 0 0 0 0 0 0 0 0 
0 0 0 0 0 0 0 0 0 
0 0 0 0 0 0 0.0347301 0 0 
0 0 0 0 0 0 0.0212428 0 0 
0 0 0 0 0 0 0 0 0 
0 0 0 0 0 0 0 0 0 
0 0 0 0 0 0 0 0 0 
0 0 0 0 0 0 0 0 0 
0 0 0 0 0 0 0 0 0 
0 0 0 0 0 0 0 0 0 
0 0 0 0 0 0 0 0 0 
0 0 0 0 0 0 0.133755 0 0 
0 0 0 0 0 0 0.20874 0 0 
0 0 0 0 0 0 0.0626698 0 0 
0 0 0 0 0 0 0.087443 0 0 
0 0 0 0 0 0 0.140704 0 0 
