4,150
1 0.259311 -0.0654589 0.0267799 
2 -0.784971 0.323972 -0.167771 
3 -1.83563 0.715035 -0.363779 
4 -2.89652 1.10851 -0.562087 
5 -3.97409 1.50538 -0.76404 
6 -5.07705 1.90589 -0.971241 
7 -6.20826 2.30491 -1.18321 
8 -7.32712 2.67724 -1.3878 
9 -8.26536 2.95515 -1.54177 
10 -8.76553 3.06729 -1.5852 
11 -8.84513 3.06112 -1.53043 
12 -8.78788 3.04512 -1.44924 
13 -8.75014 3.05653 -1.37682 
14 -8.74592 3.087 -1.31404 
15 -8.75891 3.12558 -1.25576 
16 -8.77871 3.16706 -1.19894 
17 -8.80196 3.20982 -1.14241 
18 -8.82934 3.25394 -1.086 
19 -8.86436 3.30048 -1.03095 
20 -8.91315 3.35123 -0.981968 
21 -8.98166 3.40763 -0.951981 
22 -9.06479 3.46715 -0.96539 
23 -9.13194 3.51912 -1.0446 
24 -9.14164 3.5506 -1.17898 
25 -9.08399 3.55981 -1.32829 
26 -8.982 3.55514 -1.46348 
27 -8.86076 3.54464 -1.5793 
28 -8.73498 3.5324 -1.68124 
29 -8.61283 3.51973 -1.7758 
30 -8.502 3.50642 -1.86784 
31 -8.41548 3.49089 -1.95999 
32 -8.37728 3.46915 -2.05053 
33 -8.42272 3.4335 -2.12777 
34 -8.57282 3.37476 -2.16519 
35 -8.78129 3.29304 -2.13717 
36 -8.94743 3.20365 -2.05187 
37 -9.01748 3.12175 -1.94357 
38 -9.00842 3.05068 -1.83624 
39 -8.95515 2.98719 -1.73604 
40 -8.88146 2.92777 -1.6415 
41 -8.79929 2.87025 -1.55015 
42 -8.71405 2.81356 -1.46014 
43 -8.62859 2.75728 -1.37011 
44 -8.54619 2.70169 -1.27852 
45 -8.47436 2.64881 -1.18309 
46 -8.43204 2.60596 -1.08185 
47 -8.45762 2.59304 -0.980065 
48 -8.59254 2.64348 -0.905588 
49 -8.8091 2.76972 -0.904471 
50 -8.99486 2.92664 -0.985876 
51 -9.08182 3.06244 -1.10966 
52 -9.08589 3.16549 -1.24088 
53 -9.04201 3.24543 -1.36812 
54 -8.97169 3.31263 -1.49206 
55 -8.88181 3.37377 -1.61779 
56 -8.76754 3.43236 -1.75359 
57 -8.61658 3.48806 -1.90942 
58 -8.43266 3.53191 -2.0815 
59 -8.28627 3.5465 -2.22048 
60 -8.27134 3.5298 -2.26621 
61 -8.37303 3.50218 -2.23417 
62 -8.52232 3.47681 -2.17217 
63 -8.68135 3.45428 -2.10427 
64 -8.83771 3.431 -2.03652 
65 -8.98451 3.40146 -1.9693 
66 -9.10853 3.35607 -1.90162 
67 -9.1791 3.27764 -1.83166 
68 -9.14233 3.14522 -1.75654 
69 -8.96292 2.96581 -1.67423 
70 -8.71949 2.80849 -1.58832 
71 -8.55034 2.73678 -1.50563 
72 -8.49189 2.73961 -1.42818 
73 -8.50425 2.77966 -1.35406 
74 -8.54982 2.83397 -1.28127 
75 -8.61018 2.89339 -1.20855 
76 -8.67981 2.95527 -1.13518 
77 -8.76101 3.01943 -1.06144 
78 -8.86163 3.0859 -0.991747 
79 -8.98857 3.15114 -0.9429 
80 -9.12568 3.20192 -0.951775 
81 -9.21452 3.21904 -1.04999 
82 -9.20588 3.2009 -1.21266 
83 -9.11785 3.16636 -1.38457 
84 -8.9942 3.13073 -1.5395 
85 -8.86217 3.09884 -1.67814 
86 -8.7342 3.07113 -1.80796 
87 -8.6195 3.04788 -1.93509 
88 -8.53304 3.03083 -2.06206 
89 -8.50302 3.02393 -2.1835 
90 -8.56777 3.03161 -2.27624 
91 -8.73369 3.05103 -2.29749 
92 -8.91966 3.06578 -2.22581 
93 -9.02501 3.06129 -2.09856 
94 -9.03494 3.0392 -1.96382 
95 -8.98686 3.00772 -1.83924 
96 -8.91278 2.97245 -1.72389 
97 -8.82872 2.93586 -1.61357 
98 -8.74123 2.89886 -1.50546 
99 -8.65279 2.86179 -1.39807 
100 -8.5648 2.82492 -1.29053 
101 -8.47964 2.78897 -1.18175 
102 -8.40444 2.75642 -1.06982 
103 -8.35946 2.73501 -0.952648 
104 -8.39052 2.74396 -0.834733 
105 -8.55601 2.8121 -0.745079 
106 -8.83288 2.94019 -0.737128 
107 -9.0746 3.07188 -0.823832 
108 -9.18618 3.16011 -0.957359 
109 -9.18919 3.20588 -1.09695 
110 -9.1302 3.2256 -1.23112 
111 -9.03583 3.23017 -1.3626 
112 -8.91222 3.22277 -1.4997 
113 -8.75167 3.20052 -1.65443 
114 -8.5516 3.15998 -1.83389 
115 -8.3654 3.11517 -2.00895 
116 -8.29811 3.10253 -2.1129 
117 -8.36459 3.13337 -2.13151 
118 -8.49446 3.18586 -2.10721 
119 -8.63891 3.24006 -2.07115 
120 -8.7798 3.28357 -2.03378 
121 -8.90631 3.30272 -1.99648 
122 -8.99987 3.27632 -1.95609 
123 -9.02786 3.18012 -1.90374 
124 -8.96171 3.01836 -1.82586 
125 -8.82561 2.85761 -1.71744 
126 -8.69146 2.7729 -1.59221 
127 -8.60115 2.77176 -1.46644 
128 -8.55028 2.82135 -1.3457 
129 -8.52267 2.89433 -1.22935 
130 -8.50806 2.97754 -1.11645 
131 -8.50333 3.06629 -1.00827 
132 -8.51044 3.15931 -0.909985 
133 -8.53472 3.25549 -0.833093 
134 -8.58247 3.35098 -0.797634 
135 -8.65492 3.43652 -0.828422 
136 -8.74016 3.49872 -0.937995 
137 -8.81407 3.52889 -1.10679 
138 -8.85672 3.53088 -1.29159 
139 -8.86501 3.51668 -1.45784 
140 -8.84765 3.49675 -1.59468 
141 -8.81493 3.47645 -1.70636 
142 -8.77411 3.4575 -1.80102 
143 -8.72933 3.43999 -1.88545 
144 -8.6827 3.42354 -1.96415 
145 -8.63522 3.40777 -2.03977 
146 -8.58738 3.39239 -2.11379 
147 -8.53937 3.37723 -2.187 
148 -8.4913 3.36219 -2.25981 
149 -8.4432 3.3472 -2.33242 
150 -8.39508 3.33225 -2.40494 
