4,150
1 -9.43768 3.72096 -1.82659 
2 -8.42635 3.25069 -1.60265 
3 -7.41106 2.77916 -1.37794 
4 -6.38703 2.30498 -1.1515 
5 -5.34364 1.82534 -0.921225 
6 -4.25795 1.33501 -0.682568 
7 -3.08496 0.826753 -0.42655 
8 -1.7607 0.301677 -0.140265 
9 -0.298019 -0.187459 0.174398 
10 0.958638 -0.485326 0.450061 
11 1.49078 -0.486443 0.583606 
12 1.3662 -0.323519 0.586944 
13 0.990996 -0.145836 0.539953 
14 0.574251 0.00869121 0.484253 
15 0.163536 0.146509 0.429379 
16 -0.23967 0.277023 0.374843 
17 -0.638943 0.406253 0.314587 
18 -1.02036 0.53536 0.225085 
19 -1.27756 0.638902 0.0395806 
20 -1.13997 0.626089 -0.302642 
21 -0.558962 0.449367 -0.669017 
22 0.112159 0.213346 -0.897736 
23 0.701178 -0.00480543 -1.0019 
24 1.21159 -0.187444 -1.01664 
25 1.57832 -0.307861 -0.926405 
26 1.58979 -0.323234 -0.719288 
27 1.18924 -0.257238 -0.483332 
28 0.632345 -0.186874 -0.304984 
29 0.0861806 -0.13773 -0.173894 
30 -0.429628 -0.104057 -0.0603739 
31 -0.915034 -0.0853181 0.0494118 
32 -1.34083 -0.0944346 0.159781 
33 -1.6204 -0.162527 0.270903 
34 -1.57676 -0.337615 0.376917 
35 -1.01494 -0.635554 0.460007 
36 -0.0633155 -0.937232 0.498955 
37 0.743979 -1.05777 0.499723 
38 1.10247 -0.969895 0.489396 
39 1.1105 -0.761845 0.483295 
40 0.938092 -0.504438 0.483061 
41 0.685318 -0.229361 0.486319 
42 0.393134 0.0525779 0.49026 
43 0.06793 0.338287 0.49048 
44 -0.3077 0.623342 0.475727 
45 -0.760522 0.884966 0.416611 
46 -1.25664 1.05091 0.259649 
47 -1.58555 1.02095 -0.0176126 
48 -1.52331 0.819795 -0.323099 
49 -1.15101 0.591304 -0.55501 
50 -0.667188 0.411802 -0.706921 
51 -0.177198 0.283208 -0.806313 
52 0.276571 0.195085 -0.866402 
53 0.655486 0.145704 -0.880665 
54 0.896673 0.139764 -0.827546 
55 0.922565 0.174683 -0.685521 
56 0.710387 0.222339 -0.466088 
57 0.361485 0.235589 -0.229628 
58 0.0295389 0.187774 -0.0380922 
59 -0.207692 0.0876643 0.0926476 
60 -0.354137 -0.0438632 0.179633 
61 -0.435056 -0.192382 0.244043 
62 -0.460425 -0.352237 0.300718 
63 -0.413473 -0.522332 0.359187 
64 -0.250112 -0.698445 0.425873 
65 0.078509 -0.859138 0.50221 
66 0.549523 -0.952806 0.577421 
67 0.992064 -0.922026 0.627438 
68 1.19461 -0.765636 0.635133 
69 1.10224 -0.540143 0.606481 
70 0.799039 -0.29845 0.557932 
71 0.382648 -0.0636276 0.501508 
72 -0.0860611 0.160054 0.442641 
73 -0.576512 0.374151 0.382382 
74 -1.07112 0.578717 0.317378 
75 -1.54196 0.76323 0.233844 
76 -1.89457 0.881917 0.0914901 
77 -1.86926 0.81615 -0.182185 
78 -1.1964 0.469004 -0.579876 
79 -0.221954 0.0375021 -0.89184 
80 0.489377 -0.230033 -0.999443 
81 0.880103 -0.336568 -0.977539 
82 1.08302 -0.356419 -0.902294 
83 1.16723 -0.327007 -0.80488 
84 1.10107 -0.245182 -0.689196 
85 0.726775 -0.0729723 -0.538381 
86 -0.113141 0.202693 -0.327169 
87 -1.01013 0.418344 -0.0893997 
88 -1.33777 0.418465 0.0984322 
89 -1.20842 0.284006 0.23636 
90 -0.90743 0.107829 0.353986 
91 -0.549813 -0.0796058 0.465959 
92 -0.153607 -0.273623 0.576496 
93 0.304703 -0.474711 0.683977 
94 0.865059 -0.67273 0.776142 
95 1.49848 -0.812778 0.817122 
96 1.93334 -0.784706 0.762273 
97 1.85105 -0.56819 0.637734 
98 1.36644 -0.288727 0.519198 
99 0.748073 -0.0284936 0.431184 
100 0.114528 0.205656 0.362424 
101 -0.508385 0.423477 0.299553 
102 -1.11125 0.627757 0.230597 
103 -1.66109 0.805568 0.136535 
104 -2.04792 0.910384 -0.0216094 
105 -2.0133 0.840148 -0.30034 
106 -1.30381 0.513936 -0.684323 
107 -0.239336 0.0906755 -0.986662 
108 0.545202 -0.18008 -1.07628 
109 0.924534 -0.273893 -1.01748 
110 1.06468 -0.270679 -0.897072 
111 1.08992 -0.224079 -0.75504 
112 1.03876 -0.153061 -0.602556 
113 0.873523 -0.0536777 -0.436893 
114 0.46603 0.0939607 -0.246286 
115 -0.338224 0.29462 -0.0240471 
116 -1.32797 0.454829 0.188325 
117 -1.84241 0.43818 0.319696 
118 -1.70727 0.268572 0.374182 
119 -1.22361 0.0393754 0.396539 
120 -0.609649 -0.203791 0.411346 
121 0.0595398 -0.447782 0.426929 
122 0.769039 -0.681946 0.447406 
123 1.49082 -0.868984 0.477241 
124 2.06461 -0.9077 0.517403 
125 2.15273 -0.687151 0.551743 
126 1.67399 -0.298027 0.555823 
127 0.978198 0.0621408 0.531745 
128 0.308298 0.339622 0.495058 
129 -0.301819 0.564275 0.452671 
130 -0.870415 0.762324 0.401738 
131 -1.39595 0.938675 0.327705 
132 -1.81632 1.06757 0.192931 
133 -1.94257 1.06777 -0.0718247 
134 -1.50363 0.825661 -0.497046 
135 -0.609895 0.395754 -0.915138 
136 0.184605 0.0179238 -1.12285 
137 0.653167 -0.215266 -1.14411 
138 0.902593 -0.353111 -1.07847 
139 1.04838 -0.445798 -0.980621 
140 1.13917 -0.512501 -0.866697 
141 1.15263 -0.537689 -0.725852 
142 0.947802 -0.448578 -0.511593 
143 0.311274 -0.154641 -0.176359 
144 -0.527102 0.192779 0.166125 
145 -1.04934 0.341439 0.362955 
146 -1.25337 0.321303 0.449661 
147 -1.31472 0.23119 0.493652 
148 -1.32481 0.117485 0.524095 
149 -1.31694 -0.00401934 0.550341 
150 -1.30252 -0.12821 0.575239 
