4,117
1 -0.619482 1.7857 7.52419 
2 -0.552631 1.59352 6.70953 
3 -0.485556 1.40061 5.89178 
4 -0.418064 1.20632 5.06818 
5 -0.349796 1.00942 4.23352 
6 -0.280162 0.807756 3.37863 
7 -0.208567 0.598594 2.49199 
8 -0.136193 0.383523 1.58043 
9 -0.0715532 0.185697 0.742403 
10 -0.0317601 0.0582429 0.203621 
11 -0.0195548 0.0165233 0.0293696 
12 -0.0177714 0.0108243 0.00884751 
13 -0.0161362 0.00602845 -0.00640137 
14 -0.0141501 -0.00387608 -0.04097 
15 -0.0137873 -0.0169132 -0.0853387 
16 -0.0170291 -0.0309994 -0.129713 
17 -0.0253303 -0.0440973 -0.166025 
18 -0.0382727 -0.0526985 -0.184825 
19 -0.0504202 -0.0505199 -0.17493 
20 -0.048639 -0.0298562 -0.130087 
21 -0.0171766 0.0123252 -0.0600223 
22 0.049284 0.0696777 0.0112691 
23 0.142073 0.131881 0.0641228 
24 0.249335 0.192975 0.0932237 
25 0.364698 0.253015 0.100906 
26 0.487944 0.316091 0.0880844 
27 0.62262 0.389357 0.0492186 
28 0.772525 0.483311 -0.0300956 
29 0.934599 0.61053 -0.171816 
30 1.08635 0.777712 -0.392675 
31 1.17891 0.969758 -0.675223 
32 1.16215 1.14512 -0.952566 
33 1.02955 1.26442 -1.15124 
34 0.819193 1.32001 -1.24662 
35 0.574339 1.32866 -1.25832 
36 0.320854 1.3105 -1.21537 
37 0.0699105 1.2797 -1.1372 
38 -0.172575 1.24458 -1.0309 
39 -0.397473 1.20968 -0.893639 
40 -0.585083 1.17645 -0.717738 
41 -0.703361 1.14199 -0.502718 
42 -0.725976 1.09815 -0.273472 
43 -0.66659 1.03666 -0.0783303 
44 -0.577519 0.957126 0.0491806 
45 -0.503531 0.86618 0.113531 
46 -0.458514 0.770454 0.137807 
47 -0.437751 0.673556 0.141804 
48 -0.432712 0.576955 0.136933 
49 -0.436985 0.481665 0.129097 
50 -0.44731 0.390245 0.122806 
51 -0.463129 0.310048 0.126391 
52 -0.483026 0.256089 0.159914 
53 -0.489086 0.236936 0.256124 
54 -0.424926 0.1969 0.412862 
55 -0.245217 0.0167733 0.532293 
56 0.00688315 -0.322437 0.536168 
57 0.272529 -0.742474 0.452911 
58 0.534106 -1.18831 0.333818 
59 0.793041 -1.63961 0.213826 
60 1.04344 -2.08069 0.126107 
61 1.24137 -2.46794 0.12047 
62 1.27864 -2.71147 0.243991 
63 1.07603 -2.76063 0.450503 
64 0.729527 -2.71034 0.615568 
65 0.372646 -2.66856 0.696762 
66 0.0420222 -2.65718 0.725515 
67 -0.273009 -2.66263 0.731019 
68 -0.584556 -2.67163 0.72415 
69 -0.896264 -2.67378 0.703084 
70 -1.19963 -2.65582 0.656392 
71 -1.46532 -2.59736 0.564569 
72 -1.63882 -2.47644 0.41002 
73 -1.66925 -2.2918 0.200819 
74 -1.56533 -2.07779 -0.0204502 
75 -1.3938 -1.87728 -0.211099 
76 -1.21573 -1.70851 -0.358747 
77 -1.05581 -1.56733 -0.472461 
78 -0.914932 -1.44302 -0.564599 
79 -0.786715 -1.32618 -0.64306 
80 -0.664997 -1.21007 -0.710118 
81 -0.546253 -1.09018 -0.762333 
82 -0.431085 -0.964856 -0.790309 
83 -0.325988 -0.838013 -0.781062 
84 -0.242326 -0.721411 -0.727976 
85 -0.188145 -0.629262 -0.643574 
86 -0.159584 -0.566337 -0.554822 
87 -0.1448 -0.525381 -0.481839 
88 -0.133928 -0.495985 -0.428781 
89 -0.122476 -0.471117 -0.390905 
90 -0.109426 -0.447515 -0.362289 
91 -0.0950495 -0.424033 -0.338667 
92 -0.0798357 -0.400378 -0.317527 
93 -0.064175 -0.376478 -0.297504 
94 -0.0483612 -0.352144 -0.277784 
95 -0.032773 -0.326717 -0.257581 
96 -0.0183412 -0.29855 -0.235624 
97 -0.00748416 -0.264951 -0.21008 
98 -0.00460525 -0.225229 -0.180691 
99 -0.0122902 -0.187996 -0.153699 
100 -0.0248123 -0.168237 -0.139377 
101 -0.0334345 -0.169378 -0.139635 
102 -0.0355454 -0.183202 -0.148497 
103 -0.0327045 -0.201866 -0.160515 
104 -0.0265598 -0.220722 -0.172554 
105 -0.0175233 -0.235436 -0.181784 
106 -0.00459787 -0.23778 -0.182993 
107 0.0133517 -0.21358 -0.167642 
108 0.0320788 -0.16028 -0.135427 
109 0.0415237 -0.112587 -0.109076 
110 0.0403502 -0.0971278 -0.104222 
111 0.0343635 -0.104505 -0.113829 
112 0.0270896 -0.121245 -0.129167 
113 0.0195886 -0.141086 -0.146348 
114 0.0120779 -0.161871 -0.164073 
115 0.00458251 -0.182932 -0.181952 
116 -0.00290311 -0.204071 -0.199872 
117 -0.0103842 -0.225231 -0.217803 
