4,80
1 -0.750531 1.7399 7.78036 
2 -0.710103 1.61673 6.95462 
3 -0.668912 1.49327 6.12686 
4 -0.624997 1.36908 5.29286 
5 -0.571658 1.24349 4.44103 
6 -0.488411 1.11743 3.54616 
7 -0.332134 1.00296 2.58916 
8 -0.093855 0.932997 1.6685 
9 0.108683 0.914171 0.969036 
10 0.206633 0.906113 0.44739 
11 0.243588 0.890113 -0.0281579 
12 0.252442 0.870114 -0.514548 
13 0.225228 0.858868 -1.01703 
14 0.116582 0.882169 -1.44159 
15 -0.0790651 0.951985 -1.58415 
16 -0.261427 1.02722 -1.47562 
17 -0.385971 1.08256 -1.31965 
18 -0.47534 1.12696 -1.18147 
19 -0.542118 1.1719 -1.04581 
20 -0.569307 1.22022 -0.886006 
21 -0.523081 1.25306 -0.703024 
22 -0.427083 1.24354 -0.553407 
23 -0.346671 1.20401 -0.462382 
24 -0.293763 1.15738 -0.402097 
25 -0.255249 1.11066 -0.352926 
26 -0.224947 1.06329 -0.312644 
27 -0.208657 1.01138 -0.292059 
28 -0.22784 0.946168 -0.311452 
29 -0.299672 0.860999 -0.361402 
30 -0.380989 0.771929 -0.366417 
31 -0.422283 0.696226 -0.296298 
32 -0.428263 0.62808 -0.187725 
33 -0.409069 0.552526 -0.0699875 
34 -0.348743 0.444926 0.0400534 
35 -0.184908 0.258123 0.120877 
36 0.182674 -0.0570256 0.144869 
37 0.73647 -0.441146 0.122841 
38 1.27065 -0.74382 0.117677 
39 1.67998 -0.934412 0.158017 
40 1.99984 -1.06945 0.231974 
41 2.26362 -1.19137 0.327071 
42 2.45854 -1.31594 0.435657 
43 2.53541 -1.43832 0.545088 
44 2.45693 -1.53836 0.633523 
45 2.25777 -1.59965 0.684692 
46 2.01831 -1.62656 0.702881 
47 1.78917 -1.63414 0.702746 
48 1.578 -1.63256 0.694541 
49 1.37499 -1.62359 0.681494 
50 1.16978 -1.60212 0.662413 
51 0.957628 -1.55788 0.634231 
52 0.742594 -1.47999 0.594756 
53 0.536988 -1.36561 0.545408 
54 0.353294 -1.22501 0.490857 
55 0.195482 -1.07494 0.43474 
56 0.0601536 -0.928777 0.376396 
57 -0.0549635 -0.794898 0.312307 
58 -0.144688 -0.680997 0.241287 
59 -0.199422 -0.594852 0.16946 
60 -0.216756 -0.538107 0.108087 
61 -0.206853 -0.502615 0.0644326 
62 -0.183962 -0.476254 0.0376457 
63 -0.157582 -0.449706 0.0228775 
64 -0.131518 -0.418074 0.0157237 
65 -0.106532 -0.380167 0.0134342 
66 -0.082522 -0.338181 0.0143362 
67 -0.0595562 -0.297264 0.0171213 
68 -0.0382009 -0.263632 0.0207222 
69 -0.0195619 -0.241862 0.0246225 
70 -0.00518622 -0.233356 0.0288725 
71 0.00343124 -0.236257 0.0334172 
72 0.00596538 -0.245842 0.0372655 
73 0.0041945 -0.255811 0.0385537 
74 0.00134159 -0.260933 0.0357073 
75 0.000229247 -0.259042 0.0284054 
76 0.00218969 -0.250667 0.0174055 
77 0.0072986 -0.237474 0.00381553 
78 0.0150612 -0.221118 -0.0113996 
79 0.0248941 -0.202843 -0.0275535 
80 0.0363287 -0.183493 -0.0441935 
