4,80
1 0.0332413 -0.0874765 -0.132885 
2 -0.0621182 0.133562 0.710124 
3 -0.157576 0.35465 1.55409 
4 -0.253293 0.575871 2.40065 
5 -0.349667 0.797449 3.25408 
6 -0.447564 1.01993 4.12467 
7 -0.54822 1.24442 5.03241 
8 -0.649931 1.47179 5.9894 
9 -0.734632 1.69692 6.88456 
10 -0.767386 1.90334 7.39574 
11 -0.75632 2.08757 7.4783 
12 -0.738737 2.26441 7.43009 
13 -0.725962 2.44141 7.39104 
14 -0.715923 2.61953 7.36889 
15 -0.706301 2.79893 7.3481 
16 -0.697132 2.98092 7.31063 
17 -0.692985 3.1693 7.23051 
18 -0.706692 3.37082 7.0748 
19 -0.755156 3.59008 6.83846 
20 -0.837959 3.82027 6.58153 
21 -0.93377 4.04942 6.36867 
22 -1.02644 4.27387 6.20611 
23 -1.11241 4.49657 6.07193 
24 -1.19223 4.72137 5.94875 
25 -1.26573 4.95114 5.82836 
26 -1.33139 5.18738 5.70835 
27 -1.38734 5.4291 5.59006 
28 -1.43307 5.67114 5.47787 
29 -1.47142 5.90373 5.37808 
30 -1.50901 6.11547 5.29613 
31 -1.55389 6.29921 5.23334 
32 -1.61213 6.45566 5.18626 
33 -1.68679 6.5921 5.14893 
34 -1.77954 6.71855 5.11559 
35 -1.89215 6.8445 5.0821 
36 -2.02224 6.97469 5.04696 
37 -2.14633 7.0979 5.01434 
38 -2.19686 7.17206 4.99764 
39 -2.0904 7.14258 5.01273 
40 -1.82125 7.00484 5.05921 
41 -1.46456 6.80809 5.1213 
42 -1.08606 6.59639 5.18617 
43 -0.709433 6.38623 5.24972 
44 -0.333052 6.17702 5.31315 
45 0.0554953 5.9596 5.38065 
46 0.473846 5.7173 5.46009 
47 0.93657 5.4259 5.56396 
48 1.42952 5.06794 5.70358 
49 1.88503 4.66789 5.87111 
50 2.23122 4.29059 6.0358 
51 2.46879 3.97418 6.1755 
52 2.64453 3.70829 6.29175 
53 2.79547 3.46922 6.39467 
54 2.93848 3.2404 6.4921 
55 3.07898 3.01297 6.58835 
56 3.21736 2.78221 6.6856 
57 3.35097 2.54528 6.78476 
58 3.47345 2.30125 6.88537 
59 3.57323 2.05332 6.98432 
60 3.63423 1.81289 7.07428 
61 3.64399 1.6004 7.14453 
62 3.60748 1.43507 7.18749 
63 3.5487 1.31919 7.2058 
64 3.4927 1.23771 7.20984 
65 3.45103 1.1727 7.2092 
66 3.4236 1.11286 7.20881 
67 3.40603 1.05352 7.2101 
68 3.39407 0.993481 7.21297 
69 3.38486 0.932836 7.21697 
70 3.37671 0.871939 7.22172 
71 3.36874 0.811085 7.22695 
72 3.36054 0.750462 7.23252 
73 3.35191 0.690173 7.23836 
74 3.3428 0.630266 7.24442 
75 3.33319 0.570762 7.25068 
76 3.32311 0.511664 7.25712 
77 3.31258 0.452964 7.26374 
78 3.30164 0.394652 7.2705 
79 3.29035 0.336711 7.2774 
80 3.27875 0.279121 7.28442 
