4,117
1 -0.0139137 0.0352491 0.155965 
2 -0.0762577 0.215766 0.913974 
3 -0.140074 0.400286 1.68965 
4 -0.205049 0.587878 2.47903 
5 -0.271125 0.778269 3.28113 
6 -0.338394 0.971485 4.09646 
7 -0.406915 1.16722 4.92453 
8 -0.476146 1.36303 5.75637 
9 -0.543376 1.54977 6.55483 
10 -0.601058 1.70459 7.22339 
11 -0.637725 1.79603 7.62366 
12 -0.649806 1.8189 7.72444 
13 -0.648401 1.80875 7.67275 
14 -0.645311 1.79854 7.61249 
15 -0.644376 1.79691 7.5851 
16 -0.645215 1.8013 7.58212 
17 -0.646899 1.80842 7.59047 
18 -0.648872 1.81652 7.60298 
19 -0.650882 1.82492 7.61683 
20 -0.652774 1.83338 7.63113 
21 -0.654353 1.84186 7.64573 
22 -0.655245 1.85043 7.66072 
23 -0.654699 1.8593 7.67631 
24 -0.651248 1.86904 7.6927 
25 -0.642155 1.88097 7.70996 
26 -0.622616 1.89787 7.72751 
27 -0.584907 1.92504 7.74327 
28 -0.518263 1.97129 7.75228 
29 -0.411098 2.04868 7.74551 
30 -0.257096 2.16888 7.71079 
31 -0.0630295 2.33597 7.63752 
32 0.149481 2.54085 7.52338 
33 0.353441 2.76439 7.37664 
34 0.529505 2.98742 7.21102 
35 0.671108 3.19833 7.03865 
36 0.780984 3.39376 6.8667 
37 0.865466 3.57566 6.69774 
38 0.930618 3.74863 6.53136 
39 0.980387 3.91866 6.36555 
40 1.01565 4.09307 6.19773 
41 1.03328 4.28091 6.02601 
42 1.02536 4.49231 5.85151 
43 0.98019 4.73441 5.68233 
44 0.888889 5.00256 5.53619 
45 0.756654 5.27369 5.4346 
46 0.606202 5.51589 5.38762 
47 0.46371 5.71018 5.38588 
48 0.343079 5.85868 5.41029 
49 0.244866 5.97465 5.44506 
50 0.163595 6.07143 5.48171 
51 0.0933608 6.15847 5.51701 
52 0.0298249 6.24168 5.55026 
53 -0.0296061 6.3249 5.58163 
54 -0.0859842 6.41102 5.6114 
55 -0.138721 6.50202 5.63985 
56 -0.184818 6.59727 5.66742 
57 -0.217276 6.6882 5.69552 
58 -0.223541 6.74796 5.72777 
59 -0.187782 6.72235 5.77116 
60 -0.102387 6.54506 5.83394 
61 0.0180312 6.19063 5.91895 
62 0.142786 5.70711 6.01973 
63 0.248631 5.17307 6.12626 
64 0.32974 4.64179 6.23194 
65 0.390491 4.13166 6.33469 
66 0.437114 3.64163 6.43494 
67 0.474095 3.16401 6.53412 
68 0.503298 2.68939 6.6343 
69 0.523348 2.20703 6.73846 
70 0.527864 1.70344 6.85088 
71 0.501962 1.16226 6.97661 
72 0.419187 0.570965 7.11751 
73 0.248606 -0.0592661 7.26293 
74 -0.0166973 -0.673566 7.38316 
75 -0.334606 -1.19846 7.44558 
76 -0.642584 -1.60455 7.44288 
77 -0.906773 -1.91859 7.39272 
78 -1.12728 -2.18301 7.31614 
79 -1.31729 -2.42853 7.2261 
80 -1.48922 -2.67181 7.12801 
81 -1.65107 -2.92081 7.02296 
82 -1.80645 -3.17858 6.91005 
83 -1.9549 -3.44396 6.78801 
84 -2.09171 -3.70974 6.65714 
85 -2.20845 -3.96037 6.5218 
86 -2.2967 -4.1747 6.39164 
87 -2.35463 -4.33765 6.27784 
88 -2.3898 -4.4517 6.18581 
89 -2.41364 -4.53365 6.11243 
90 -2.43432 -4.60139 6.05047 
91 -2.45504 -4.66609 5.9936 
92 -2.47595 -4.73242 5.93807 
93 -2.49626 -4.80141 5.88226 
94 -2.51522 -4.87264 5.82573 
95 -2.53236 -4.94533 5.7686 
96 -2.54752 -5.01864 5.71117 
97 -2.5607 -5.09185 5.65382 
98 -2.57201 -5.16434 5.5969 
99 -2.58163 -5.23559 5.54068 
100 -2.58976 -5.30524 5.48541 
101 -2.59662 -5.37301 5.43125 
102 -2.6024 -5.43872 5.3783 
103 -2.6073 -5.5023 5.32662 
104 -2.61149 -5.56371 5.27622 
105 -2.61513 -5.62301 5.22708 
106 -2.61835 -5.68025 5.17916 
107 -2.62126 -5.73555 5.1324 
108 -2.62398 -5.78901 5.08673 
109 -2.62656 -5.84076 5.04209 
110 -2.62909 -5.89092 4.99839 
111 -2.63161 -5.9396 4.95558 
112 -2.63418 -5.98692 4.91358 
113 -2.63682 -6.03298 4.87233 
114 -2.63958 -6.07787 4.83179 
115 -2.64249 -6.12168 4.79189 
116 -2.64556 -6.16448 4.7526 
117 -2.64882 -6.20632 4.71389 
