4,80
1 -0.750531 1.7399 7.78035 
2 -0.710103 1.61673 6.95462 
3 -0.668912 1.49327 6.12686 
4 -0.624997 1.36908 5.29285 
5 -0.571658 1.24349 4.44103 
6 -0.488411 1.11743 3.54616 
7 -0.332134 1.00296 2.58916 
8 -0.093855 0.932999 1.6685 
9 0.108683 0.914172 0.969036 
10 0.206633 0.906111 0.447391 
11 0.243589 0.890108 -0.028157 
12 0.252443 0.870108 -0.514548 
13 0.225229 0.858864 -1.01703 
14 0.116581 0.882171 -1.44159 
15 -0.0790656 0.951995 -1.58415 
16 -0.261426 1.02723 -1.47562 
17 -0.38597 1.08256 -1.31965 
18 -0.475339 1.12696 -1.18147 
19 -0.542118 1.17189 -1.04581 
20 -0.569306 1.22022 -0.886006 
21 -0.523079 1.25305 -0.703023 
22 -0.427084 1.24354 -0.553407 
23 -0.346674 1.20401 -0.462383 
24 -0.293766 1.15738 -0.402098 
25 -0.255251 1.11066 -0.352926 
26 -0.224948 1.06329 -0.312644 
27 -0.208657 1.01138 -0.292059 
28 -0.227839 0.946169 -0.311454 
29 -0.29967 0.860997 -0.361402 
30 -0.380986 0.771926 -0.366414 
31 -0.422279 0.696223 -0.296295 
32 -0.428261 0.628078 -0.187722 
33 -0.409068 0.552525 -0.0699863 
34 -0.348743 0.444926 0.0400533 
35 -0.184908 0.258123 0.120875 
36 0.182673 -0.0570247 0.144868 
37 0.736468 -0.441143 0.12284 
38 1.27065 -0.743818 0.117676 
39 1.67998 -0.93441 0.158017 
40 1.99984 -1.06945 0.231974 
41 2.26362 -1.19137 0.327071 
42 2.45854 -1.31594 0.435657 
43 2.53541 -1.43833 0.545088 
44 2.45693 -1.53836 0.633522 
45 2.25777 -1.59965 0.684691 
46 2.01831 -1.62656 0.702879 
47 1.78917 -1.63413 0.702744 
48 1.578 -1.63255 0.694539 
49 1.37499 -1.62359 0.681493 
50 1.16979 -1.60212 0.662412 
51 0.957627 -1.55788 0.634231 
52 0.74259 -1.47999 0.594757 
53 0.536981 -1.36561 0.545408 
54 0.353284 -1.22501 0.490855 
55 0.195474 -1.07494 0.434736 
56 0.0601511 -0.928776 0.376393 
57 -0.0549593 -0.794902 0.312307 
58 -0.14468 -0.681004 0.24129 
59 -0.199414 -0.594859 0.169466 
60 -0.216753 -0.538112 0.108092 
61 -0.206853 -0.502618 0.0644365 
62 -0.183965 -0.476256 0.0376493 
63 -0.157587 -0.449709 0.022882 
64 -0.131525 -0.418079 0.0157291 
65 -0.106541 -0.380175 0.01344 
66 -0.0825324 -0.338193 0.0143415 
67 -0.0595672 -0.297277 0.0171248 
68 -0.0382108 -0.263642 0.0207226 
69 -0.0195685 -0.241864 0.024619 
70 -0.00518682 -0.233347 0.0288653 
71 0.00343746 -0.23624 0.0334084 
72 0.00597576 -0.245826 0.0372589 
73 0.00420421 -0.255802 0.0385519 
74 0.00134717 -0.260934 0.0357102 
75 0.000230368 -0.259049 0.0284109 
76 0.00218803 -0.250675 0.0174112 
77 0.00729622 -0.237481 0.00381974 
78 0.0150597 -0.221122 -0.0113978 
79 0.0248947 -0.202843 -0.0275542 
80 0.0363322 -0.183488 -0.0441968 
