4,80
1 0.0332419 -0.0874776 -0.132888 
2 -0.0621177 0.133562 0.710122 
3 -0.157575 0.35465 1.55409 
4 -0.253292 0.575871 2.40065 
5 -0.349666 0.79745 3.25408 
6 -0.447563 1.01993 4.12466 
7 -0.548218 1.24442 5.0324 
8 -0.649927 1.4718 5.98939 
9 -0.734622 1.69693 6.88453 
10 -0.767371 1.90334 7.39567 
11 -0.756309 2.08758 7.47823 
12 -0.738734 2.26441 7.43006 
13 -0.725966 2.44141 7.39107 
14 -0.715931 2.61953 7.36896 
15 -0.706312 2.79892 7.3482 
16 -0.697141 2.98092 7.31074 
17 -0.692992 3.1693 7.23059 
18 -0.706703 3.37084 7.07478 
19 -0.755175 3.59011 6.83838 
20 -0.837972 3.82029 6.58147 
21 -0.933766 4.04942 6.36866 
22 -1.02643 4.27386 6.20615 
23 -1.11239 4.49655 6.07197 
24 -1.19222 4.72134 5.94879 
25 -1.26574 4.95111 5.82838 
26 -1.33142 5.18735 5.70836 
27 -1.38738 5.42908 5.59004 
28 -1.43311 5.67115 5.47782 
29 -1.47144 5.90376 5.37802 
30 -1.50901 6.11553 5.29607 
31 -1.55386 6.29926 5.2333 
32 -1.61207 6.45569 5.18625 
33 -1.68669 6.5921 5.14895 
34 -1.7794 6.71849 5.11564 
35 -1.89195 6.8444 5.08217 
36 -2.02198 6.97454 5.04704 
37 -2.1461 7.09777 5.01438 
38 -2.19688 7.1721 4.99759 
39 -2.0908 7.14286 5.01258 
40 -1.82183 7.00521 5.05903 
41 -1.46505 6.80837 5.12117 
42 -1.08637 6.5965 5.18612 
43 -0.709588 6.3862 5.24977 
44 -0.333106 6.17686 5.31326 
45 0.0554556 5.9594 5.3808 
46 0.473719 5.71715 5.46023 
47 0.936292 5.42594 5.56401 
48 1.42921 5.06822 5.70348 
49 1.88498 4.6682 5.87095 
50 2.23153 4.29071 6.03569 
51 2.46929 3.97408 6.1755 
52 2.64504 3.70808 6.2918 
53 2.79588 3.46899 6.39475 
54 2.93877 3.24019 6.49218 
55 3.07914 3.01283 6.58841 
56 3.2174 2.78213 6.68564 
57 3.35089 2.54528 6.78478 
58 3.47329 2.30132 6.88536 
59 3.57303 2.05344 6.9843 
60 3.63405 1.81303 7.07427 
61 3.64386 1.60049 7.14453 
62 3.6074 1.4351 7.18749 
63 3.54866 1.31918 7.20581 
64 3.49268 1.23767 7.20984 
65 3.45104 1.17265 7.20919 
66 3.42362 1.11281 7.2088 
67 3.40605 1.05347 7.21008 
68 3.3941 0.993432 7.21295 
69 3.38489 0.932793 7.21696 
70 3.37673 0.871903 7.22171 
71 3.36876 0.811058 7.22694 
72 3.36054 0.750446 7.23252 
73 3.35191 0.690168 7.23836 
74 3.34279 0.630273 7.24442 
75 3.33317 0.570781 7.25069 
76 3.32307 0.511693 7.25713 
77 3.31254 0.453004 7.26375 
78 3.3016 0.394701 7.27051 
79 3.29031 0.336767 7.27741 
80 3.27871 0.279183 7.28444 
