4  11
0.0927276  0.0819123  0.0781881  0.103683  0.0917782  0.0766468  0.145034  0.0513154  0.0907691  0.108269  0.0796768  
4.33415  -0.616805  1.32979  5.03059  
11.1739  0.258987  0.892239  -0.0810234  
17.6224  -0.457074  1.10837  -1.21324  
24.8232  -0.2572  1.11856  -0.356982  
32.7309  -0.437861  0.597395  -0.0986158  
39.8024  1.80831  -0.972455  0.118218  
48.4019  1.49975  -1.63681  0.695168  
55.7362  0.153213  -0.781832  0.368641  
62.2573  -0.169242  -0.523009  0.00904138  
69.8823  0.00655767  -0.19334  0.0242067  
76.2999  -0.0381819  -0.264367  0.0199673  
5.45856  0.219107  -0.671534  -4.50244  
0.219107  0.0714657  -0.0755863  -0.213083  
-0.671534  -0.0755863  0.337851  0.536628  
-4.50244  -0.213083  0.536628  3.84853  
5.19472  0.0545529  -0.142173  -2.39362  
0.0545529  0.0952591  -0.0891872  -0.0459797  
-0.142173  -0.0891872  0.816988  0.12778  
-2.39362  -0.0459797  0.12778  1.23097  
4.82542  -0.347748  0.138219  0.445118  
-0.347748  0.0430084  -0.0129648  -0.0579737  
0.138219  -0.0129648  0.394133  0.0538314  
0.445118  -0.0579737  0.0538314  0.140675  
7.12979  0.237031  -0.321112  0.353334  
0.237031  0.0305893  -0.0185366  0.012512  
-0.321112  -0.0185366  0.189521  -0.0580651  
0.353334  0.012512  -0.0580651  0.0522822  
5.79557  0.0660853  -0.303537  0.73519  
0.0660853  0.121415  -0.0861839  0.003756  
-0.303537  -0.0861839  0.122493  -0.0788017  
0.73519  0.003756  -0.0788017  0.193596  
7.11207  1.78163  -0.542804  0.477989  
1.78163  0.695016  -0.227584  0.12901  
-0.542804  -0.227584  0.133209  -0.0261397  
0.477989  0.12901  -0.0261397  0.0594791  
18.4298  -3.30557  0.0166836  -0.149049  
-3.30557  0.834258  -0.0453591  0.0378174  
0.0166836  -0.0453591  0.0678533  -0.00989684  
-0.149049  0.0378174  -0.00989684  0.0288663  
8.03942  -0.613884  0.548163  -0.0509512  
-0.613884  0.126249  -0.0709419  -0.00376092  
0.548163  -0.0709419  0.0920158  0.0252772  
-0.0509512  -0.00376092  0.0252772  0.0317906  
11.8222  0.244143  0.0659938  -0.0925526  
0.244143  0.00987694  -0.00272488  -0.00450097  
0.0659938  -0.00272488  0.0217463  -0.00393892  
-0.0925526  -0.00450097  -0.00393892  0.00969987  
18.6873  0.379839  0.00498815  -0.090753  
0.379839  0.0256468  0.00122707  -0.00175081  
0.00498815  0.00122707  0.00267323  0.000441508  
-0.090753  -0.00175081  0.000441508  0.00705671  
8.87444  0.123498  0.196231  -0.159944  
0.123498  0.00697716  0.00358923  -0.000886517  
0.196231  0.00358923  0.0110582  -0.000596355  
-0.159944  -0.000886517  -0.000596355  0.00582199  
