3,3,117
0.142712 0.236025 -0.0227781 
0.236025 0.501249 -0.0301289 
-0.0227781 -0.0301289 0.029944 
0.142486 0.235652 -0.0227421 
0.235652 0.500456 -0.0300812 
-0.0227421 -0.0300812 0.0298968 
0.142032 0.2349 -0.0226696 
0.2349 0.49886 -0.029985 
-0.0226695 -0.029985 0.029802 
0.141066 0.233303 -0.0225156 
0.233303 0.495469 -0.0297804 
-0.0225155 -0.0297804 0.0296016 
0.138909 0.229735 -0.0221717 
0.229735 0.487892 -0.0293213 
-0.0221717 -0.0293213 0.029159 
0.133893 0.221437 -0.0213737 
0.221437 0.470282 -0.0282439 
-0.0213737 -0.0282439 0.0281593 
0.122164 0.202026 -0.0195159 
0.202026 0.429117 -0.0256641 
-0.0195159 -0.0256641 0.0259913 
0.0968855 0.16015 -0.0155589 
0.16015 0.340508 -0.0197621 
-0.0155589 -0.0197621 0.0222862 
0.0556956 0.0917256 -0.00932096 
0.0917256 0.196597 -0.0086201 
-0.00932095 -0.0086201 0.0205634 
0.0186315 0.0296781 -0.00423928 
0.0296781 0.0683033 0.00527125 
-0.00423928 0.00527125 0.0299471 
0.00436821 0.00523801 -0.00290816 
0.00523801 0.0203409 0.015157 
-0.00290816 0.015157 0.0463993 
0.00204147 0.000908745 -0.00306241 
0.000908745 0.0133383 0.0194634 
-0.00306241 0.0194634 0.0566968 
0.00189315 0.000470894 -0.00321717 
0.000470894 0.0131537 0.0207655 
-0.00321716 0.0207655 0.0602381 
0.00195982 0.000441167 -0.00326127 
0.000441167 0.0132349 0.0209034 
-0.00326127 0.0209033 0.0606064 
0.00218911 0.000443445 -0.00329583 
0.000443445 0.0132477 0.0205251 
-0.00329583 0.0205251 0.0594611 
0.00303485 0.000470162 -0.00349805 
0.000470162 0.0136418 0.0197445 
-0.00349805 0.0197445 0.0570343 
0.00604056 0.000592577 -0.00441722 
0.000592577 0.0159277 0.0186011 
-0.00441722 0.0186011 0.0531648 
0.0158487 0.00103757 -0.00775414 
0.00103757 0.0248751 0.0176145 
-0.00775414 0.0176145 0.0485412 
0.0434497 0.00235443 -0.0176238 
0.00235443 0.0521677 0.0187357 
-0.0176238 0.0187357 0.0468947 
0.104603 0.00534439 -0.0400273 
0.00534439 0.115002 0.0255785 
-0.0400273 0.0255785 0.055957 
0.202219 0.0101753 -0.0762202 
0.0101753 0.217204 0.0400131 
-0.0762202 0.0400131 0.0806631 
0.310304 0.015557 -0.116536 
0.015557 0.331431 0.0579546 
-0.116536 0.0579546 0.113731 
0.39624 0.0198495 -0.148686 
0.0198495 0.42267 0.0729949 
-0.148686 0.0729949 0.142286 
0.4489 0.0224879 -0.168413 
0.0224879 0.478701 0.0824377 
-0.168413 0.0824377 0.160457 
0.474112 0.0237742 -0.177858 
0.0237742 0.505536 0.0869852 
-0.177858 0.0869852 0.169302 
0.479692 0.0241714 -0.179917 
0.0241714 0.511384 0.0878755 
-0.179917 0.0878755 0.171262 
0.468788 0.0241606 -0.175675 
0.0241606 0.499321 0.0853195 
-0.175675 0.0853195 0.167374 
0.440633 0.0250016 -0.164477 
0.0250016 0.467471 0.0778284 
-0.164477 0.0778284 0.157371 
0.398953 0.0313197 -0.146468 
0.0313197 0.416203 0.0615017 
-0.146468 0.0615017 0.142677 
0.371898 0.0558895 -0.129001 
0.0558895 0.366309 0.0297718 
-0.129001 0.0297718 0.133592 
0.422874 0.118643 -0.131133 
0.118643 0.371796 -0.0230265 
-0.131133 -0.0230265 0.153122 
0.594425 0.224715 -0.167978 
0.224715 0.47559 -0.0921874 
-0.167978 -0.0921874 0.216522 
0.833783 0.345153 -0.227164 
0.345153 0.642783 -0.160232 
-0.227164 -0.160232 0.304372 
1.04646 0.443401 -0.282227 
0.443401 0.798453 -0.211643 
-0.282227 -0.211643 0.382236 
1.18716 0.50593 -0.319351 
0.50593 0.903446 -0.243107 
-0.319351 -0.243107 0.433696 
1.25844 0.537069 -0.338307 
0.537069 0.957065 -0.258497 
-0.338307 -0.258497 0.459763 
1.27289 0.543384 -0.342135 
0.543384 0.967907 -0.261651 
-0.342135 -0.261651 0.465089 
1.2323 0.525904 -0.331214 
0.525904 0.937071 -0.253278 
-0.331214 -0.253278 0.450438 
1.12324 0.478586 -0.301911 
0.478586 0.854406 -0.230561 
-0.301911 -0.230561 0.41127 
0.927054 0.392173 -0.24922 
0.392173 0.706149 -0.189165 
-0.24922 -0.189165 0.341926 
0.65471 0.2683 -0.176134 
0.2683 0.501697 -0.130132 
-0.176134 -0.130132 0.24911 
0.384993 0.136989 -0.103883 
0.136989 0.302204 -0.0682193 
-0.103883 -0.0682193 0.164795 
0.21436 0.0407127 -0.0583703 
0.0407127 0.180565 -0.0237748 
-0.0583703 -0.0237748 0.123089 
0.152574 -0.008633 -0.042106 
-0.008633 0.14153 -0.00189435 
-0.042106 -0.00189435 0.120749 
0.144866 -0.028312 -0.0402784 
-0.028312 0.141338 0.00623854 
-0.0402784 0.00623854 0.132372 
0.150389 -0.0354119 -0.0419037 
-0.0354119 0.148809 0.00888193 
-0.0419037 0.00888193 0.142723 
0.15557 -0.0380188 -0.0433679 
-0.0380188 0.154415 0.00974206 
-0.0433679 0.00974206 0.148862 
0.158522 -0.0390311 -0.0441953 
-0.0390311 0.157446 0.0100432 
-0.0441953 0.0100432 0.151944 
0.159809 -0.0394066 -0.044555 
-0.0394066 0.158745 0.0101481 
-0.044555 0.0101481 0.153228 
0.159609 -0.0393711 -0.0445002 
-0.0393711 0.158555 0.010141 
-0.0445002 0.010141 0.153045 
0.15638 -0.0386197 -0.0436118 
-0.0386197 0.155428 0.00995508 
-0.0436118 0.00995508 0.149913 
0.145176 -0.0364326 -0.0406486 
-0.0364326 0.145368 0.00949 
-0.0406486 0.00949 0.138668 
0.122932 -0.0361253 -0.0358899 
-0.0361253 0.132889 0.0102933 
-0.0358899 0.0102933 0.112836 
0.120262 -0.0604116 -0.0420953 
-0.0604116 0.176554 0.0207981 
-0.0420953 0.0207981 0.0885919 
0.183385 -0.12908 -0.0744877 
-0.12908 0.337852 0.0475282 
-0.0744877 0.0475282 0.102962 
0.269037 -0.202466 -0.112929 
-0.202466 0.519977 0.0753204 
-0.112929 0.0753204 0.139666 
0.323104 -0.24576 -0.136358 
-0.24576 0.62934 0.0915321 
-0.136358 0.0915321 0.165466 
0.341952 -0.260485 -0.14445 
-0.260485 0.666878 0.0968881 
-0.14445 0.0968881 0.174769 
0.33205 -0.25253 -0.140271 
-0.25253 0.647225 0.093299 
-0.140271 0.093299 0.170012 
0.291432 -0.219424 -0.123007 
-0.219424 0.565758 0.0783281 
-0.123007 0.0783281 0.150916 
0.220411 -0.156791 -0.0925709 
-0.156791 0.418315 0.0446502 
-0.0925709 0.0446502 0.121176 
0.158359 -0.0847075 -0.0651031 
-0.0847075 0.271335 -0.0124084 
-0.0651031 -0.0124084 0.108533 
0.163488 -0.0477639 -0.0652141 
-0.0477639 0.238634 -0.0759962 
-0.0652141 -0.0759962 0.142545 
0.204502 -0.045131 -0.0808385 
-0.045131 0.283219 -0.11833 
-0.0808385 -0.11833 0.189535 
0.230174 -0.0488323 -0.090888 
-0.0488323 0.31672 -0.136311 
-0.090888 -0.136311 0.214838 
0.238299 -0.0503809 -0.0940886 
-0.0503809 0.327719 -0.141399 
-0.0940886 -0.141399 0.222558 
0.237705 -0.0502396 -0.0938591 
-0.0502396 0.326894 -0.141065 
-0.0938591 -0.141065 0.222022 
0.231477 -0.0489067 -0.0914243 
-0.0489067 0.318351 -0.137363 
-0.0914243 -0.137363 0.216249 
0.217985 -0.0459888 -0.086198 
-0.0459888 0.299888 -0.129329 
-0.086198 -0.129329 0.203824 
0.192979 -0.0404452 -0.0767174 
-0.0404452 0.265852 -0.11438 
-0.0767174 -0.11438 0.181157 
0.153124 -0.0311392 -0.0623235 
-0.0311391 0.212252 -0.0903571 
-0.0623235 -0.0903571 0.146287 
0.103828 -0.0183312 -0.0464947 
-0.0183312 0.147732 -0.0600988 
-0.0464947 -0.0600988 0.106621 
0.0627097 -0.00505055 -0.0372432 
-0.00505055 0.0974686 -0.033768 
-0.0372432 -0.033768 0.0804647 
0.042994 0.00498067 -0.0383813 
0.00498067 0.0783833 -0.0196034 
-0.0383813 -0.0196034 0.0777 
0.0395689 0.0107954 -0.0447747 
0.0107954 0.0806422 -0.0154313 
-0.0447747 -0.0154313 0.088087 
0.0415248 0.0136338 -0.0504936 
0.0136338 0.087783 -0.0152248 
-0.0504936 -0.0152248 0.0985915 
0.0433905 0.0148321 -0.0536502 
0.0148321 0.0925279 -0.0156603 
-0.0536502 -0.0156603 0.104583 
0.0439292 0.0151467 -0.0545045 
0.0151467 0.0938521 -0.0157927 
-0.0545045 -0.0157927 0.106226 
0.0430684 0.0148814 -0.0534528 
0.0148814 0.0920465 -0.0154479 
-0.0534528 -0.0154479 0.104218 
0.0406606 0.0140697 -0.050397 
0.0140697 0.0868982 -0.0145066 
-0.050397 -0.0145066 0.0984134 
0.0362918 0.0126056 -0.0447492 
0.0126056 0.0775333 -0.0127134 
-0.0447492 -0.0127134 0.0878652 
0.0296484 0.0104363 -0.0358644 
0.0104363 0.0632536 -0.00969323 
-0.0358644 -0.00969323 0.0718501 
0.0214703 0.00792097 -0.0241467 
0.00792097 0.0455772 -0.00519596 
-0.0241467 -0.00519596 0.0522124 
0.0142444 0.00602445 -0.0121557 
0.00602445 0.0297532 0.000413719 
-0.0121557 0.000413719 0.0350232 
0.0104755 0.00555968 -0.00326762 
0.00555968 0.0211695 0.00597123 
-0.00326762 0.00597123 0.0263191 
0.00997179 0.00620873 0.00149263 
0.00620873 0.0195741 0.0102832 
0.00149263 0.0102832 0.0255099 
0.0107748 0.00708388 0.00349729 
0.00708388 0.0209139 0.0129941 
0.00349729 0.0129941 0.027751 
0.0115755 0.00770933 0.00425472 
0.00770933 0.0224056 0.0144568 
0.00425472 0.0144568 0.0298625 
0.0120607 0.00805388 0.00454058 
0.00805388 0.0233313 0.0151702 
0.00454058 0.0151702 0.0311249 
0.0123028 0.00821977 0.00465269 
0.00821977 0.0237971 0.0154957 
0.00465269 0.0154957 0.0317519 
0.0124121 0.00829352 0.00469779 
0.00829352 0.024008 0.0156371 
0.00469779 0.0156371 0.0320342 
0.0124571 0.0083237 0.00471546 
0.0083237 0.0240949 0.0156944 
0.00471546 0.0156944 0.0321504 
0.0124679 0.00833096 0.00471966 
0.00833096 0.0241158 0.0157082 
0.00471966 0.0157082 0.0321783 
0.0124402 0.00831243 0.00470919 
0.00831243 0.0240622 0.0156733 
0.00470919 0.0156733 0.0321068 
0.0123085 0.00822441 0.00465937 
0.00822441 0.023808 0.0155071 
0.00465937 0.0155071 0.0317665 
0.0118606 0.00792421 0.00448989 
0.00792421 0.0229466 0.0149391 
0.0044899 0.0149391 0.0306031 
0.0106277 0.00709216 0.00402404 
0.00709216 0.0206083 0.0133519 
0.00402404 0.0133519 0.0273534 
0.00820396 0.00542111 0.00311177 
0.00542111 0.016209 0.0100867 
0.00311177 0.0100867 0.0206751 
0.00552884 0.00345137 0.00211768 
0.00345137 0.0120568 0.00596761 
0.00211768 0.00596761 0.0122748 
0.00445213 0.00240118 0.00174379 
0.00240118 0.0118294 0.00325227 
0.00174379 0.00325227 0.00678054 
0.00484412 0.00233101 0.00192601 
0.00233101 0.0144504 0.00238181 
0.00192601 0.00238181 0.00506585 
0.0055261 0.00256049 0.00220722 
0.00256049 0.0170384 0.00231163 
0.00220722 0.00231163 0.00496876 
0.00599514 0.00275013 0.00239737 
0.00275013 0.01864 0.00239388 
0.00239737 0.00239388 0.00516308 
0.00618818 0.00283103 0.0024753 
0.00283103 0.0192851 0.00243746 
0.0024753 0.00243746 0.00526514 
0.00604662 0.00276746 0.0024181 
0.00276746 0.0188544 0.00236854 
0.0024181 0.00236854 0.00514262 
0.00535246 0.00247939 0.00213383 
0.00247939 0.0166621 0.00207192 
0.00213383 0.00207192 0.00469958 
0.00405728 0.00207388 0.00157433 
0.00207388 0.0124239 0.0014339 
0.00157433 0.0014339 0.00454555 
0.00350545 0.00247602 0.00120848 
0.00247602 0.0100044 0.000762155 
0.00120848 0.000762155 0.0073894 
0.00478512 0.00405115 0.00150079 
0.00405115 0.0129403 0.000573028 
0.00150079 0.000573028 0.0134837 
0.00617271 0.0053638 0.00190541 
0.0053638 0.0165457 0.000643198 
0.00190541 0.000643198 0.0180915 
0.00682444 0.00594514 0.00210325 
0.00594514 0.0182765 0.000700643 
0.00210325 0.000700643 0.0200776 
0.00704977 0.00614283 0.00217239 
0.00614283 0.0188785 0.000722806 
0.00217239 0.000722806 0.0207476 
0.00711935 0.00620358 0.0021938 
0.00620358 0.0190647 0.000729856 
0.0021938 0.000729856 0.020953 
0.00713987 0.00622147 0.00220012 
0.00622147 0.0191197 0.000731953 
0.00220012 0.000731953 0.0210134 
0.0071458 0.00622664 0.00220195 
0.00622664 0.0191355 0.00073256 
0.00220195 0.00073256 0.0210309 
0.00714749 0.00622811 0.00220247 
0.00622811 0.0191401 0.000732733 
0.00220247 0.000732733 0.0210359 
0.00714798 0.00622854 0.00220262 
0.00622854 0.0191414 0.000732783 
0.00220262 0.000732783 0.0210373 
