4  8
0.11235  0.111485  0.149273  0.103599  0.120618  0.154474  0.0632008  0.185  
4.99698  -0.347645  0.795884  3.23407  
14.0783  -0.72849  2.63495  7.37199  
24.9026  -1.286  4.88553  5.85832  
33.6584  -1.67814  6.65138  5.17254  
43.5687  -0.496626  6.25542  5.2895  
54.5154  2.99979  3.15652  6.5256  
69.3021  4.0197  0.753811  7.01656  
70.8566  3.13789  0.884219  7.2993  
6.67512  -0.636151  1.47528  5.6235  
-0.636151  0.0736724  -0.155155  -0.537133  
1.47528  -0.155155  0.393959  1.2441  
5.6235  -0.537133  1.2441  4.7657  
7.6395  0.0318982  1.36611  0.00659468  
0.0318982  0.0510644  -0.0240259  -0.00722115  
1.36611  -0.0240259  0.378415  -0.00181939  
0.00659468  -0.00722115  -0.00181939  0.124369  
19.4423  -1.65343  4.12409  -2.1725  
-1.65343  0.179752  -0.332228  0.177016  
4.12409  -0.332228  0.975102  -0.496881  
-2.1725  0.177016  -0.496881  0.268939  
14.123  -1.47706  1.48999  -0.506053  
-1.47706  0.241497  -0.145037  0.0530559  
1.48999  -0.145037  0.170714  -0.0515501  
-0.506053  0.0530559  -0.0515501  0.026017  
9.84397  3.196  -1.77353  0.522002  
3.196  1.37069  -0.754814  0.220788  
-1.77353  -0.754814  0.46253  -0.137359  
0.522002  0.220788  -0.137359  0.0591429  
16.3006  2.26116  -3.46239  1.45183  
2.26116  0.629915  -0.526839  0.183002  
-3.46239  -0.526839  0.963094  -0.412121  
1.45183  0.183002  -0.412121  0.188054  
32.3927  0.488693  -2.50969  -0.0822074  
0.488693  0.110115  0.0150115  -0.0386578  
-2.50969  0.0150115  0.225915  -0.0120993  
-0.0822074  -0.0386578  -0.0120993  0.0141795  
35.3198  -0.150188  -2.0647  0.169516  
-0.150188  0.0217583  0.00745366  -0.00414235  
-2.0647  0.00745366  0.17992  -0.00865352  
0.169516  -0.00414235  -0.00865352  0.00190932  
