4  8
0.0854763  0.186037  0.104164  0.135535  0.119875  0.08212  0.116552  0.170241  
5.50063  -0.287916  0.83062  3.4906  
21.6897  -0.656827  1.84789  7.65459  
37.9475  1.03768  3.83471  6.47152  
52.3545  0.000599001  6.26583  5.56814  
67.3477  0.516096  3.02494  6.56605  
79.4767  -1.34772  -2.2892  7.28489  
94.5819  -2.52998  -4.42778  6.08362  
104.69  -2.54569  -5.91632  5.05519  
8.25389  -0.534667  1.54661  6.5028  
-0.534667  0.143324  0.0806111  -0.43914  
1.54661  0.0806111  0.672641  1.19826  
6.5028  -0.43914  1.19826  5.15963  
45.7481  -0.0983112  0.390081  0.648046  
-0.0983112  0.36074  0.592576  -0.0462926  
0.390081  0.592576  1.26899  -0.0667937  
0.648046  -0.0462926  -0.0667937  0.0481222  
20.671  0.543674  2.64208  -2.8083  
0.543674  0.348342  0.027698  -0.0425575  
2.64208  0.027698  0.686679  -0.639703  
-2.8083  -0.0425575  -0.639703  0.658644  
23.7084  -1.31342  1.77432  0.693794  
-1.31342  0.275171  -0.241381  0.0368843  
1.77432  -0.241381  0.445732  -0.21196  
0.693794  0.0368843  -0.21196  0.311747  
19.1245  0.590312  -8.30971  1.77938  
0.590312  0.298373  -0.117051  -0.0382589  
-8.30971  -0.117051  4.66386  -1.12165  
1.77938  -0.0382589  -1.12165  0.333967  
13.3389  -1.90866  -2.98998  -1.13546  
-1.90866  0.483671  0.340464  0.159734  
-2.98998  0.340464  1.00648  0.241986  
-1.13546  0.159734  0.241986  0.114613  
92.9575  -2.7407  -1.86417  -2.35893  
-2.7407  0.17866  -0.0124809  0.0689554  
-1.86417  -0.0124809  0.295177  0.169184  
-2.35893  0.0689554  0.169184  0.136373  
60.7778  -0.164155  -2.28086  -2.197  
-0.164155  0.0584171  0.0235184  0.0454832  
-2.28086  0.0235184  0.0993646  0.0998443  
-2.197  0.0454832  0.0998443  0.111904  
