4,117
1 -0.0139145 0.035248 0.155965 
2 -0.0762585 0.215765 0.913974 
3 -0.140075 0.400285 1.68965 
4 -0.20505 0.587877 2.47903 
5 -0.271126 0.778268 3.28113 
6 -0.338395 0.971483 4.09646 
7 -0.406916 1.16721 4.92453 
8 -0.476148 1.36303 5.75637 
9 -0.543379 1.54976 6.55483 
10 -0.601063 1.70459 7.22339 
11 -0.637731 1.79602 7.62367 
12 -0.649813 1.81889 7.72444 
13 -0.648406 1.80875 7.67275 
14 -0.645315 1.79854 7.61249 
15 -0.644377 1.79691 7.58511 
16 -0.645214 1.8013 7.58212 
17 -0.646896 1.80842 7.59047 
18 -0.648867 1.81653 7.60298 
19 -0.650875 1.82492 7.61683 
20 -0.652765 1.83338 7.63113 
21 -0.654342 1.84187 7.64573 
22 -0.655232 1.85044 7.66072 
23 -0.654684 1.85931 7.6763 
24 -0.651232 1.86905 7.6927 
25 -0.642139 1.88098 7.70996 
26 -0.622601 1.89788 7.72751 
27 -0.584896 1.92505 7.74327 
28 -0.51826 1.97128 7.75227 
29 -0.411104 2.04866 7.74551 
30 -0.257111 2.16884 7.7108 
31 -0.0630491 2.33592 7.63753 
32 0.149465 2.5408 7.5234 
33 0.35343 2.76434 7.37666 
34 0.529495 2.98739 7.21104 
35 0.671094 3.19832 7.03867 
36 0.780959 3.39375 6.86672 
37 0.865427 3.57566 6.69777 
38 0.930564 3.74864 6.53139 
39 0.980321 3.91866 6.36559 
40 1.01558 4.09306 6.19779 
41 1.03322 4.28086 6.02609 
42 1.02533 4.49222 5.8516 
43 0.98021 4.73428 5.68241 
44 0.888963 5.00242 5.53624 
45 0.756765 5.27356 5.43462 
46 0.606322 5.51581 5.3876 
47 0.463814 5.71016 5.38584 
48 0.343157 5.85871 5.41023 
49 0.244912 5.97471 5.445 
50 0.163611 6.07154 5.48164 
51 0.0933446 6.1586 5.51694 
52 0.0297743 6.24184 5.55019 
53 -0.0296962 6.32509 5.58155 
54 -0.0861241 6.41125 5.61132 
55 -0.138927 6.50228 5.63977 
56 -0.185113 6.59757 5.66736 
57 -0.217683 6.68849 5.69548 
58 -0.224071 6.74812 5.7278 
59 -0.188422 6.72215 5.7713 
60 -0.103105 6.54428 5.83422 
61 0.0172663 6.18935 5.91933 
62 0.142038 5.70569 6.02012 
63 0.248009 5.17186 6.12657 
64 0.329363 4.64094 6.23213 
65 0.39045 4.13115 6.33476 
66 0.43746 3.64139 6.43488 
67 0.474848 3.16394 6.53396 
68 0.504445 2.68937 6.63408 
69 0.524829 2.20687 6.73824 
70 0.529527 1.70288 6.85076 
71 0.503487 1.16099 6.97672 
72 0.420058 0.568829 7.11792 
73 0.248347 -0.0618673 7.26346 
74 -0.0179699 -0.675546 7.38339 
75 -0.336107 -1.19894 7.44524 
76 -0.643654 -1.60365 7.44211 
77 -0.907337 -1.91704 7.39184 
78 -1.12759 -2.18147 7.31535 
79 -1.31762 -2.42739 7.22548 
80 -1.48975 -2.67128 7.12756 
81 -1.65189 -2.92099 7.02262 
82 -1.80756 -3.1795 6.90975 
83 -1.95618 -3.44555 6.78767 
84 -2.09293 -3.7117 6.65674 
85 -2.20929 -3.96215 6.52145 
86 -2.2969 -4.17569 6.39152 
87 -2.35421 -4.33754 6.27812 
88 -2.389 -4.45067 6.18649 
89 -2.41275 -4.53213 6.11338 
90 -2.4335 -4.59973 6.05152 
91 -2.45434 -4.6645 5.99463 
92 -2.47538 -4.73097 5.93903 
93 -2.4958 -4.80012 5.88312 
94 -2.51484 -4.87152 5.82649 
95 -2.53206 -4.94437 5.76924 
96 -2.54728 -5.01784 5.71171 
97 -2.56051 -5.09119 5.65426 
98 -2.57187 -5.16381 5.59725 
99 -2.58153 -5.23519 5.54095 
100 -2.58969 -5.30495 5.4856 
101 -2.59657 -5.37282 5.43137 
102 -2.60237 -5.43863 5.37836 
103 -2.60728 -5.50228 5.32662 
104 -2.61149 -5.56377 5.27618 
105 -2.61514 -5.62313 5.22699 
106 -2.61836 -5.68043 5.17904 
107 -2.62129 -5.73577 5.13224 
108 -2.624 -5.78927 5.08655 
109 -2.62659 -5.84105 5.04188 
110 -2.62912 -5.89124 4.99817 
111 -2.63165 -5.93995 4.95533 
112 -2.63422 -5.98729 4.91332 
113 -2.63686 -6.03337 4.87206 
114 -2.63963 -6.07829 4.8315 
115 -2.64253 -6.12211 4.79158 
116 -2.64561 -6.16493 4.75228 
117 -2.64887 -6.20678 4.71356 
