4,117
1 -0.619415 1.7857 7.52384 
2 -0.552591 1.59352 6.70934 
3 -0.485544 1.40062 5.89175 
4 -0.41808 1.20635 5.06834 
5 -0.349842 1.00947 4.23388 
6 -0.280241 0.80784 3.37925 
7 -0.208679 0.598737 2.49294 
8 -0.136326 0.383735 1.58168 
9 -0.0716511 0.185889 0.743446 
10 -0.0317485 0.058236 0.203585 
11 -0.0194667 0.0163649 0.0285005 
12 -0.0176832 0.0106791 0.00797038 
13 -0.0160728 0.00594084 -0.00701773 
14 -0.0141084 -0.00392344 -0.0413678 
15 -0.0137611 -0.0169388 -0.0855872 
16 -0.0170136 -0.0310125 -0.129851 
17 -0.0253213 -0.0441018 -0.166074 
18 -0.0382651 -0.0526965 -0.184801 
19 -0.0504103 -0.0505148 -0.174859 
20 -0.0486271 -0.029852 -0.130002 
21 -0.0171668 0.0123267 -0.0599468 
22 0.0492878 0.0696781 0.0113279 
23 0.142067 0.131882 0.0641713 
24 0.249315 0.192975 0.0932733 
25 0.364658 0.253012 0.100971 
26 0.487879 0.316082 0.0881778 
27 0.62253 0.389342 0.0493544 
28 0.772423 0.483298 -0.0299122 
29 0.934514 0.610541 -0.171602 
30 1.08631 0.77778 -0.392479 
31 1.17894 0.969898 -0.675098 
32 1.16221 1.1453 -0.952515 
33 1.0296 1.26455 -1.15122 
34 0.81923 1.32004 -1.2466 
35 0.57436 1.32858 -1.2583 
36 0.320847 1.31033 -1.21537 
37 0.0698379 1.27945 -1.13725 
38 -0.172784 1.24431 -1.03099 
39 -0.397928 1.20947 -0.893735 
40 -0.585898 1.17644 -0.717702 
41 -0.704534 1.14232 -0.50234 
42 -0.72727 1.09886 -0.272625 
43 -0.667653 1.03759 -0.0771878 
44 -0.578146 0.958009 0.0502473 
45 -0.50368 0.866791 0.114235 
46 -0.458185 0.770663 0.138023 
47 -0.43693 0.673292 0.141496 
48 -0.431373 0.576151 0.136078 
49 -0.435101 0.480183 0.127628 
50 -0.444943 0.387777 0.120553 
51 -0.460839 0.30617 0.123159 
52 -0.482983 0.251078 0.156235 
53 -0.4959 0.233762 0.255283 
54 -0.440861 0.199833 0.419973 
55 -0.263025 0.0239346 0.545077 
56 -0.00333278 -0.315926 0.546713 
57 0.274348 -0.738864 0.45731 
58 0.54836 -1.18877 0.332082 
59 0.816855 -1.64564 0.208148 
60 1.06921 -2.09442 0.12129 
61 1.25399 -2.4909 0.125075 
62 1.25886 -2.74022 0.266076 
63 1.02288 -2.78728 0.483488 
64 0.668913 -2.73107 0.641568 
65 0.327653 -2.68197 0.706354 
66 0.0215 -2.66116 0.71814 
67 -0.266512 -2.6556 0.708685 
68 -0.549524 -2.6537 0.689644 
69 -0.832122 -2.64772 0.661033 
70 -1.11073 -2.62864 0.615279 
71 -1.36857 -2.58145 0.537367 
72 -1.56712 -2.48455 0.407837 
73 -1.65182 -2.32242 0.218418 
74 -1.59515 -2.10983 -0.00571544 
75 -1.4367 -1.89107 -0.215417 
76 -1.24799 -1.70202 -0.379184 
77 -1.07416 -1.5495 -0.497196 
78 -0.92593 -1.42369 -0.583226 
79 -0.798028 -1.31263 -0.649406 
80 -0.682339 -1.20707 -0.701998 
81 -0.572568 -1.10045 -0.741426 
82 -0.465648 -0.988486 -0.762608 
83 -0.363105 -0.870432 -0.756 
84 -0.272249 -0.752308 -0.713024 
85 -0.203214 -0.647453 -0.637276 
86 -0.160183 -0.56809 -0.549183 
87 -0.136913 -0.515144 -0.471614 
88 -0.123211 -0.48027 -0.41419 
89 -0.11205 -0.454521 -0.374491 
90 -0.100536 -0.43242 -0.3464 
91 -0.0880545 -0.411473 -0.324817 
92 -0.0747814 -0.39075 -0.306551 
93 -0.0610259 -0.369927 -0.28983 
94 -0.0470718 -0.348741 -0.273633 
95 -0.0332833 -0.326542 -0.257091 
96 -0.0205008 -0.301712 -0.238883 
97 -0.0108635 -0.271382 -0.216921 
98 -0.00830697 -0.23392 -0.189985 
99 -0.0153425 -0.196345 -0.162839 
100 -0.0269764 -0.1739 -0.146006 
101 -0.0349704 -0.172363 -0.143568 
102 -0.0366613 -0.184671 -0.150716 
103 -0.0335057 -0.20276 -0.161894 
104 -0.0271055 -0.221547 -0.173602 
105 -0.0178499 -0.236399 -0.182744 
106 -0.00473474 -0.238848 -0.183909 
107 0.0133403 -0.214479 -0.168382 
108 0.0320428 -0.160761 -0.135863 
109 0.0413542 -0.112833 -0.109337 
110 0.0401096 -0.0973522 -0.104442 
111 0.0341407 -0.10472 -0.114017 
112 0.026926 -0.121413 -0.129305 
113 0.0194969 -0.141181 -0.146423 
114 0.012061 -0.16188 -0.164079 
115 0.0046404 -0.182849 -0.181886 
116 -0.00277069 -0.203894 -0.199734 
117 -0.0101776 -0.22496 -0.217593 
