3,3,100
0.0371318 0.0259955 -0.0165177 
0.0259955 0.163055 0.00670702 
-0.0165177 0.00670702 0.102253 
0.0370851 0.0259617 -0.0164952 
0.0259617 0.162847 0.00670243 
-0.0164952 0.00670243 0.102124 
0.0369642 0.025874 -0.0164367 
0.025874 0.162307 0.00669139 
-0.0164367 0.00669139 0.101791 
0.0367469 0.0257153 -0.01633 
0.0257153 0.161333 0.00667456 
-0.01633 0.00667456 0.101192 
0.0363905 0.0254526 -0.0161511 
0.0254526 0.159729 0.00665573 
-0.0161511 0.00665573 0.100208 
0.035822 0.0250268 -0.0158552 
0.0250268 0.15715 0.00664963 
-0.0158552 0.00664963 0.0986383 
0.0349235 0.0243344 -0.0153578 
0.0243344 0.153016 0.00670643 
-0.0153578 0.00670643 0.0961542 
0.0335255 0.0232012 -0.0144978 
0.0232012 0.146417 0.00698816 
-0.0144978 0.00698816 0.0922803 
0.0314613 0.0213555 -0.0129618 
0.0213555 0.136161 0.00800095 
-0.0129618 0.00800095 0.0865339 
0.0288573 0.018461 -0.0101513 
0.018461 0.121539 0.0112365 
-0.0101513 0.0112365 0.079197 
0.0269851 0.0143711 -0.00503285 
0.0143711 0.105051 0.0205113 
-0.00503285 0.0205113 0.0736103 
0.0293845 0.00972959 0.00364728 
0.00972959 0.0967839 0.0428092 
0.00364728 0.0428092 0.0792379 
0.040145 0.00617803 0.0159535 
0.00617803 0.111063 0.0830939 
0.0159535 0.0830939 0.107152 
0.0574615 0.00481757 0.0290422 
0.00481758 0.146996 0.13286 
0.0290422 0.13286 0.152747 
0.0734946 0.00492247 0.0390567 
0.00492247 0.184325 0.174217 
0.0390567 0.174217 0.195175 
0.0835439 0.00533033 0.0448061 
0.00533033 0.20874 0.198956 
0.0448061 0.198956 0.221821 
0.0884107 0.00559563 0.047486 
0.00559563 0.220765 0.210703 
0.047486 0.210703 0.234737 
0.090402 0.00571516 0.0485656 
0.00571517 0.225718 0.215471 
0.0485656 0.215471 0.240023 
0.0911074 0.00575902 0.0489458 
0.00575902 0.227477 0.217155 
0.0489458 0.217155 0.241895 
0.0912878 0.00577059 0.0490428 
0.00577059 0.227928 0.217585 
0.0490428 0.217585 0.242374 
0.0912334 0.00576806 0.0490136 
0.00576806 0.227795 0.217456 
0.0490136 0.217456 0.242229 
0.0910143 0.00575727 0.0488959 
0.00575728 0.227256 0.216933 
0.0488959 0.216933 0.241643 
0.0905922 0.00574057 0.0486692 
0.00574057 0.226229 0.215925 
0.0486692 0.215925 0.240512 
0.0898572 0.00572527 0.0482743 
0.00572527 0.224477 0.214167 
0.0482743 0.214167 0.238526 
0.0886313 0.00574127 0.0476159 
0.00574127 0.221666 0.211227 
0.0476159 0.211227 0.235169 
0.0866754 0.00588536 0.0465655 
0.00588536 0.217497 0.206513 
0.0465655 0.206513 0.229682 
0.0837346 0.00642643 0.0449868 
0.00642643 0.212095 0.199363 
0.0449868 0.199363 0.221076 
0.0796853 0.00802263 0.0428142 
0.00802263 0.20693 0.189354 
0.0428142 0.189354 0.208293 
0.0748415 0.0120821 0.0402188 
0.0120821 0.206493 0.176965 
0.0402188 0.176965 0.190642 
0.0703909 0.0211524 0.0378423 
0.0211524 0.22035 0.16455 
0.0378423 0.16455 0.168564 
0.0686589 0.038893 0.0369397 
0.038893 0.263687 0.156974 
0.0369397 0.156974 0.144379 
0.0726288 0.0689529 0.0391189 
0.0689529 0.353191 0.160677 
0.0391189 0.160677 0.122211 
0.0844703 0.112721 0.0455475 
0.112721 0.497622 0.18059 
0.0455475 0.18059 0.106446 
0.103958 0.167461 0.0561001 
0.167461 0.689152 0.216701 
0.0561001 0.216701 0.0994727 
0.128245 0.226756 0.069237 
0.226756 0.904023 0.263424 
0.069237 0.263424 0.100574 
0.153213 0.283063 0.0827321 
0.283063 1.11252 0.312337 
0.0827321 0.312337 0.106794 
0.17508 0.330139 0.0945378 
0.330139 1.28923 0.355541 
0.0945378 0.355541 0.114651 
0.191118 0.363757 0.103162 
0.363757 1.41666 0.38718 
0.103162 0.38718 0.12125 
0.199493 0.381017 0.107559 
0.381017 1.48325 0.403043 
0.107559 0.403043 0.124509 
0.198918 0.37944 0.10689 
0.37944 1.48053 0.399552 
0.10689 0.399552 0.122945 
0.188792 0.356934 0.100499 
0.356934 1.40409 0.373448 
0.100499 0.373448 0.115632 
0.170154 0.313235 0.0883072 
0.313235 1.26066 0.322976 
0.0883072 0.322976 0.102619 
0.146999 0.252447 0.0715099 
0.252447 1.07804 0.250446 
0.0715099 0.250446 0.0856698 
0.126264 0.184369 0.0529119 
0.184369 0.90594 0.164259 
0.0529119 0.164259 0.0684164 
0.114865 0.121653 0.0360705 
0.121653 0.795613 0.077346 
0.0360705 0.077346 0.054963 
0.115403 0.0736581 0.0235262 
0.0736581 0.76922 0.00174869 
0.0235262 0.00174869 0.0475694 
0.124911 0.0425969 0.0157468 
0.0425969 0.80954 -0.0561754 
0.0157468 -0.0561754 0.0456474 
0.137671 0.0251142 0.0116443 
0.0251142 0.878606 -0.0960623 
0.0116443 -0.0960623 0.046884 
0.148589 0.0162453 0.00973553 
0.0162453 0.941315 -0.120678 
0.00973553 -0.120678 0.0489185 
0.154461 0.0119828 0.00886478 
0.0119828 0.97485 -0.133158 
0.00886478 -0.133158 0.0501473 
0.153569 0.00984581 0.00834636 
0.00984581 0.9663 -0.135731 
0.00834636 -0.135731 0.049708 
0.145072 0.00852705 0.00786905 
0.00852705 0.908219 -0.129707 
0.00786905 -0.129707 0.04728 
0.129129 0.00745754 0.00741686 
0.00745754 0.798437 -0.116319 
0.00741686 -0.116319 0.0431247 
0.107868 0.00655153 0.00726172 
0.00655153 0.645466 -0.0981103 
0.00726172 -0.0981103 0.0384051 
0.0862236 0.00605404 0.00790931 
0.00605404 0.474653 -0.0799331 
0.00790931 -0.0799331 0.0353153 
0.0705648 0.00629858 0.00980498 
0.00629858 0.323394 -0.0677076 
0.00980498 -0.0677076 0.0361867 
0.0647112 0.00735747 0.0128812 
0.00735747 0.220702 -0.0647407 
0.0128812 -0.0647407 0.0416831 
0.0673247 0.00890216 0.0164633 
0.00890216 0.169915 -0.069436 
0.0164633 -0.069436 0.0500548 
0.0739371 0.0104513 0.0197355 
0.0104513 0.154331 -0.0773793 
0.0197355 -0.0773793 0.0585865 
0.0806326 0.01168 0.0222166 
0.01168 0.154783 -0.0848574 
0.0222166 -0.0848574 0.0654071 
0.085513 0.0124862 0.0238136 
0.0124862 0.159245 -0.0901643 
0.0238136 -0.0901643 0.0699155 
0.0881012 0.0128849 0.0246202 
0.0128849 0.16244 -0.0929504 
0.0246202 -0.0929504 0.0722134 
0.0883755 0.0128855 0.0247298 
0.0128855 0.162486 -0.0932578 
0.0247298 -0.0932578 0.0724885 
0.0862012 0.0123981 0.0241513 
0.0123981 0.158536 -0.0909687 
0.0241513 -0.0909687 0.0706956 
0.0812158 0.0111284 0.0228267 
0.0111284 0.14997 -0.0857089 
0.0228267 -0.0857089 0.0665262 
0.0731568 0.00842266 0.0207642 
0.00842266 0.136946 -0.0772034 
0.0207642 -0.0772034 0.0596782 
0.0626466 0.00312884 0.0182954 
0.00312884 0.122036 -0.0661089 
0.0182954 -0.0661089 0.0504717 
0.0519627 -0.006182 0.0162754 
-0.006182 0.111472 -0.0548249 
0.0162754 -0.0548249 0.0405005 
0.0445075 -0.0201858 0.015787 
-0.0201858 0.112871 -0.0469306 
0.015787 -0.0469306 0.0323634 
0.0424909 -0.0374435 0.017256 
-0.0374435 0.129002 -0.0447265 
0.017256 -0.0447265 0.0280122 
0.0451725 -0.0543879 0.0198828 
-0.0543879 0.154253 -0.0473543 
0.0198828 -0.0473543 0.0273242 
0.049938 -0.0670223 0.022092 
-0.0670223 0.178797 -0.0518778 
0.022092 -0.0518778 0.028641 
0.0547295 -0.0723563 0.0222687 
-0.0723563 0.195196 -0.0557423 
0.0222687 -0.0557423 0.0303738 
0.0595581 -0.0683228 0.0188936 
-0.0683228 0.201426 -0.0581818 
0.0188936 -0.0581818 0.032023 
0.0670362 -0.0529319 0.0101771 
-0.0529319 0.201077 -0.0605237 
0.0101771 -0.0605237 0.0344589 
0.0824641 -0.0238913 -0.00618636 
-0.0238913 0.203152 -0.066142 
-0.00618636 -0.066142 0.0399034 
0.112724 0.0205031 -0.0324663 
0.0205031 0.220661 -0.0797642 
-0.0324663 -0.0797642 0.0514137 
0.162612 0.0791638 -0.0691982 
0.0791638 0.265109 -0.105153 
-0.0691982 -0.105153 0.071268 
0.229876 0.146313 -0.113329 
0.146313 0.337853 -0.141778 
-0.113329 -0.141778 0.0987415 
0.304155 0.212585 -0.158509 
0.212585 0.426636 -0.183798 
-0.158509 -0.183798 0.129541 
0.37243 0.269188 -0.198092 
0.269188 0.512874 -0.223282 
-0.198092 -0.223282 0.158102 
0.425621 0.311312 -0.228041 
0.311312 0.582179 -0.254438 
-0.228041 -0.254438 0.180469 
0.46024 0.338021 -0.247213 
0.338021 0.62806 -0.274858 
-0.247213 -0.274858 0.195067 
0.475543 0.349742 -0.255644 
0.349742 0.648507 -0.283908 
-0.255644 -0.283908 0.201526 
0.469785 0.345657 -0.252585 
0.345657 0.640875 -0.280475 
-0.252585 -0.280475 0.199084 
0.438294 0.3225 -0.235536 
0.3225 0.599442 -0.26181 
-0.235536 -0.26181 0.185763 
0.375754 0.276378 -0.201441 
0.276378 0.519481 -0.224966 
-0.201441 -0.224966 0.159352 
0.284918 0.209224 -0.151295 
0.209224 0.410378 -0.172103 
-0.151295 -0.172103 0.121114 
0.18552 0.13542 -0.0950967 
0.13542 0.30602 -0.115646 
-0.0950967 -0.115646 0.0795307 
0.105597 0.0755921 -0.0478715 
0.0755921 0.24526 -0.0723885 
-0.0478715 -0.0723885 0.046494 
0.0583721 0.0396862 -0.0176362 
0.0396862 0.235835 -0.0492735 
-0.0176362 -0.0492735 0.0274299 
0.0371604 0.0230548 -0.00193761 
0.0230548 0.25566 -0.0411127 
-0.00193761 -0.0411127 0.0192818 
0.0296905 0.0167978 0.00527228 
0.0167978 0.281742 -0.0400026 
0.00527228 -0.0400026 0.0167417 
0.0277519 0.014863 0.00845088 
0.014863 0.303362 -0.041086 
0.00845088 -0.041086 0.0163386 
0.0276107 0.0144374 0.009879 
0.0144374 0.31853 -0.0424201 
0.009879 -0.0424201 0.0165436 
0.0279081 0.0144572 0.0105557 
0.0144572 0.328439 -0.0434752 
0.0105557 -0.0434752 0.0168335 
0.0282303 0.0145716 0.0108983 
0.0145716 0.334737 -0.0442086 
0.0108983 -0.0442086 0.0170711 
0.028482 0.0146806 0.0110833 
0.0146806 0.33872 -0.0446949 
0.0110833 -0.0446949 0.0172405 
0.0286603 0.0147639 0.0111891 
0.0147639 0.341254 -0.045013 
0.0111891 -0.045013 0.0173556 
0.0287825 0.0148231 0.0112525 
0.0148231 0.342887 -0.0452213 
0.0112525 -0.0452213 0.0174326 
