4,100
1 -0.103608 -0.234451 0.166646 
2 -0.348496 -0.864896 0.587043 
3 -0.595507 -1.50048 1.01023 
4 -0.844518 -2.14085 1.43591 
5 -1.09564 -2.78622 1.86405 
6 -1.34913 -3.43708 2.29466 
7 -1.60522 -4.09379 2.7274 
8 -1.8636 -4.75515 3.16062 
9 -2.12202 -5.41487 3.58894 
10 -2.37304 -6.05336 3.99811 
11 -2.59828 -6.62367 4.35699 
12 -2.76486 -7.0438 4.61529 
13 -2.83983 -7.23424 4.73037 
14 -2.82535 -7.2053 4.71953 
15 -2.76488 -7.06839 4.65764 
16 -2.70123 -6.92939 4.60752 
17 -2.65094 -6.82712 4.58749 
18 -2.61327 -6.7578 4.59114 
19 -2.58323 -6.70807 4.60825 
20 -2.55698 -6.66783 4.63185 
21 -2.53236 -6.63151 4.65843 
22 -2.50838 -6.59643 4.68664 
23 -2.48456 -6.56117 4.71632 
24 -2.46052 -6.52454 4.74806 
25 -2.43572 -6.4849 4.78308 
26 -2.40918 -6.43946 4.82343 
27 -2.37911 -6.38369 4.87209 
28 -2.34261 -6.31058 4.93307 
29 -2.29536 -6.21047 5.01111 
30 -2.23192 -6.07203 5.11057 
31 -2.14682 -5.88514 5.23355 
32 -2.03657 -5.64533 5.37779 
33 -1.90167 -5.35743 5.53596 
34 -1.74699 -5.03504 5.69755 
35 -1.57989 -4.69533 5.85252 
36 -1.40734 -4.35223 5.99451 
37 -1.23385 -4.01198 6.12174 
38 -1.06087 -3.67184 6.23608 
39 -0.887487 -3.32077 6.34152 
40 -0.711626 -2.94064 6.44264 
41 -0.531759 -2.50862 6.5433 
42 -0.348956 -2.00239 6.64515 
43 -0.168824 -1.41006 6.74626 
44 -0.00176066 -0.741661 6.84054 
45 0.140071 -0.0331024 6.91961 
46 0.248042 0.665663 6.97646 
47 0.320593 1.31225 7.0085 
48 0.362307 1.88662 7.01746 
49 0.38015 2.391 7.00719 
50 0.380021 2.84104 6.98113 
51 0.365016 3.25662 6.941 
52 0.335107 3.65555 6.88657 
53 0.287792 4.04879 6.81639 
54 0.219861 4.43587 6.72964 
55 0.130518 4.8015 6.62881 
56 0.0246459 5.11891 6.52164 
57 -0.0870269 5.36305 6.41954 
58 -0.192514 5.52545 6.33244 
59 -0.284182 5.61708 6.26454 
60 -0.360546 5.6586 6.21443 
61 -0.42433 5.66936 6.17808 
62 -0.479825 5.66219 6.15141 
63 -0.531311 5.64302 6.13157 
64 -0.582437 5.61214 6.11717 
65 -0.635874 5.56543 6.10809 
66 -0.692598 5.49575 6.10506 
67 -0.750596 5.39573 6.10884 
68 -0.803784 5.26282 6.11905 
69 -0.842997 5.10442 6.13307 
70 -0.859956 4.93738 6.14656 
71 -0.851383 4.77981 6.15559 
72 -0.819449 4.64211 6.15867 
73 -0.768954 4.5244 6.15727 
74 -0.704685 4.41947 6.15545 
75 -0.630793 4.31669 6.15933 
76 -0.551772 4.20501 6.17675 
77 -0.473739 4.07578 6.21584 
78 -0.404494 3.92583 6.28218 
79 -0.351487 3.7593 6.37559 
80 -0.318822 3.58584 6.48952 
81 -0.305969 3.41568 6.61434 
82 -0.309301 3.25559 6.74168 
83 -0.32486 3.10808 6.86689 
84 -0.350476 2.97302 6.98881 
85 -0.386719 2.84975 7.10822 
86 -0.436777 2.73848 7.22577 
87 -0.504638 2.64038 7.33945 
88 -0.590399 2.55574 7.44227 
89 -0.684439 2.48074 7.52321 
90 -0.768424 2.40664 7.57439 
91 -0.826758 2.32454 7.59792 
92 -0.85584 2.23058 7.6036 
93 -0.861473 2.12589 7.60132 
94 -0.851723 2.01354 7.5972 
95 -0.832951 1.89637 7.59388 
96 -0.80919 1.77632 7.59213 
97 -0.782748 1.65462 7.59188 
98 -0.754879 1.53196 7.59286 
99 -0.726256 1.40875 7.59474 
100 -0.697232 1.28522 7.59729 
