4  11
0.0894086  0.0587375  0.126283  0.0796809  0.0735733  0.0921086  0.144539  0.083407  0.102806  0.0499358  0.0995206  
4.97516  -1.47981  -3.81168  2.54262  
12.8507  -0.0333218  -0.0517367  0.106148  
21.8828  0.12517  0.329099  0.190757  
31.5192  0.814078  1.14156  0.704999  
40.347  1.08689  3.28087  0.658341  
47.4473  -0.265976  2.39907  -0.333579  
59.7687  -0.339425  0.0161656  -0.148313  
70.8262  0.519176  -0.569795  -0.166957  
80.409  -0.442666  -0.652543  0.864523  
87.8131  0.0942169  -1.14658  -0.0487031  
95.3456  0.118148  0.0256595  -0.0880891  
6.61882  1.89899  4.65774  -3.25669  
1.89899  0.571765  1.33576  -0.932808  
4.65774  1.33576  3.38376  -2.24219  
-3.25669  -0.932808  -2.24219  1.67806  
5.98517  0.12579  0.731527  -0.133082  
0.12579  0.0178275  0.0397643  -0.0170354  
0.731527  0.0397643  0.14738  -0.0416864  
-0.133082  -0.0170354  -0.0416864  0.0325849  
21.9799  -0.113537  -0.042894  1.12187  
-0.113537  0.00634651  0.00562853  -0.00140065  
-0.042894  0.00562853  0.0214761  0.011045  
1.12187  -0.00140065  0.011045  0.0747349  
13.5715  0.688401  1.04968  0.401919  
0.688401  0.120184  0.202685  0.0315797  
1.04968  0.202685  0.416637  0.0478916  
0.401919  0.0315797  0.0478916  0.0651721  
14.4248  -0.980572  0.906935  0.63221  
-0.980572  0.108909  -0.0583978  0.0101004  
0.906935  -0.0583978  0.700627  0.131246  
0.63221  0.0101004  0.131246  0.165321  
19.7556  -1.15538  -2.7069  -1.38285  
-1.15538  0.254486  0.53489  0.0891468  
-2.7069  0.53489  1.5495  0.214201  
-1.38285  0.0891468  0.214201  0.170796  
27.7417  0.184159  -3.4111  1.75524  
0.184159  0.052873  -0.0260985  0.00605095  
-3.4111  -0.0260985  0.782106  -0.29632  
1.75524  0.00605095  -0.29632  0.36632  
13.0155  1.58719  1.76291  -0.919081  
1.58719  0.861844  0.182115  -0.290883  
1.76291  0.182115  0.465214  -0.0718772  
-0.919081  -0.290883  -0.0718772  0.333893  
14.8829  -1.27872  0.587707  0.275295  
-1.27872  1.13029  -0.359407  -0.206737  
0.587707  -0.359407  0.877046  -0.16542  
0.275295  -0.206737  -0.16542  0.49606  
6.38964  -0.322576  0.356524  -0.258283  
-0.322576  0.214493  0.358188  -0.0568083  
0.356524  0.358188  0.861439  -0.183642  
-0.258283  -0.0568083  -0.183642  0.0587681  
9.87035  -0.0123142  0.208885  0.0653433  
-0.0123142  0.0266085  -0.0164956  -0.00702937  
0.208885  -0.0164956  0.0536087  0.00207555  
0.0653433  -0.00702937  0.00207555  0.00556406  
