4,100
1 -2.61992 -6.60807 4.49779 
2 -2.33278 -5.90383 4.00534 
3 -2.04529 -5.19878 3.51224 
4 -1.75682 -4.49152 3.01738 
5 -1.46562 -3.77819 2.51765 
6 -1.16738 -3.04924 2.00537 
7 -0.853998 -2.28666 1.46605 
8 -0.523148 -1.48517 0.895409 
9 -0.224715 -0.754431 0.381719 
10 -0.0613296 -0.320969 0.107253 
11 -0.018788 -0.154604 0.0474271 
12 -0.00739767 -0.0590384 0.043517 
13 0.00914953 0.0431917 0.0317704 
14 0.0345568 0.154759 0.00732233 
15 0.0663109 0.260324 -0.022002 
16 0.0992382 0.337686 -0.0427819 
17 0.124679 0.369759 -0.0391275 
18 0.136748 0.365428 -0.0071854 
19 0.13825 0.350186 0.0412115 
20 0.135269 0.338727 0.0944316 
21 0.131818 0.332917 0.148305 
22 0.130329 0.331585 0.20277 
23 0.133607 0.33549 0.258759 
24 0.146128 0.348562 0.317078 
25 0.174261 0.377835 0.377823 
26 0.224483 0.431579 0.439708 
27 0.299348 0.514812 0.499796 
28 0.394291 0.625016 0.554483 
29 0.499665 0.753461 0.601253 
30 0.606743 0.892036 0.639372 
31 0.711678 1.03931 0.668941 
32 0.814981 1.20248 0.689486 
33 0.918241 1.39616 0.699258 
34 1.01948 1.63782 0.695847 
35 1.1083 1.93585 0.67861 
36 1.1657 2.2727 0.651893 
37 1.17412 2.60231 0.624596 
38 1.13037 2.87698 0.603653 
39 1.04511 3.07559 0.588219 
40 0.931658 3.20194 0.570613 
41 0.798813 3.26692 0.540542 
42 0.651262 3.27717 0.488387 
43 0.492945 3.23415 0.407576 
44 0.329682 3.13853 0.296835 
45 0.16951 2.99505 0.161468 
46 0.020734 2.81416 0.0120916 
47 -0.110662 2.60908 -0.139043 
48 -0.22212 2.39096 -0.281632 
49 -0.313494 2.16567 -0.40837 
50 -0.385054 1.93407 -0.513436 
51 -0.436099 1.69519 -0.590427 
52 -0.465337 1.45055 -0.632266 
53 -0.473003 1.2071 -0.634401 
54 -0.462937 0.975634 -0.599141 
55 -0.442144 0.765235 -0.536301 
56 -0.417909 0.578828 -0.458655 
57 -0.395241 0.41331 -0.37653 
58 -0.376405 0.262527 -0.29558 
59 -0.361843 0.119782 -0.217524 
60 -0.351184 -0.0212826 -0.141768 
61 -0.343673 -0.166746 -0.0668432 
62 -0.337761 -0.322086 0.00829289 
63 -0.329797 -0.489902 0.0824652 
64 -0.312262 -0.664567 0.149884 
65 -0.273722 -0.826343 0.199009 
66 -0.203518 -0.944055 0.216564 
67 -0.0994601 -0.99216 0.196529 
68 0.030004 -0.967614 0.14509 
69 0.171821 -0.887821 0.0760117 
70 0.314456 -0.776559 0.00363861 
71 0.448258 -0.654879 -0.0590287 
72 0.561331 -0.54087 -0.0976648 
73 0.634264 -0.453129 -0.0935346 
74 0.639211 -0.411136 -0.0260591 
75 0.552965 -0.425926 0.112423 
76 0.382941 -0.485069 0.297979 
77 0.173172 -0.554965 0.482884 
78 -0.0283174 -0.606096 0.630589 
79 -0.1982 -0.629336 0.732955 
80 -0.334404 -0.630999 0.798327 
81 -0.439714 -0.62413 0.835131 
82 -0.509125 -0.626176 0.842209 
83 -0.524876 -0.658459 0.80519 
84 -0.468423 -0.734926 0.705619 
85 -0.352738 -0.839037 0.548711 
86 -0.22865 -0.926494 0.37387 
87 -0.13864 -0.96312 0.219332 
88 -0.0889257 -0.937556 0.0966251 
89 -0.062797 -0.842636 0.00159854 
90 -0.0371073 -0.669922 -0.0683051 
91 0.00353108 -0.442021 -0.108425 
92 0.0511659 -0.233895 -0.118507 
93 0.0868194 -0.10026 -0.111793 
94 0.105566 -0.029375 -0.101478 
95 0.113173 0.00996119 -0.0922856 
96 0.115408 0.0370467 -0.0844472 
97 0.115429 0.0599922 -0.0773531 
98 0.114619 0.0816574 -0.0705737 
99 0.113517 0.102953 -0.0639074 
100 0.112317 0.12415 -0.0572764 
