4,95
1 -0.0274567 -0.0331653 -0.0617321 
2 0.329406 -0.0280237 0.710899 
3 0.686355 -0.0229504 1.4837 
4 1.04346 -0.0180114 2.25683 
5 1.4009 -0.0133515 3.03061 
6 1.75905 -0.00930595 3.80582 
7 2.11915 -0.00670148 4.58506 
8 2.48547 -0.00754056 5.378 
9 2.86491 -0.0141995 6.20291 
10 3.2076 -0.0123341 6.95902 
11 3.35894 0.0358516 7.29664 
12 3.39198 0.105139 7.35396 
13 3.43171 0.165081 7.41258 
14 3.49001 0.216027 7.50586 
15 3.5552 0.268965 7.6105 
16 3.59867 0.365079 7.67229 
17 3.57397 0.569174 7.61319 
18 3.50504 0.834043 7.48493 
19 3.43961 1.08868 7.36879 
20 3.38 1.33396 7.26429 
21 3.32135 1.57877 7.16187 
22 3.26181 1.82661 7.05851 
23 3.20011 2.0801 6.95293 
24 3.13417 2.34296 6.84363 
25 3.06022 2.62095 6.72829 
26 2.97158 2.92246 6.60355 
27 2.85729 3.25835 6.46497 
28 2.70139 3.63961 6.308 
29 2.48533 4.07068 6.13058 
30 2.19643 4.53903 5.93731 
31 1.84054 5.00891 5.74208 
32 1.44693 5.43233 5.56386 
33 1.05477 5.77446 5.41662 
34 0.692127 6.0293 5.30284 
35 0.367272 6.21331 5.21583 
36 0.0740674 6.34981 5.14584 
37 -0.19911 6.45872 5.08414 
38 -0.463456 6.5535 5.02432 
39 -0.726777 6.6415 4.96232 
40 -0.991586 6.72488 4.89637 
41 -1.25335 6.80126 4.82745 
42 -1.49981 6.86467 4.7596 
43 -1.71377 6.90781 4.6993 
44 -1.8801 6.92574 4.65313 
45 -1.99306 6.91865 4.62475 
46 -2.05815 6.89163 4.61361 
47 -2.08771 6.85187 4.61603 
48 -2.09485 6.80597 4.6273 
49 -2.0899 6.75871 4.64318 
50 -2.07981 6.71326 4.66035 
51 -2.06894 6.67181 4.67623 
52 -2.06028 6.63605 4.68877 
53 -2.05639 6.60731 4.69626 
54 -2.05994 6.58612 4.69766 
55 -2.07355 6.57122 4.69332 
56 -2.09897 6.55845 4.68592 
57 -2.13574 6.54066 4.6807 
58 -2.18044 6.50962 4.68414 
59 -2.22775 6.45944 4.70134 
60 -2.27262 6.38873 4.73407 
61 -2.31205 6.29992 4.78102 
62 -2.34532 6.19697 4.8394 
63 -2.37324 6.08323 4.90658 
64 -2.39726 5.9603 4.98101 
65 -2.41888 5.82761 5.06245 
66 -2.43928 5.68233 5.15195 
67 -2.45911 5.51959 5.25149 
68 -2.47822 5.33336 5.36325 
69 -2.49543 5.11877 5.48823 
70 -2.50871 4.87562 5.62455 
71 -2.51589 4.61095 5.76674 
72 -2.51572 4.33773 5.90728 
73 -2.50852 4.06961 6.03964 
74 -2.49583 3.81568 6.16054 
75 -2.47956 3.57899 6.26998 
76 -2.46139 3.3582 6.36985 
77 -2.44261 3.14985 6.46258 
78 -2.42439 2.94985 6.55028 
79 -2.40818 2.75397 6.6345 
80 -2.3964 2.55755 6.71598 
81 -2.39283 2.35565 6.79447 
82 -2.40186 2.14494 6.86825 
83 -2.42423 1.92991 6.93398 
84 -2.44946 1.73038 6.98854 
85 -2.45504 1.5759 7.03292 
86 -2.42264 1.48143 7.07318 
87 -2.35239 1.43596 7.11562 
88 -2.25636 1.41821 7.16284 
89 -2.14646 1.4121 7.21453 
90 -2.03015 1.40936 7.26947 
91 -1.91119 1.40667 7.32654 
92 -1.79128 1.40299 7.38495 
93 -1.67115 1.39818 7.44421 
94 -1.55108 1.39236 7.50402 
95 -1.43116 1.38571 7.56417 
