4,100
1 -2.61992 -6.60807 4.49779 
2 -2.33278 -5.90383 4.00534 
3 -2.04529 -5.19878 3.51224 
4 -1.75682 -4.49152 3.01738 
5 -1.46562 -3.77819 2.51765 
6 -1.16738 -3.04924 2.00537 
7 -0.853998 -2.28666 1.46605 
8 -0.523149 -1.48517 0.895409 
9 -0.224716 -0.754433 0.381719 
10 -0.0613301 -0.32097 0.107254 
11 -0.0187882 -0.154604 0.0474273 
12 -0.00739774 -0.0590383 0.043517 
13 0.00914955 0.043192 0.0317702 
14 0.0345569 0.15476 0.00732212 
15 0.0663111 0.260325 -0.0220022 
16 0.0992383 0.337686 -0.0427821 
17 0.124679 0.369759 -0.0391275 
18 0.136748 0.365428 -0.00718529 
19 0.13825 0.350186 0.0412117 
20 0.135269 0.338727 0.0944318 
21 0.131818 0.332917 0.148305 
22 0.130329 0.331585 0.20277 
23 0.133607 0.33549 0.258759 
24 0.146127 0.348562 0.317078 
25 0.174261 0.377835 0.377823 
26 0.224483 0.431579 0.439708 
27 0.299348 0.514812 0.499796 
28 0.394291 0.625016 0.554483 
29 0.499665 0.753461 0.601253 
30 0.606743 0.892036 0.639372 
31 0.711678 1.03931 0.668941 
32 0.814981 1.20248 0.689486 
33 0.918241 1.39616 0.699258 
34 1.01948 1.63782 0.695847 
35 1.1083 1.93585 0.67861 
36 1.1657 2.2727 0.651893 
37 1.17412 2.60231 0.624596 
38 1.13037 2.87698 0.603653 
39 1.04511 3.07559 0.588219 
40 0.931659 3.20194 0.570613 
41 0.798813 3.26692 0.540542 
42 0.651262 3.27717 0.488387 
43 0.492944 3.23415 0.407576 
44 0.329682 3.13853 0.296835 
45 0.16951 2.99505 0.161468 
46 0.0207339 2.81416 0.0120912 
47 -0.110662 2.60908 -0.139044 
48 -0.22212 2.39096 -0.281633 
49 -0.313494 2.16567 -0.40837 
50 -0.385054 1.93407 -0.513436 
51 -0.436099 1.69518 -0.590427 
52 -0.465337 1.45055 -0.632266 
53 -0.473003 1.2071 -0.6344 
54 -0.462936 0.975632 -0.59914 
55 -0.442144 0.765232 -0.5363 
56 -0.417909 0.578826 -0.458654 
57 -0.395241 0.413307 -0.376528 
58 -0.376405 0.262524 -0.295579 
59 -0.361843 0.119779 -0.217522 
60 -0.351184 -0.0212855 -0.141767 
61 -0.343672 -0.166749 -0.0668415 
62 -0.337761 -0.322088 0.0082946 
63 -0.329797 -0.489904 0.082467 
64 -0.312263 -0.66457 0.149886 
65 -0.273722 -0.826346 0.19901 
66 -0.203518 -0.944057 0.216566 
67 -0.0994605 -0.992162 0.19653 
68 0.0300037 -0.967616 0.145091 
69 0.171821 -0.887822 0.0760121 
70 0.314456 -0.77656 0.00363871 
71 0.448258 -0.65488 -0.0590288 
72 0.561331 -0.54087 -0.0976651 
73 0.634265 -0.45313 -0.093535 
74 0.639211 -0.411136 -0.0260598 
75 0.552965 -0.425926 0.112422 
76 0.382942 -0.485068 0.297978 
77 0.173173 -0.554964 0.482883 
78 -0.0283163 -0.606095 0.630589 
79 -0.198199 -0.629335 0.732954 
80 -0.334403 -0.630998 0.798326 
81 -0.439713 -0.62413 0.83513 
82 -0.509125 -0.626176 0.842209 
83 -0.524875 -0.658459 0.805189 
84 -0.468422 -0.734926 0.705619 
85 -0.352738 -0.839037 0.548711 
86 -0.22865 -0.926494 0.37387 
87 -0.13864 -0.96312 0.219332 
88 -0.0889256 -0.937556 0.096625 
89 -0.0627968 -0.842636 0.00159839 
90 -0.0371072 -0.669922 -0.0683052 
91 0.00353111 -0.442021 -0.108425 
92 0.0511659 -0.233895 -0.118507 
93 0.0868194 -0.10026 -0.111793 
94 0.105566 -0.0293748 -0.101478 
95 0.113173 0.0099613 -0.0922857 
96 0.115408 0.0370468 -0.0844472 
97 0.115429 0.0599923 -0.0773532 
98 0.114619 0.0816574 -0.0705738 
99 0.113517 0.102953 -0.0639075 
100 0.112317 0.124149 -0.0572764 
