3,3,95
0.0723787 -0.0257315 -0.00571453 
-0.0257315 0.0348737 0.00828496 
-0.00571441 0.00828493 0.0340612 
0.0723748 -0.0257301 -0.00571422 
-0.0257301 0.0348718 0.00828452 
-0.0057141 0.00828449 0.0340593 
0.0723661 -0.025727 -0.00571353 
-0.025727 0.0348677 0.00828352 
-0.00571342 0.00828349 0.0340552 
0.0723447 -0.0257194 -0.00571184 
-0.0257194 0.0348574 0.00828107 
-0.00571172 0.00828104 0.0340452 
0.0722807 -0.0256967 -0.00570677 
-0.0256967 0.0348266 0.00827373 
-0.00570665 0.0082737 0.034015 
0.0719996 -0.0255969 -0.00568446 
-0.0255969 0.0346918 0.00824144 
-0.00568434 0.00824141 0.0338829 
0.0702673 -0.0249822 -0.00554589 
-0.0249822 0.0338639 0.0080418 
-0.00554577 0.00804178 0.0330699 
0.060138 -0.0213787 -0.00469226 
-0.0213787 0.02911 0.00685224 
-0.00469217 0.00685221 0.0284175 
0.0297772 -0.0103754 -0.00137333 
-0.0103754 0.0162912 0.00291011 
-0.00137328 0.0029101 0.0163085 
0.00846243 -0.00195872 0.00340717 
-0.00195872 0.0118208 -0.00106035 
0.00340718 -0.00106035 0.0137732 
0.00616082 -0.000606853 0.00575007 
-0.000606853 0.0148667 -0.00240635 
0.00575007 -0.00240635 0.0178522 
0.0064394 -0.000959181 0.00629146 
-0.000959181 0.0169083 -0.0027678 
0.00629146 -0.0027678 0.0188193 
0.00732658 -0.00309627 0.00641926 
-0.00309627 0.0216458 -0.00329514 
0.00641926 -0.00329514 0.0172796 
0.0136827 -0.0134173 0.00901463 
-0.0134173 0.0492046 -0.00661875 
0.00901463 -0.00661875 0.0162037 
0.0376167 -0.045591 0.021384 
-0.045591 0.145261 -0.0187212 
0.021384 -0.0187212 0.0262125 
0.0647331 -0.0798211 0.0362644 
-0.0798211 0.251539 -0.0322984 
0.0362644 -0.0322984 0.0422289 
0.0738866 -0.0911647 0.0413673 
-0.0911647 0.287168 -0.0368677 
0.0413673 -0.0368677 0.0480744 
0.074917 -0.0924289 0.0419375 
-0.0924289 0.29115 -0.0373777 
0.0419375 -0.0373777 0.0487381 
0.0741972 -0.0915138 0.0415144 
-0.0915138 0.288276 -0.0370048 
0.0415144 -0.0370048 0.0482561 
0.0726933 -0.089572 0.0406082 
-0.089572 0.282185 -0.0362107 
0.0406082 -0.0362107 0.047234 
0.070184 -0.0862042 0.039001 
-0.0862042 0.271656 -0.0348208 
0.039001 -0.0348208 0.0454637 
0.0663482 -0.0806409 0.0362347 
-0.0806409 0.254376 -0.0324853 
0.0362347 -0.0324853 0.0425473 
0.0613931 -0.0721277 0.0316727 
-0.0721277 0.228264 -0.0287952 
0.0316727 -0.0287952 0.0381077 
0.0572544 -0.060736 0.0246726 
-0.060736 0.194226 -0.0235403 
0.0246726 -0.0235403 0.0322301 
0.0588714 -0.0486204 0.0150642 
-0.0486204 0.160206 -0.017186 
0.0150642 -0.017186 0.0261321 
0.0726418 -0.0400771 0.00374881 
-0.0400771 0.140792 -0.0110986 
0.0037488 -0.0110986 0.0221528 
0.100134 -0.0384247 -0.00736495 
-0.0384247 0.146033 -0.00676275 
-0.00736495 -0.00676275 0.0220138 
0.134175 -0.0426497 -0.016453 
-0.0426497 0.170435 -0.00457685 
-0.016453 -0.00457686 0.0250193 
0.164563 -0.0488445 -0.02276 
-0.0488445 0.199138 -0.0038554 
-0.02276 -0.00385541 0.0289303 
0.185282 -0.0538346 -0.0264841 
-0.0538346 0.22089 -0.00375418 
-0.0264841 -0.00375419 0.0319854 
0.194806 -0.0562357 -0.0280902 
-0.0562357 0.231158 -0.00377094 
-0.0280902 -0.00377096 0.0334459 
0.19285 -0.0555025 -0.0278059 
-0.0555025 0.22817 -0.00369113 
-0.0278059 -0.00369114 0.033033 
0.178707 -0.0511258 -0.025481 
-0.0511258 0.209814 -0.0034404 
-0.025481 -0.00344041 0.0304887 
0.153332 -0.0429023 -0.0208258 
-0.0429023 0.174717 -0.00306169 
-0.0208258 -0.0030617 0.0257853 
0.124451 -0.0322137 -0.0140697 
-0.0322137 0.127417 -0.00279168 
-0.0140697 -0.00279168 0.0199182 
0.106807 -0.0225364 -0.00651786 
-0.0225364 0.0811448 -0.00299839 
-0.00651786 -0.00299839 0.0151147 
0.109784 -0.0169534 5.50826e-05 
-0.0169534 0.0491215 -0.00381438 
5.50831e-05 -0.00381438 0.0131299 
0.127825 -0.0154692 0.0047082 
-0.0154692 0.0336221 -0.00494482 
0.0047082 -0.00494482 0.0136334 
0.149069 -0.0161157 0.00758373 
-0.0161157 0.0285867 -0.00599362 
0.00758373 -0.00599362 0.0151538 
0.166062 -0.0172379 0.00922567 
-0.0172379 0.0278994 -0.00676114 
0.00922567 -0.00676114 0.0166044 
0.176298 -0.0180506 0.0100653 
-0.0180506 0.0282442 -0.00720698 
0.0100653 -0.00720698 0.0175319 
0.177998 -0.0181343 0.0102533 
-0.0181343 0.0280571 -0.00728351 
0.0102533 -0.00728351 0.0176744 
0.166197 -0.0168631 0.00959118 
-0.0168631 0.0261308 -0.00677977 
0.00959119 -0.00677977 0.0165442 
0.132921 -0.0132223 0.00759826 
-0.0132223 0.0214133 -0.00527157 
0.00759826 -0.00527157 0.0135577 
0.0808024 -0.00694413 0.00427283 
-0.00694413 0.0153959 -0.0025579 
0.00427283 -0.0025579 0.00964448 
0.0360811 -0.000279833 0.00100843 
-0.000279833 0.0130476 0.000529214 
0.00100843 0.000529214 0.00793283 
0.015999 0.0041921 -0.000930004 
0.0041921 0.0152348 0.00279252 
-0.000930004 0.00279252 0.00906691 
0.0109082 0.00638008 -0.00175862 
0.00638008 0.0181027 0.00399229 
-0.00175862 0.00399229 0.0107116 
0.0100713 0.00719939 -0.00204595 
0.00719939 0.019609 0.00446886 
-0.00204595 0.00446886 0.0115818 
0.00966064 0.00719499 -0.00207931 
0.00719499 0.0195995 0.00449636 
-0.00207931 0.00449636 0.0115299 
0.00872262 0.00647328 -0.00199164 
0.00647328 0.0184244 0.00423638 
-0.00199164 0.00423638 0.0106214 
0.00728349 0.00505422 -0.00206578 
0.00505422 0.0179133 0.00413467 
-0.00206578 0.00413467 0.00943816 
0.00661185 0.00351568 -0.0030496 
0.00351568 0.0236482 0.00548648 
-0.0030496 0.00548648 0.010213 
0.00829021 0.00291481 -0.00542645 
0.00291481 0.0398294 0.00922268 
-0.00542645 0.00922268 0.0151186 
0.0112133 0.00321111 -0.00803417 
0.00321111 0.0586077 0.0134184 
-0.00803417 0.0134184 0.0216866 
0.0131653 0.00347616 -0.00948579 
0.00347616 0.0700905 0.0156244 
-0.00948579 0.0156244 0.0262216 
0.0136469 0.00322041 -0.00959428 
0.00322041 0.0734763 0.0153335 
-0.00959428 0.0153335 0.0285288 
0.013142 0.00221859 -0.00859441 
0.00221859 0.0723886 0.0125642 
-0.00859441 0.0125642 0.03069 
0.0123447 -1.8978e-05 -0.00652328 
-1.8978e-05 0.0718433 0.00652552 
-0.00652328 0.00652552 0.0365068 
0.0124048 -0.00444245 -0.00329702 
-0.00444245 0.0802716 -0.00453758 
-0.00329702 -0.00453758 0.0528291 
0.0149511 -0.0119076 0.000839089 
-0.0119076 0.108686 -0.0218759 
0.000839089 -0.0218759 0.0875547 
0.0203464 -0.0214032 0.00491087 
-0.0214032 0.157268 -0.0426789 
0.00491087 -0.0426789 0.137965 
0.0260325 -0.029513 0.00769055 
-0.029513 0.204753 -0.0595956 
0.00769055 -0.0595956 0.183866 
0.0291455 -0.0336402 0.0087001 
-0.0336402 0.229558 -0.0674595 
0.0087001 -0.0674595 0.207109 
0.0293018 -0.0340648 0.00824592 
-0.0340648 0.229738 -0.0669531 
0.00824592 -0.0669531 0.207312 
0.0276111 -0.0323783 0.00676669 
-0.0323783 0.214332 -0.0611601 
0.00676669 -0.06116 0.193175 
0.025192 -0.0299792 0.0045099 
-0.0299792 0.191983 -0.0525787 
0.0045099 -0.0525787 0.1726 
0.0228293 -0.0278268 0.00157022 
-0.0278268 0.168576 -0.0427703 
0.00157022 -0.0427703 0.150886 
0.0210644 -0.0265759 -0.00198877 
-0.0265759 0.148167 -0.0328019 
-0.00198877 -0.0328019 0.131673 
0.0202396 -0.0266189 -0.00604869 
-0.0266189 0.133485 -0.0234986 
-0.00604869 -0.0234986 0.117431 
0.0204681 -0.0280427 -0.0104067 
-0.0280427 0.125786 -0.0154505 
-0.0104067 -0.0154505 0.109337 
0.0216174 -0.0306118 -0.0147899 
-0.0306118 0.124697 -0.00895609 
-0.0147899 -0.00895609 0.107134 
0.0233426 -0.0338129 -0.0188789 
-0.0338129 0.128414 -0.00403501 
-0.0188789 -0.00403501 0.109291 
0.025128 -0.0368853 -0.0222893 
-0.0368853 0.134075 -0.000540437 
-0.0222893 -0.000540435 0.11328 
0.0262986 -0.0387208 -0.0244853 
-0.0387208 0.138214 0.00162778 
-0.0244853 0.00162778 0.115681 
0.0261477 -0.0376226 -0.0247312 
-0.0376226 0.138579 0.00210437 
-0.0247312 0.00210437 0.112415 
0.0246691 -0.0312788 -0.0224717 
-0.0312788 0.140704 -0.00075607 
-0.0224717 -0.000756069 0.100787 
0.0239 -0.0178824 -0.0184081 
-0.0178824 0.166967 -0.0103445 
-0.0184081 -0.0103445 0.0843049 
0.0272371 0.00137151 -0.0148396 
0.00137151 0.244187 -0.0290387 
-0.0148396 -0.0290387 0.0733127 
0.0351414 0.0214742 -0.0134639 
0.0214742 0.363299 -0.0530937 
-0.0134639 -0.0530937 0.0739581 
0.0438131 0.0369422 -0.0135938 
0.0369422 0.475224 -0.073871 
-0.0135938 -0.073871 0.0809702 
0.0493272 0.0450305 -0.0133743 
0.0450305 0.533526 -0.0843588 
-0.0133743 -0.0843588 0.0852325 
0.0507424 0.0456908 -0.0111415 
0.0456908 0.517452 -0.0816292 
-0.0111415 -0.0816292 0.0813006 
0.0508989 0.0408833 -0.00549932 
0.0408833 0.431121 -0.0661319 
-0.00549932 -0.0661319 0.0688304 
0.056309 0.0347978 0.00457338 
0.0347978 0.30554 -0.0421337 
0.00457338 -0.0421337 0.0526185 
0.0732442 0.0325761 0.0186308 
0.0325761 0.191938 -0.0175321 
0.0186308 -0.0175321 0.0405308 
0.100223 0.0361394 0.033871 
0.0361394 0.126586 0.000702796 
0.033871 0.000702796 0.0370382 
0.128069 0.0426876 0.0467409 
0.0426876 0.105528 0.0111058 
0.0467409 0.0111058 0.0397253 
0.149209 0.0486434 0.0555348 
0.0486434 0.105406 0.0161238 
0.0555348 0.0161238 0.043912 
0.16226 0.052609 0.0606777 
0.052609 0.109979 0.0183776 
0.0606777 0.0183776 0.0471251 
0.16932 0.0548294 0.063386 
0.0548294 0.113659 0.0193782 
0.063386 0.0193782 0.0490262 
0.172834 0.0559522 0.0647166 
0.0559522 0.115774 0.0198246 
0.0647166 0.0198246 0.0500109 
0.17449 0.0564849 0.0653394 
0.0564849 0.116833 0.0200235 
0.0653394 0.0200235 0.0504831 
0.175239 0.0567268 0.0656205 
0.0567268 0.117325 0.0201113 
0.0656205 0.0201113 0.0506984 
0.175567 0.056833 0.0657436 
0.056833 0.117543 0.0201493 
0.0657435 0.0201493 0.0507932 
