4,95
1 3.41208 -0.159938 7.35919 
2 3.04245 -0.0990516 6.56958 
3 2.67276 -0.038168 5.77982 
4 2.30295 0.0227108 4.9897 
5 1.93281 0.0835733 4.19862 
6 1.5614 0.144307 3.40407 
7 1.1842 0.203851 2.59445 
8 0.789553 0.255089 1.73769 
9 0.411605 0.277169 0.896132 
10 0.198483 0.284674 0.410875 
11 0.102762 0.322588 0.200031 
12 0.0185638 0.385516 0.014407 
13 -0.0628426 0.472259 -0.186275 
14 -0.11746 0.605745 -0.373606 
15 -0.121021 0.798318 -0.477336 
16 -0.116881 0.973208 -0.491201 
17 -0.145996 1.09264 -0.500074 
18 -0.192516 1.1926 -0.523087 
19 -0.245338 1.29247 -0.552146 
20 -0.304049 1.39769 -0.584866 
21 -0.372311 1.51099 -0.62213 
22 -0.456508 1.63441 -0.665532 
23 -0.565685 1.76745 -0.716118 
24 -0.709629 1.90298 -0.772446 
25 -0.892646 2.02267 -0.827958 
26 -1.10446 2.09863 -0.870378 
27 -1.31852 2.10744 -0.886996 
28 -1.50598 2.04636 -0.872972 
29 -1.65244 1.93209 -0.833256 
30 -1.75944 1.78488 -0.776784 
31 -1.83457 1.61632 -0.710728 
32 -1.88192 1.42701 -0.638752 
33 -1.89672 1.20993 -0.561926 
34 -1.86413 0.958408 -0.480701 
35 -1.76613 0.679203 -0.397306 
36 -1.59911 0.402246 -0.316961 
37 -1.38665 0.168329 -0.245507 
38 -1.16607 0.000677194 -0.185302 
39 -0.963715 -0.105082 -0.134558 
40 -0.787171 -0.167088 -0.0899232 
41 -0.632463 -0.202705 -0.0486539 
42 -0.491711 -0.223286 -0.00954777 
43 -0.357284 -0.234078 0.0258566 
44 -0.22633 -0.234961 0.0505552 
45 -0.10887 -0.222898 0.0519211 
46 -0.02493 -0.199417 0.0252907 
47 0.0217051 -0.173104 -0.0141129 
48 0.0475175 -0.149308 -0.0492632 
49 0.0666033 -0.126032 -0.0747503 
50 0.0829725 -0.097673 -0.0900232 
51 0.0927712 -0.0580604 -0.0918854 
52 0.0847308 -0.00613063 -0.0718349 
53 0.0442013 0.041113 -0.0218818 
54 -0.0289233 0.0474632 0.0489093 
55 -0.111554 -0.00586959 0.11506 
56 -0.182985 -0.102264 0.162127 
57 -0.23923 -0.219515 0.193128 
58 -0.28267 -0.347335 0.216045 
59 -0.313011 -0.483367 0.238214 
60 -0.325028 -0.625507 0.267204 
61 -0.311473 -0.765469 0.311189 
62 -0.271545 -0.888219 0.374363 
63 -0.216162 -0.982594 0.451383 
64 -0.15916 -1.05043 0.531131 
65 -0.106956 -1.1004 0.604945 
66 -0.0596258 -1.13874 0.66816 
67 -0.0161174 -1.16736 0.717449 
68 0.0232092 -1.1858 0.749307 
69 0.0565085 -1.19321 0.760374 
70 0.0813218 -1.18947 0.748471 
71 0.0955672 -1.17566 0.713408 
72 0.0982663 -1.15398 0.657035 
73 0.0898755 -1.12747 0.582526 
74 0.0723158 -1.09971 0.493428 
75 0.0489438 -1.07469 0.393468 
76 0.0245468 -1.05632 0.288453 
77 0.00480057 -1.04639 0.19066 
78 -0.00593666 -1.04055 0.121192 
79 -0.00758206 -1.02637 0.100609 
80 -0.00318067 -0.989426 0.131561 
81 0.00717141 -0.921245 0.196706 
82 0.0303057 -0.818808 0.273305 
83 0.0786427 -0.68033 0.342686 
84 0.164662 -0.506555 0.389637 
85 0.290353 -0.309045 0.40156 
86 0.436083 -0.116423 0.373893 
87 0.565497 0.0366078 0.316282 
88 0.650069 0.132343 0.247399 
89 0.685109 0.177123 0.182156 
90 0.6823 0.188175 0.12617 
91 0.656054 0.180775 0.0788283 
92 0.617018 0.164461 0.0375482 
93 0.571527 0.144194 -5.64849e-05 
94 0.522946 0.122286 -0.035624 
95 0.472943 0.0997357 -0.0701323 
