4,100
1 -0.103595 -0.234419 0.166632 
2 -0.348485 -0.86487 0.587032 
3 -0.595497 -1.50045 1.01022 
4 -0.844509 -2.14083 1.4359 
5 -1.09563 -2.7862 1.86404 
6 -1.34912 -3.43707 2.29465 
7 -1.60521 -4.09378 2.72739 
8 -1.86359 -4.75514 3.16062 
9 -2.12201 -5.41486 3.58894 
10 -2.37303 -6.05334 3.99812 
11 -2.59826 -6.62366 4.35701 
12 -2.76484 -7.04378 4.61531 
13 -2.83981 -7.23422 4.73039 
14 -2.82532 -7.20528 4.71955 
15 -2.76485 -7.06837 4.65766 
16 -2.7012 -6.92938 4.60754 
17 -2.65093 -6.82712 4.5875 
18 -2.61326 -6.75781 4.59114 
19 -2.58323 -6.70809 4.60824 
20 -2.55698 -6.66786 4.63183 
21 -2.53237 -6.63155 4.6584 
22 -2.5084 -6.59647 4.68661 
23 -2.48458 -6.56121 4.71628 
24 -2.46054 -6.52458 4.74801 
25 -2.43575 -6.48493 4.78304 
26 -2.40921 -6.43948 4.8234 
27 -2.37914 -6.38367 4.87208 
28 -2.34263 -6.31051 4.93309 
29 -2.29537 -6.21034 5.01116 
30 -2.23192 -6.07185 5.11065 
31 -2.1468 -5.88492 5.23365 
32 -2.03655 -5.64513 5.37789 
33 -1.90167 -5.35732 5.53603 
34 -1.74703 -5.0351 5.69756 
35 -1.57998 -4.69561 5.85247 
36 -1.40748 -4.35273 5.99439 
37 -1.23402 -4.01265 6.12157 
38 -1.06104 -3.67261 6.23589 
39 -0.887629 -3.32149 6.34133 
40 -0.711705 -2.94115 6.44249 
41 -0.531754 -2.50871 6.54319 
42 -0.348871 -2.00195 6.64511 
43 -0.168697 -1.40912 6.74625 
44 -0.00165231 -0.740452 6.84055 
45 0.140116 -0.0320248 6.9196 
46 0.248023 0.666261 6.97645 
47 0.320554 1.31223 7.0085 
48 0.362304 1.88606 7.01752 
49 0.380221 2.39013 7.00733 
50 0.38017 2.84013 6.98135 
51 0.365209 3.25594 6.94127 
52 0.335278 3.65531 6.88682 
53 0.287854 4.04912 6.81655 
54 0.219738 4.4367 6.72965 
55 0.130196 4.80255 6.62867 
56 0.0242176 5.11975 6.52144 
57 -0.0873968 5.36336 6.4194 
58 -0.192683 5.52521 6.33245 
59 -0.284099 5.61648 6.26468 
60 -0.360245 5.6579 6.21467 
61 -0.423886 5.66876 6.17833 
62 -0.479324 5.6618 6.15163 
63 -0.530833 5.64287 6.13172 
64 -0.582057 5.61219 6.11724 
65 -0.635659 5.5656 6.10809 
66 -0.692593 5.49591 6.10501 
67 -0.750802 5.39575 6.10877 
68 -0.804141 5.26266 6.11897 
69 -0.8434 5.10415 6.13298 
70 -0.86031 4.93715 6.14646 
71 -0.85165 4.77975 6.15548 
72 -0.819638 4.64223 6.15855 
73 -0.769092 4.52466 6.15716 
74 -0.704787 4.41978 6.15535 
75 -0.630862 4.31697 6.15926 
76 -0.551803 4.20521 6.17671 
77 -0.473728 4.07589 6.21582 
78 -0.404448 3.92585 6.28218 
79 -0.351422 3.75928 6.37559 
80 -0.318754 3.58581 6.48952 
81 -0.305908 3.41568 6.61432 
82 -0.309249 3.25563 6.74165 
83 -0.324815 3.10814 6.86685 
84 -0.350438 2.97308 6.98878 
85 -0.386686 2.8498 7.10819 
86 -0.436748 2.73851 7.22576 
87 -0.504616 2.64038 7.33946 
88 -0.590388 2.5557 7.4423 
89 -0.684442 2.48068 7.52326 
90 -0.76844 2.40658 7.57444 
91 -0.826781 2.32448 7.59796 
92 -0.855862 2.23052 7.60363 
93 -0.861491 2.12584 7.60134 
94 -0.851736 2.01351 7.59721 
95 -0.832959 1.89635 7.59389 
96 -0.809194 1.77631 7.59213 
97 -0.782748 1.65462 7.59188 
98 -0.754878 1.53197 7.59285 
99 -0.726252 1.40877 7.59474 
100 -0.697227 1.28525 7.59728 
