4,95
1 3.41208 -0.159938 7.3592 
2 3.04245 -0.0990516 6.56958 
3 2.67276 -0.038168 5.77982 
4 2.30295 0.0227108 4.9897 
5 1.93281 0.0835733 4.19862 
6 1.5614 0.144307 3.40407 
7 1.1842 0.203851 2.59445 
8 0.789552 0.255089 1.73769 
9 0.411605 0.277169 0.896131 
10 0.198483 0.284674 0.410875 
11 0.102762 0.322588 0.200032 
12 0.0185639 0.385515 0.0144076 
13 -0.0628425 0.472259 -0.186275 
14 -0.11746 0.605745 -0.373606 
15 -0.121021 0.798318 -0.477336 
16 -0.116881 0.973208 -0.491201 
17 -0.145996 1.09264 -0.500074 
18 -0.192516 1.1926 -0.523087 
19 -0.245338 1.29247 -0.552146 
20 -0.304049 1.39769 -0.584866 
21 -0.372311 1.51099 -0.62213 
22 -0.456508 1.63441 -0.665533 
23 -0.565685 1.76745 -0.716118 
24 -0.709629 1.90298 -0.772446 
25 -0.892647 2.02267 -0.827958 
26 -1.10446 2.09863 -0.870378 
27 -1.31852 2.10744 -0.886996 
28 -1.50598 2.04636 -0.872972 
29 -1.65244 1.93209 -0.833256 
30 -1.75944 1.78488 -0.776784 
31 -1.83457 1.61632 -0.710728 
32 -1.88192 1.42701 -0.638751 
33 -1.89672 1.20993 -0.561926 
34 -1.86413 0.958409 -0.480701 
35 -1.76613 0.679204 -0.397305 
36 -1.59911 0.402247 -0.316961 
37 -1.38665 0.168329 -0.245507 
38 -1.16607 0.000677254 -0.185302 
39 -0.963715 -0.105082 -0.134558 
40 -0.787172 -0.167088 -0.0899233 
41 -0.632463 -0.202705 -0.0486541 
42 -0.491712 -0.223286 -0.00954795 
43 -0.357285 -0.234078 0.0258564 
44 -0.226331 -0.234961 0.0505551 
45 -0.108871 -0.222898 0.051921 
46 -0.0249303 -0.199417 0.0252906 
47 0.0217048 -0.173104 -0.014113 
48 0.047517 -0.149308 -0.0492634 
49 0.0666024 -0.126032 -0.0747504 
50 0.0829709 -0.0976734 -0.0900233 
51 0.0927686 -0.0580623 -0.0918855 
52 0.084727 -0.00613584 -0.0718349 
53 0.0441967 0.041103 -0.0218815 
54 -0.0289277 0.0474486 0.0489107 
55 -0.111557 -0.00588633 0.115064 
56 -0.182987 -0.102281 0.162135 
57 -0.239231 -0.21953 0.193141 
58 -0.282671 -0.347346 0.216064 
59 -0.313016 -0.483374 0.238239 
60 -0.325038 -0.625508 0.267235 
61 -0.311493 -0.765469 0.311223 
62 -0.271571 -0.888222 0.374396 
63 -0.216187 -0.982601 0.451414 
64 -0.159178 -1.05044 0.531157 
65 -0.10697 -1.1004 0.604961 
66 -0.0596388 -1.13873 0.668161 
67 -0.0161347 -1.16734 0.717429 
68 0.0231834 -1.18577 0.749265 
69 0.0564726 -1.19317 0.760314 
70 0.0812787 -1.18943 0.7484 
71 0.0955245 -1.17563 0.713336 
72 0.0982351 -1.15396 0.656971 
73 0.0898671 -1.12746 0.582472 
74 0.0723391 -1.0997 0.493378 
75 0.0490027 -1.07468 0.393403 
76 0.0246392 -1.0563 0.288349 
77 0.00491831 -1.04638 0.190504 
78 -0.00580984 -1.04056 0.121009 
79 -0.00747201 -1.02639 0.100461 
80 -0.00311469 -0.989452 0.131487 
81 0.00717834 -0.92127 0.1967 
82 0.030254 -0.818842 0.273341 
83 0.0785436 -0.680382 0.34274 
84 0.164538 -0.506621 0.389701 
85 0.290237 -0.309105 0.401624 
86 0.436012 -0.116452 0.373944 
87 0.565482 0.0366138 0.316309 
88 0.650091 0.132369 0.247403 
89 0.685143 0.17715 0.182146 
90 0.68233 0.188195 0.126157 
91 0.656076 0.180787 0.078817 
92 0.617033 0.164467 0.0375408 
93 0.571538 0.144196 -5.9867e-05 
94 0.522956 0.122285 -0.0356241 
95 0.472952 0.0997337 -0.0701298 
