4,95
1 -0.0274558 -0.0331653 -0.0617306 
2 0.329407 -0.0280238 0.710901 
3 0.686355 -0.0229505 1.4837 
4 1.04347 -0.0180115 2.25683 
5 1.4009 -0.0133518 3.03061 
6 1.75905 -0.00930646 3.80582 
7 2.11915 -0.00670242 4.58506 
8 2.48547 -0.00754245 5.378 
9 2.86491 -0.0142034 6.20291 
10 3.2076 -0.0123414 6.95902 
11 3.35895 0.0358425 7.29665 
12 3.39199 0.105132 7.35397 
13 3.43172 0.165077 7.41258 
14 3.49001 0.216023 7.50585 
15 3.55521 0.268954 7.61049 
16 3.5987 0.365046 7.67229 
17 3.57402 0.569119 7.61321 
18 3.50509 0.834002 7.48495 
19 3.43964 1.08867 7.36879 
20 3.38001 1.33398 7.26429 
21 3.32134 1.57881 7.16186 
22 3.26178 1.82668 7.05849 
23 3.20006 2.08019 6.95291 
24 3.13411 2.34307 6.8436 
25 3.06015 2.62108 6.72826 
26 2.9715 2.92259 6.60351 
27 2.85723 3.25845 6.46495 
28 2.70138 3.63964 6.30801 
29 2.48541 4.07062 6.13062 
30 2.19662 4.53888 5.93738 
31 1.84082 5.00872 5.74217 
32 1.44725 5.43218 5.56394 
33 1.05504 5.77437 5.41667 
34 0.692329 6.02928 5.30287 
35 0.36741 6.2133 5.21586 
36 0.0741722 6.34978 5.14588 
37 -0.199005 6.45865 5.0842 
38 -0.46332 6.55338 5.02441 
39 -0.726588 6.64132 4.96244 
40 -0.991338 6.72466 4.89652 
41 -1.25305 6.80103 4.82761 
42 -1.49952 6.86446 4.75975 
43 -1.71355 6.90768 4.69941 
44 -1.88001 6.9257 4.65317 
45 -1.99312 6.9187 4.62472 
46 -2.05834 6.89174 4.61352 
47 -2.08797 6.85201 4.6159 
48 -2.09512 6.8061 4.62716 
49 -2.09014 6.75882 4.64305 
50 -2.08 6.71336 4.66022 
51 -2.06906 6.6719 4.67612 
52 -2.06034 6.63614 4.68866 
53 -2.05641 6.60743 4.69613 
54 -2.05993 6.58628 4.6975 
55 -2.07355 6.57141 4.69314 
56 -2.09901 6.55865 4.68572 
57 -2.13581 6.5408 4.68053 
58 -2.18053 6.50964 4.68405 
59 -2.22782 6.45932 4.70135 
60 -2.27264 6.38847 4.73418 
61 -2.31201 6.29957 4.78121 
62 -2.34523 6.19658 4.83962 
63 -2.37312 6.08284 4.90681 
64 -2.39712 5.95995 4.98122 
65 -2.41873 5.82733 5.06262 
66 -2.43914 5.68214 5.15207 
67 -2.45899 5.51949 5.25156 
68 -2.47812 5.33335 5.36329 
69 -2.49536 5.11884 5.48824 
70 -2.50867 4.87573 5.62456 
71 -2.51587 4.61105 5.76677 
72 -2.51572 4.33781 5.90734 
73 -2.50854 4.06966 6.03972 
74 -2.49586 3.8157 6.16062 
75 -2.4796 3.579 6.27005 
76 -2.46144 3.35821 6.3699 
77 -2.44268 3.14986 6.4626 
78 -2.42447 2.94989 6.55028 
79 -2.40827 2.75402 6.63447 
80 -2.3965 2.55763 6.71592 
81 -2.39293 2.35574 6.79439 
82 -2.40194 2.14504 6.86815 
83 -2.42429 1.92998 6.93389 
84 -2.44948 1.7304 6.98848 
85 -2.45503 1.57584 7.0329 
86 -2.4226 1.48132 7.0732 
87 -2.35232 1.43584 7.11567 
88 -2.25628 1.4181 7.16289 
89 -2.14639 1.41201 7.21458 
90 -2.03009 1.4093 7.26951 
91 -1.91115 1.40665 7.32656 
92 -1.79126 1.403 7.38496 
93 -1.67116 1.39822 7.4442 
94 -1.55111 1.39244 7.50398 
95 -1.43123 1.38583 7.56411 
