4,75
1 -0.0450053 -0.0262583 -0.000739262 
2 -0.99423 0.198727 -0.0919446 
3 -1.95282 0.42458 -0.184037 
4 -2.92141 0.651303 -0.277309 
5 -3.90247 0.879019 -0.372434 
6 -4.89992 1.10785 -0.470764 
7 -5.91658 1.33751 -0.574871 
8 -6.94345 1.56588 -0.689222 
9 -7.927 1.7854 -0.819501 
10 -8.71679 1.97867 -0.965792 
11 -9.1139 2.12719 -1.10953 
12 -9.12573 2.23856 -1.22286 
13 -8.9872 2.34085 -1.30183 
14 -8.8615 2.44924 -1.36171 
15 -8.77625 2.56398 -1.4146 
16 -8.7153 2.68201 -1.46552 
17 -8.66441 2.80131 -1.51598 
18 -8.61691 2.92102 -1.56636 
19 -8.57039 3.04085 -1.61675 
20 -8.52417 3.16073 -1.66723 
21 -8.47821 3.28067 -1.71798 
22 -8.43279 3.4008 -1.76945 
23 -8.38877 3.5215 -1.82271 
24 -8.34807 3.64385 -1.87989 
25 -8.31446 3.77061 -1.94443 
26 -8.29374 3.90829 -2.01926 
27 -8.29069 4.06968 -2.09863 
28 -8.2976 4.27275 -2.1497 
29 -8.2784 4.52652 -2.10066 
30 -8.17974 4.80939 -1.88334 
31 -7.98011 5.07922 -1.50675 
32 -7.7053 5.31109 -1.04245 
33 -7.39189 5.50654 -0.551747 
34 -7.06188 5.67699 -0.0600339 
35 -6.72231 5.83212 0.431301 
36 -6.3706 5.97678 0.932591 
37 -5.99733 6.11003 1.46121 
38 -5.58714 6.22276 2.03918 
39 -5.12386 6.29346 2.68305 
40 -4.60891 6.28986 3.37454 
41 -4.08796 6.19185 4.02862 
42 -3.63765 6.02444 4.53302 
43 -3.29868 5.84286 4.85134 
44 -3.05228 5.68223 5.03588 
45 -2.86092 5.54514 5.15408 
46 -2.69899 5.42025 5.24778 
47 -2.55589 5.29606 5.33557 
48 -2.43068 5.16516 5.42362 
49 -2.3276 5.02522 5.51214 
50 -2.25289 4.88037 5.59757 
51 -2.21124 4.74273 5.6733 
52 -2.20126 4.63179 5.73096 
53 -2.21241 4.56846 5.76369 
54 -2.22725 4.56544 5.76985 
55 -2.2287 4.62122 5.75406 
56 -2.20673 4.7229 5.72448 
57 -2.15965 4.85375 5.68911 
58 -2.0917 4.99884 5.6537 
59 -2.01017 5.14644 5.62162 
60 -1.92388 5.28713 5.59438 
61 -1.84233 5.41299 5.57207 
62 -1.77456 5.51783 5.5537 
63 -1.72747 5.59832 5.5375 
64 -1.70428 5.65476 5.52144 
65 -1.70425 5.69069 5.50374 
66 -1.72373 5.71143 5.48329 
67 -1.75784 5.72244 5.45965 
68 -1.80185 5.7282 5.43291 
69 -1.85198 5.73189 5.40346 
70 -1.90549 5.73547 5.37178 
71 -1.96061 5.73999 5.33835 
72 -2.01626 5.74592 5.30356 
73 -2.07183 5.7534 5.26777 
74 -2.12701 5.76234 5.2312 
75 -2.18167 5.77262 5.19407 
