4,75
1 -9.1055 1.99921 -0.755916 
2 -8.11199 1.81701 -0.715043 
3 -7.11707 1.63471 -0.674096 
4 -6.11899 1.45226 -0.632978 
5 -5.11384 1.26962 -0.591488 
6 -4.09363 1.0871 -0.549253 
7 -3.04487 0.906896 -0.505854 
8 -1.95975 0.738426 -0.462105 
9 -0.900451 0.609903 -0.425015 
10 -0.102717 0.560906 -0.412507 
11 0.242727 0.572908 -0.432823 
12 0.327898 0.577682 -0.467132 
13 0.379035 0.55444 -0.500634 
14 0.450464 0.516138 -0.531988 
15 0.529183 0.475968 -0.563136 
16 0.593874 0.443728 -0.59484 
17 0.620887 0.430413 -0.62489 
18 0.579572 0.452446 -0.644405 
19 0.437061 0.531179 -0.630943 
20 0.193581 0.676627 -0.546455 
21 -0.0643988 0.855372 -0.363162 
22 -0.204189 0.998331 -0.105055 
23 -0.178654 1.06828 0.171949 
24 -0.0363859 1.07944 0.435276 
25 0.162637 1.05927 0.681735 
26 0.38382 1.02582 0.917756 
27 0.61253 0.987426 1.14886 
28 0.84355 0.947249 1.378 
29 1.07522 0.906174 1.60646 
30 1.30701 0.864027 1.83466 
31 1.5386 0.819769 2.06255 
32 1.76934 0.771034 2.28952 
33 1.99741 0.713034 2.51363 
34 2.2182 0.636642 2.72987 
35 2.42079 0.525811 2.92635 
36 2.58219 0.355901 3.07789 
37 2.66138 0.0984602 3.13945 
38 2.60433 -0.257887 3.05143 
39 2.37682 -0.672608 2.7756 
40 2.01105 -1.04705 2.34655 
41 1.60024 -1.2858 1.86633 
42 1.23059 -1.36122 1.42993 
43 0.937006 -1.30489 1.07621 
44 0.714731 -1.16351 0.800294 
45 0.54552 -0.973263 0.582272 
46 0.412271 -0.75603 0.403229 
47 0.30323 -0.523318 0.24988 
48 0.212175 -0.280697 0.114703 
49 0.138097 -0.0314273 -0.00449292 
50 0.0854447 0.219475 -0.104216 
51 0.06403 0.459178 -0.174694 
52 0.0849358 0.660486 -0.202441 
53 0.148193 0.785809 -0.181436 
54 0.230826 0.813781 -0.127699 
55 0.297969 0.764107 -0.0740469 
56 0.329391 0.680251 -0.0448174 
57 0.326197 0.595076 -0.0445084 
58 0.298674 0.521206 -0.0663953 
59 0.256226 0.459166 -0.10222 
60 0.204287 0.405247 -0.145672 
61 0.144147 0.35464 -0.192047 
62 0.0729158 0.301403 -0.236278 
63 -0.0161862 0.237312 -0.269779 
64 -0.129331 0.152788 -0.277503 
65 -0.257874 0.0456976 -0.242813 
66 -0.367067 -0.065811 -0.167445 
67 -0.421386 -0.153176 -0.080439 
68 -0.418996 -0.205315 -0.010087 
69 -0.380626 -0.230356 0.0365386 
70 -0.325032 -0.239934 0.0649294 
71 -0.262446 -0.241819 0.0820123 
72 -0.197358 -0.24007 0.0926236 
73 -0.131525 -0.236623 0.0996092 
74 -0.0655791 -0.232376 0.104551 
75 0.000282727 -0.227746 0.108319 
