4,110
1 -0.0379943 0.256481 0.250251 
2 -0.109114 0.793363 0.756534 
3 -0.180292 1.33137 1.26397 
4 -0.251541 1.8709 1.77298 
5 -0.322872 2.41251 2.28416 
6 -0.394276 2.95688 2.79826 
7 -0.465695 3.5047 3.31609 
8 -0.536934 4.05611 3.83805 
9 -0.607458 4.60922 4.36271 
10 -0.675958 5.15617 4.88308 
11 -0.739605 5.67514 5.37878 
12 -0.79331 6.11918 5.80479 
13 -0.830808 6.41757 6.09165 
14 -0.849802 6.51984 6.18723 
15 -0.856869 6.45947 6.12032 
16 -0.86277 6.33475 5.98522 
17 -0.873715 6.2224 5.85829 
18 -0.890172 6.14587 5.76481 
19 -0.910331 6.09901 5.70081 
20 -0.932483 6.06967 5.65594 
21 -0.955675 6.04831 5.62229 
22 -0.979728 6.02888 5.5955 
23 -1.00524 6.00761 5.57375 
24 -1.03376 5.98172 5.55654 
25 -1.0682 5.94875 5.54379 
26 -1.11336 5.90638 5.535 
27 -1.17632 5.85275 5.52837 
28 -1.26612 5.7875 5.51987 
29 -1.39187 5.71304 5.50282 
30 -1.55911 5.63542 5.46886 
31 -1.7661 5.56343 5.41052 
32 -2.00296 5.50571 5.32434 
33 -2.25539 5.46762 5.21208 
34 -2.51021 5.44996 5.07918 
35 -2.75903 5.45021 4.93189 
36 -2.99869 5.46446 4.77511 
37 -3.22982 5.48904 4.61153 
38 -3.45519 5.52119 4.44165 
39 -3.67855 5.55919 4.26406 
40 -3.90411 5.60213 4.07559 
41 -4.13638 5.64958 3.8714 
42 -4.38005 5.70126 3.64491 
43 -4.63962 5.75646 3.38813 
44 -4.91846 5.81338 3.09284 
45 -5.21705 5.86843 2.75319 
46 -5.53069 5.91576 2.36983 
47 -5.84805 5.94799 1.954 
48 -6.15268 5.9582 1.52803 
49 -6.42798 5.94261 1.11962 
50 -6.66326 5.90209 0.752135 
51 -6.85665 5.8412 0.437334 
52 -7.0135 5.76584 0.174732 
53 -7.14251 5.68109 -0.0440657 
54 -7.25251 5.59021 -0.230265 
55 -7.3507 5.49457 -0.394526 
56 -7.44239 5.39398 -0.545577 
57 -7.53123 5.28706 -0.690051 
58 -7.61966 5.17147 -0.832805 
59 -7.70925 5.04412 -0.977278 
60 -7.80089 4.90131 -1.12566 
61 -7.89481 4.73912 -1.27879 
62 -7.9904 4.55412 -1.43581 
63 -8.08601 4.34448 -1.59365 
64 -8.17884 4.11148 -1.74665 
65 -8.26503 3.86081 -1.88679 
66 -8.34034 3.60295 -2.00486 
67 -8.40113 3.35174 -2.09263 
68 -8.44543 3.12127 -2.14504 
69 -8.47344 2.92255 -2.16147 
70 -8.4873 2.76138 -2.14533 
71 -8.49029 2.63839 -2.10249 
72 -8.48595 2.55058 -2.03948 
73 -8.47749 2.49331 -1.9622 
74 -8.46752 2.46191 -1.8754 
75 -8.45807 2.45263 -1.78276 
76 -8.45071 2.46294 -1.68734 
77 -8.44662 2.4914 -1.59207 
78 -8.44664 2.53721 -1.50022 
79 -8.45123 2.59952 -1.41565 
80 -8.46035 2.67676 -1.34261 
81 -8.47337 2.76607 -1.28522 
82 -8.48912 2.86325 -1.24659 
83 -8.50604 2.96322 -1.228 
84 -8.52255 3.06099 -1.22866 
85 -8.53733 3.15252 -1.24597 
86 -8.5495 3.23529 -1.27629 
87 -8.5587 3.30831 -1.31583 
88 -8.56497 3.37182 -1.36122 
89 -8.56859 3.42682 -1.40986 
90 -8.56997 3.47459 -1.45989 
91 -8.56959 3.51639 -1.51008 
92 -8.56794 3.55317 -1.55948 
93 -8.56562 3.58518 -1.60709 
94 -8.56345 3.61146 -1.65109 
95 -8.56266 3.62897 -1.68793 
96 -8.56502 3.63189 -1.71129 
97 -8.5725 3.6125 -1.71264 
98 -8.58596 3.56587 -1.68563 
99 -8.60374 3.49622 -1.63294 
100 -8.62207 3.41722 -1.56742 
101 -8.6375 3.34327 -1.50391 
102 -8.64865 3.28198 -1.45107 
103 -8.65577 3.2342 -1.41075 
104 -8.65979 3.19755 -1.38117 
105 -8.66165 3.16908 -1.3597 
106 -8.66203 3.14637 -1.34407 
107 -8.66141 3.12769 -1.3326 
108 -8.66011 3.11192 -1.32418 
109 -8.65829 3.09836 -1.31813 
110 -8.65608 3.08664 -1.31409 
