4,110
1 -0.753028 5.65819 5.35507 
2 -0.674304 5.07709 4.80282 
3 -0.591752 4.47841 4.23388 
4 -0.506332 3.86686 3.65275 
5 -0.41831 3.24409 3.06105 
6 -0.327534 2.61021 2.45897 
7 -0.233795 1.9659 1.84733 
8 -0.13789 1.31816 1.23314 
9 -0.0446208 0.695109 0.643749 
10 0.0318282 0.169611 0.149182 
11 0.0685469 -0.152221 -0.149713 
12 0.0559153 -0.241672 -0.227343 
13 0.0135705 -0.207473 -0.188951 
14 -0.0346243 -0.162408 -0.141971 
15 -0.079672 -0.141593 -0.119074 
16 -0.121555 -0.139664 -0.114576 
17 -0.161877 -0.146639 -0.118717 
18 -0.201683 -0.156838 -0.126011 
19 -0.241467 -0.167929 -0.134248 
20 -0.281484 -0.179078 -0.142696 
21 -0.321955 -0.189936 -0.151145 
22 -0.363178 -0.200217 -0.159552 
23 -0.405605 -0.209538 -0.167947 
24 -0.449927 -0.2173 -0.17645 
25 -0.497173 -0.222581 -0.185343 
26 -0.548828 -0.223988 -0.195223 
27 -0.606914 -0.219514 -0.207234 
28 -0.673949 -0.206459 -0.223404 
29 -0.752579 -0.181599 -0.247025 
30 -0.844635 -0.141888 -0.282825 
31 -0.949502 -0.0859411 -0.336465 
32 -1.06235 -0.0160207 -0.412871 
33 -1.17373 0.0607855 -0.513627 
34 -1.27205 0.133919 -0.635124 
35 -1.34805 0.193224 -0.769388 
36 -1.39801 0.232669 -0.907349 
37 -1.42374 0.251314 -1.04203 
38 -1.43003 0.251749 -1.16971 
39 -1.42225 0.237869 -1.28936 
40 -1.40484 0.213341 -1.4014 
41 -1.38099 0.180939 -1.5067 
42 -1.35264 0.142422 -1.60592 
43 -1.32081 0.0986298 -1.69909 
44 -1.28575 0.0496167 -1.78528 
45 -1.24708 -0.00523558 -1.8622 
46 -1.20387 -0.0671007 -1.92573 
47 -1.15466 -0.137497 -1.96942 
48 -1.09772 -0.217839 -1.98422 
49 -1.03139 -0.308589 -1.95921 
50 -0.955042 -0.408039 -1.8842 
51 -0.87004 -0.511253 -1.75451 
52 -0.780376 -0.610275 -1.57599 
53 -0.691874 -0.696372 -1.36606 
54 -0.610122 -0.763334 -1.14816 
55 -0.538493 -0.809483 -0.942915 
56 -0.477595 -0.837128 -0.762245 
57 -0.426069 -0.850532 -0.609137 
58 -0.381762 -0.854031 -0.480817 
59 -0.342566 -0.851065 -0.372184 
60 -0.306794 -0.843966 -0.278024 
61 -0.273235 -0.834106 -0.194001 
62 -0.241086 -0.822112 -0.116901 
63 -0.209854 -0.808032 -0.0445437 
64 -0.179278 -0.791416 0.024386 
65 -0.149274 -0.7713 0.0904785 
66 -0.119931 -0.74612 0.153657 
67 -0.0915209 -0.713573 0.213138 
68 -0.0645573 -0.670482 0.267306 
69 -0.0398591 -0.612784 0.313531 
70 -0.0186068 -0.535863 0.348055 
71 -0.00230552 -0.435567 0.366199 
72 0.00745529 -0.310149 0.36323 
73 0.00953218 -0.16281 0.336115 
74 0.00392813 -0.00340821 0.285704 
75 -0.00776857 0.152738 0.2179 
76 -0.0226845 0.289508 0.142399 
77 -0.0376533 0.395517 0.0693432 
78 -0.050239 0.466858 0.00612702 
79 -0.0591876 0.506047 -0.0438244 
80 -0.0642767 0.51901 -0.080362 
81 -0.0659046 0.512364 -0.105189 
82 -0.0647166 0.491877 -0.12064 
83 -0.0613739 0.461959 -0.128956 
84 -0.056451 0.425693 -0.131971 
85 -0.0504119 0.385064 -0.131011 
86 -0.0436265 0.341191 -0.126895 
87 -0.0364075 0.294462 -0.119926 
88 -0.0290602 0.244608 -0.109843 
89 -0.0219463 0.190702 -0.0957321 
90 -0.0155611 0.131238 -0.0759519 
91 -0.0106047 0.0644715 -0.0482449 
92 -0.00798173 -0.0106033 -0.010391 
93 -0.0085989 -0.0924448 0.0382219 
94 -0.0128643 -0.175046 0.0943954 
95 -0.0201057 -0.248141 0.150145 
96 -0.0285325 -0.301274 0.195265 
97 -0.0360529 -0.329173 0.222355 
98 -0.04126 -0.333429 0.229767 
99 -0.0437497 -0.319742 0.220426 
100 -0.0438084 -0.294339 0.198904 
101 -0.0419795 -0.26207 0.16937 
102 -0.0387948 -0.226099 0.13488 
103 -0.0346757 -0.188286 0.097433 
104 -0.029925 -0.149645 0.0582597 
105 -0.0247501 -0.110703 0.0180918 
106 -0.0192896 -0.071716 -0.0226431 
107 -0.0136358 -0.0327975 -0.0636977 
108 -0.00784953 0.00600988 -0.104929 
109 -0.0019716 0.044698 -0.146256 
110 0.00397068 0.0832739 -0.187631 
