3,3,110
0.0373763 0.0173665 -0.0151578 
0.0173665 0.234334 -0.130551 
-0.0151578 -0.130551 0.129469 
0.0375225 0.0174498 -0.015235 
0.0174498 0.235434 -0.131169 
-0.015235 -0.131169 0.130073 
0.0374635 0.0174164 -0.015204 
0.0174163 0.234992 -0.130921 
-0.015204 -0.130921 0.12983 
0.0371867 0.0172566 -0.0150554 
0.0172566 0.232884 -0.129736 
-0.0150554 -0.129737 0.128674 
0.0366356 0.0169228 -0.0147413 
0.0169228 0.228501 -0.127269 
-0.0147413 -0.127269 0.126273 
0.0357212 0.0163093 -0.0141507 
0.0163093 0.220516 -0.122758 
-0.0141507 -0.122759 0.121911 
0.0344202 0.0152133 -0.0130501 
0.0152132 0.206491 -0.114783 
-0.0130501 -0.114783 0.114292 
0.0332613 0.0132895 -0.0109656 
0.0132895 0.182686 -0.101065 
-0.0109656 -0.101065 0.101505 
0.0350409 0.0101081 -0.00701558 
0.0101081 0.14599 -0.079301 
-0.00701558 -0.0793012 0.0822871 
0.0480725 0.00562228 -1.48593e-05 
0.00562227 0.101846 -0.051238 
-1.48593e-05 -0.0512381 0.0606779 
0.0829491 0.000970655 0.0101501 
0.00097065 0.071501 -0.0274668 
0.0101501 -0.0274669 0.0494134 
0.132051 -0.0021921 0.0205143 
-0.0021921 0.0692062 -0.0176371 
0.0205143 -0.0176371 0.0549969 
0.170614 -0.00364895 0.0274571 
-0.00364895 0.0796664 -0.0170869 
0.0274571 -0.0170869 0.0658862 
0.189953 -0.00418019 0.0307064 
-0.00418019 0.0872921 -0.0182025 
0.0307064 -0.0182025 0.0726095 
0.197195 -0.00435228 0.031892 
-0.00435228 0.0904684 -0.0188078 
0.031892 -0.0188078 0.0752973 
0.199438 -0.00440286 0.0322559 
-0.00440286 0.0914842 -0.0190141 
0.0322559 -0.0190141 0.0761467 
0.200023 -0.00441585 0.0323506 
-0.00441585 0.0917517 -0.0190693 
0.0323506 -0.0190693 0.0763696 
0.200117 -0.00441795 0.032366 
-0.00441795 0.0917951 -0.0190783 
0.032366 -0.0190783 0.0764057 
0.200053 -0.00441653 0.0323556 
-0.00441653 0.0917655 -0.0190721 
0.0323556 -0.0190721 0.0763812 
0.19989 -0.00441293 0.0323292 
-0.00441293 0.0916905 -0.0190565 
0.0323292 -0.0190565 0.076319 
0.199597 -0.00440651 0.032282 
-0.00440651 0.091556 -0.0190284 
0.032282 -0.0190284 0.0762077 
0.199093 -0.0043955 0.0322012 
-0.0043955 0.0913242 -0.01898 
0.0322012 -0.01898 0.0760171 
0.198239 -0.00437696 0.0320648 
-0.00437696 0.0909303 -0.0188972 
0.0320648 -0.0188972 0.0756957 
0.196811 -0.00434637 0.0318388 
-0.00434637 0.0902693 -0.0187572 
0.0318388 -0.0187572 0.0751643 
0.194468 -0.00429726 0.031474 
-0.00429726 0.089177 -0.0185227 
0.031474 -0.0185227 0.0743083 
0.190719 -0.00422177 0.0309067 
-0.00422177 0.0874094 -0.0181346 
0.0309067 -0.0181346 0.0729843 
0.184943 -0.00411375 0.0300774 
-0.00411375 0.0846312 -0.0175018 
0.0300774 -0.0175018 0.0710668 
0.176543 -0.00397851 0.0289888 
-0.00397851 0.0804466 -0.0164894 
0.0289888 -0.0164894 0.0686006 
0.165406 -0.00385511 0.0278462 
-0.00385511 0.0745295 -0.0149115 
0.0278462 -0.0149115 0.066156 
0.152812 -0.00385467 0.0273021 
-0.00385467 0.0669194 -0.0125407 
0.0273021 -0.0125407 0.0654448 
0.142554 -0.00419893 0.0287122 
-0.00419893 0.0584457 -0.00915727 
0.0287122 -0.00915727 0.069952 
0.141131 -0.00520337 0.0340526 
-0.00520337 0.050954 -0.00465575 
0.0340526 -0.00465575 0.0846976 
0.155339 -0.00713693 0.0450618 
-0.00713693 0.0467759 0.000817331 
0.0450618 0.000817334 0.114031 
0.187654 -0.0100014 0.0618559 
-0.0100014 0.047397 0.00680277 
0.0618559 0.00680278 0.158118 
0.23352 -0.0134396 0.0823187 
-0.0134396 0.0524201 0.0126543 
0.0823187 0.0126543 0.211433 
0.283844 -0.0169088 0.10314 
-0.0169088 0.0599333 0.017797 
0.10314 0.017797 0.265457 
0.330167 -0.019957 0.121526 
-0.019957 0.0678073 0.0219198 
0.121526 0.0219198 0.313044 
0.36776 -0.0223639 0.136088 
-0.0223639 0.074637 0.0249865 
0.136088 0.0249865 0.350684 
0.395494 -0.02411 0.146675 
-0.02411 0.0798682 0.0271295 
0.146675 0.0271295 0.378032 
0.414265 -0.0252783 0.153775 
-0.0252783 0.0834895 0.0285356 
0.153775 0.0285356 0.396378 
0.425557 -0.0259734 0.158017 
-0.0259734 0.0857041 0.0293748 
0.158017 0.0293748 0.407377 
0.430644 -0.0262768 0.159906 
-0.0262768 0.0867292 0.0297734 
0.159906 0.0297734 0.412367 
0.430254 -0.0262289 0.159716 
-0.0262289 0.0867097 0.0298118 
0.159716 0.0298118 0.412123 
0.42449 -0.0258216 0.157456 
-0.0258216 0.0857012 0.0295375 
0.157456 0.0295375 0.406825 
0.412882 -0.0249929 0.152883 
-0.0249929 0.0837004 0.0289935 
0.152883 0.0289935 0.39616 
0.394579 -0.0236198 0.145525 
-0.0236198 0.0807336 0.0282737 
0.145525 0.0282737 0.379577 
0.368806 -0.0215124 0.134782 
-0.0215124 0.0770446 0.0276289 
0.134782 0.027629 0.356862 
0.3358 -0.0184181 0.120156 
-0.0184181 0.0734307 0.0276444 
0.120156 0.0276444 0.329226 
0.29827 -0.014057 0.101677 
-0.014057 0.0716874 0.0294554 
0.101677 0.0294554 0.300903 
0.262755 -0.00821599 0.080431 
-0.00821599 0.074848 0.0348164 
0.080431 0.0348164 0.280404 
0.239105 -0.000909264 0.0587891 
-0.000909264 0.0865444 0.0456586 
0.0587891 0.0456586 0.279326 
0.236425 0.00746403 0.0397891 
0.00746403 0.109048 0.0629446 
0.0397891 0.0629446 0.306963 
0.257144 0.016119 0.0257292 
0.016119 0.141062 0.0854875 
0.0257292 0.0854875 0.363297 
0.294781 0.0241378 0.0170832 
0.0241378 0.177594 0.110044 
0.0170832 0.110044 0.437292 
0.338192 0.03083 0.0127182 
0.03083 0.212554 0.132927 
0.0127182 0.132927 0.513233 
0.377926 0.03593 0.0109715 
0.03593 0.241675 0.151689 
0.0109715 0.151689 0.578969 
0.409298 0.039541 0.010504 
0.039541 0.2635 0.165618 
0.010504 0.165618 0.629341 
0.431693 0.0419547 0.0105301 
0.0419547 0.27862 0.175213 
0.0105301 0.175213 0.664696 
0.446552 0.0434939 0.0106839 
0.0434939 0.288478 0.181446 
0.0106839 0.181446 0.687926 
0.455808 0.0444304 0.0108286 
0.0444304 0.294556 0.185282 
0.0108286 0.185282 0.702314 
0.461122 0.0449609 0.0109276 
0.0449609 0.298025 0.187468 
0.0109276 0.187468 0.710548 
0.463651 0.0452118 0.0109782 
0.0452118 0.299673 0.188505 
0.0109782 0.188505 0.71446 
0.464048 0.045252 0.0109851 
0.045252 0.299937 0.188669 
0.0109851 0.188669 0.715079 
0.462522 0.0451035 0.0109497 
0.0451035 0.29896 0.188048 
0.0109497 0.188048 0.71273 
0.458872 0.0447472 0.0108676 
0.0447472 0.29662 0.186559 
0.0108676 0.186559 0.707108 
0.452488 0.0441234 0.0107279 
0.0441234 0.292541 0.183952 
0.0107279 0.183952 0.697275 
0.44232 0.043129 0.0105153 
0.043129 0.286085 0.179789 
0.0105153 0.179789 0.681621 
0.426874 0.0416157 0.0102166 
0.0416157 0.276377 0.17344 
0.0102166 0.17344 0.65785 
0.404318 0.0393999 0.00983745 
0.0393999 0.262435 0.16411 
0.00983745 0.16411 0.623167 
0.372905 0.0363006 0.00943684 
0.0363006 0.243544 0.150986 
0.00943684 0.150986 0.574925 
0.331873 0.032224 0.00918289 
0.032224 0.219979 0.133565 
0.00918289 0.133565 0.51204 
0.282808 0.0272937 0.00940891 
0.0272937 0.193982 0.112187 
0.00940891 0.112187 0.437095 
0.230734 0.0219609 0.0106027 
0.0219609 0.170321 0.0885173 
0.0106027 0.0885173 0.358012 
0.183498 0.0169605 0.0132397 
0.0169605 0.155262 0.0654466 
0.0132397 0.0654466 0.28702 
0.148649 0.0130306 0.0174776 
0.0130306 0.153598 0.046065 
0.0174776 0.046065 0.235739 
0.129614 0.0105532 0.0229455 
0.0105532 0.165682 0.0322325 
0.0229455 0.0322325 0.209238 
0.124496 0.00941977 0.0288678 
0.00941977 0.187275 0.0239295 
0.0288678 0.0239295 0.204242 
0.12827 0.00921206 0.0344431 
0.00921206 0.21232 0.0198161 
0.0344431 0.0198161 0.212683 
0.1359 0.0094807 0.039153 
0.0094807 0.235915 0.018255 
0.039153 0.018255 0.226607 
0.144019 0.00990707 0.042826 
0.00990707 0.255505 0.0179722 
0.042826 0.0179722 0.240782 
0.151015 0.0103227 0.0455317 
0.0103227 0.270493 0.0182014 
0.0455317 0.0182014 0.252778 
0.156427 0.0106629 0.0474468 
0.0106629 0.281355 0.0185621 
0.0474468 0.0185621 0.261973 
0.160346 0.0109168 0.0487616 
0.0109168 0.288923 0.0188974 
0.0487616 0.0188974 0.268597 
0.163036 0.0110942 0.0496353 
0.0110942 0.294 0.019157 
0.0496353 0.019157 0.27313 
0.164744 0.0112079 0.0501797 
0.0112079 0.297181 0.0193322 
0.0501797 0.0193322 0.276002 
0.165608 0.011266 0.0504536 
0.011266 0.298785 0.0194218 
0.0504536 0.0194218 0.277456 
0.165602 0.0112669 0.0504559 
0.0112669 0.298799 0.0194133 
0.0504559 0.0194133 0.277453 
0.164467 0.0111967 0.0501097 
0.0111967 0.29678 0.0192666 
0.0501097 0.0192666 0.27557 
0.161616 0.0110296 0.0492331 
0.0110296 0.291716 0.0188889 
0.0492331 0.0188889 0.270861 
0.156045 0.0107445 0.0475043 
0.0107445 0.28193 0.0180864 
0.0475043 0.0180864 0.261759 
0.146349 0.0103879 0.0444487 
0.0103879 0.265291 0.0164694 
0.0444487 0.0164694 0.246265 
0.131148 0.0102349 0.0395215 
0.0102349 0.240347 0.0132903 
0.0395215 0.0132903 0.222976 
0.110187 0.0110482 0.0323846 
0.0110482 0.208844 0.0072833 
0.0323846 0.0072833 0.193399 
0.0857908 0.0141781 0.0233461 
0.0141781 0.178335 -0.00317012 
0.0233461 -0.00317012 0.164375 
0.062901 0.0209633 0.0135764 
0.0209633 0.160569 -0.0190799 
0.0135764 -0.0190799 0.146665 
0.0463388 0.0314798 0.00462892 
0.0314798 0.163532 -0.0394814 
0.00462892 -0.0394814 0.147724 
0.0376105 0.0440328 -0.00243533 
0.0440328 0.184873 -0.0613485 
-0.00243533 -0.0613485 0.165628 
0.0348797 0.0562578 -0.00742549 
0.0562578 0.214959 -0.0813457 
-0.00742549 -0.0813457 0.19176 
0.0353331 0.0665291 -0.0107183 
0.0665291 0.244668 -0.0975287 
-0.0107183 -0.0975287 0.217856 
0.036909 0.0743506 -0.0128227 
0.0743506 0.269275 -0.109575 
-0.0128227 -0.109575 0.239583 
0.0385734 0.0799604 -0.0141571 
0.0799604 0.287785 -0.118095 
-0.0141571 -0.118095 0.255971 
0.0399585 0.0838547 -0.0150082 
0.0838547 0.301005 -0.123957 
-0.0150082 -0.123957 0.267693 
0.0410057 0.0865192 -0.015558 
0.0865192 0.310211 -0.127946 
-0.015558 -0.127946 0.275864 
0.041764 0.0883369 -0.0159187 
0.0883369 0.316562 -0.130657 
-0.0159187 -0.130657 0.281504 
0.0423032 0.0895823 -0.0161593 
0.0895823 0.320945 -0.13251 
-0.0161593 -0.13251 0.285398 
0.0426849 0.0904428 -0.0163226 
0.0904428 0.323988 -0.133789 
-0.0163226 -0.133789 0.288103 
0.042956 0.0910439 -0.0164352 
0.0910439 0.326121 -0.134681 
-0.0164352 -0.134681 0.289998 
0.0431498 0.0914689 -0.0165141 
0.0914689 0.327633 -0.135311 
-0.0165141 -0.135311 0.291342 
0.0432896 0.0917732 -0.0165703 
0.0917732 0.328717 -0.135762 
-0.0165703 -0.135762 0.292306 
0.0433915 0.0919937 -0.0166108 
0.0919937 0.329503 -0.136089 
-0.0166108 -0.136089 0.293005 
