4  6
0.0909583  0.210052  0.162438  0.210926  0.191407  0.134219  
5.5033  -0.41072  3.09363  2.91739  
22.303  -0.370262  -0.207321  -0.163168  
42.5254  -1.35108  0.156876  -1.68709  
63.0335  -0.206985  -0.819414  -0.0297025  
85.2879  -0.0539399  0.384953  -0.148576  
102.719  -0.0413451  -0.189708  0.112355  
8.26509  0.707533  -5.07182  -4.82059  
0.707533  0.100387  -0.415549  -0.428958  
-5.07182  -0.415549  3.3634  2.81819  
-4.82059  -0.428958  2.81819  2.9503  
50.4207  -1.98125  -0.592018  -0.438026  
-1.98125  0.278135  0.0188414  0.0496047  
-0.592018  0.0188414  0.0988223  -0.013951  
-0.438026  0.0496047  -0.013951  0.0802742  
36.8819  1.11832  -1.48683  -3.3358  
1.11832  0.501334  -0.073634  0.0724962  
-1.48683  -0.073634  0.153976  0.166758  
-3.3358  0.0724962  0.166758  0.749266  
54.4431  1.64224  0.579371  3.58463  
1.64224  0.521249  0.0634765  0.119291  
0.579371  0.0634765  0.311053  0.229935  
3.58463  0.119291  0.229935  0.962908  
47.1933  0.415351  -2.21043  0.413779  
0.415351  0.172783  -0.00795024  0.0551764  
-2.21043  -0.00795024  0.408701  0.000445952  
0.413779  0.0551764  0.000445952  0.286983  
23.3842  0.143057  0.889968  -0.967385  
0.143057  0.044683  0.098329  -0.022691  
0.889968  0.098329  0.366559  -0.174225  
-0.967385  -0.022691  -0.174225  0.335856  
