4  7
0.118234  0.152528  0.156974  0.173287  0.13621  0.164966  0.0978009  
7.00312  -0.462842  3.44656  3.2562  
22.4682  -1.00408  6.0513  5.54599  
38.6314  -3.57968  5.50719  4.38722  
57.4446  -7.53759  5.33006  -0.695799  
74.3972  -8.42293  2.29826  -1.88962  
90.0473  -8.59143  3.54311  -1.5019  
104.683  -8.67677  3.10828  -1.29112  
14.0157  -0.99462  7.48748  7.05787  
-0.99462  0.117992  -0.52139  -0.52896  
7.48748  -0.52139  4.40312  3.67514  
7.05787  -0.52896  3.67514  3.80102  
33.039  -0.857439  -0.242228  -1.0747  
-0.857439  0.210653  0.0753867  0.00115319  
-0.242228  0.0753867  0.578835  -0.407278  
-1.0747  0.00115319  -0.407278  0.340122  
38.1287  -7.07535  1.31329  -5.66248  
-7.07535  1.82206  -0.0731992  1.27394  
1.31329  -0.0731992  1.09026  -0.795309  
-5.66248  1.27394  -0.795309  1.44006  
47.3747  -3.52909  -3.69643  -5.1498  
-3.52909  0.699279  0.763628  0.698879  
-3.69643  0.763628  1.17862  0.44704  
-5.1498  0.698879  0.44704  1.84129  
45.6428  0.660719  0.0813733  3.25087  
0.660719  0.378953  0.698797  0.791254  
0.0813733  0.698797  1.72236  1.46424  
3.25087  0.791254  1.46424  1.90884  
47.5911  0.297633  1.14996  -2.08552  
0.297633  0.0240669  0.0322209  0.00266518  
1.14996  0.0322209  0.134739  -0.0420677  
-2.08552  0.00266518  -0.0420677  0.250068  
13.9171  0.0351151  -0.151047  0.0467257  
0.0351151  0.0251119  0.0484662  0.0313629  
-0.151047  0.0484662  0.101602  0.0625661  
0.0467257  0.0313629  0.0625661  0.0845203  
