4,150
1 -8.34605 4.22664 -0.509587 
2 -7.76408 3.83715 -0.552945 
3 -7.1786 3.44561 -0.59789 
4 -6.57897 3.04634 -0.648555 
5 -5.9234 2.61881 -0.718967 
6 -5.06509 2.0982 -0.84938 
7 -3.67921 1.36706 -1.09654 
8 -1.84189 0.532267 -1.34854 
9 -0.478546 -0.00821239 -1.36478 
10 0.282595 -0.279297 -1.21119 
11 0.791389 -0.456721 -1.0098 
12 1.15669 -0.59314 -0.797105 
13 1.23517 -0.651213 -0.576101 
14 0.693974 -0.525024 -0.347276 
15 -0.256002 -0.244388 -0.132379 
16 -0.690309 -0.0758098 0.0518977 
17 -0.558141 -0.0629544 0.221885 
18 -0.201426 -0.116331 0.390507 
19 0.24078 -0.193193 0.56339 
20 0.773992 -0.285928 0.745965 
21 1.42081 -0.378773 0.926181 
22 1.85034 -0.36517 1.00865 
23 1.49218 -0.148122 0.909647 
24 0.637842 0.149415 0.741075 
25 -0.28598 0.437057 0.580832 
26 -1.175 0.707705 0.425444 
27 -1.95437 0.94674 0.246268 
28 -2.2847 1.04599 -0.00575436 
29 -1.59216 0.795593 -0.31831 
30 -0.419648 0.343355 -0.525735 
31 0.350602 -0.000618563 -0.606465 
32 0.804301 -0.244605 -0.644126 
33 1.13025 -0.44992 -0.674488 
34 1.3446 -0.631168 -0.706519 
35 1.26134 -0.750224 -0.735485 
36 0.484193 -0.694541 -0.712631 
37 -0.751604 -0.450008 -0.551545 
38 -1.33058 -0.276701 -0.306472 
39 -1.21641 -0.250285 -0.074256 
40 -0.839674 -0.290919 0.137099 
41 -0.377131 -0.353278 0.341669 
42 0.17207 -0.421892 0.552647 
43 0.915906 -0.465434 0.774121 
44 1.69852 -0.359072 0.920411 
45 1.73678 -0.059375 0.864277 
46 1.12133 0.246762 0.719867 
47 0.327838 0.512069 0.580715 
48 -0.562596 0.768395 0.446662 
49 -1.58983 1.01328 0.293767 
50 -2.39765 1.09709 0.0957436 
51 -2.20041 0.865624 -0.103667 
52 -1.38926 0.535044 -0.256037 
53 -0.524183 0.233301 -0.385178 
54 0.322005 -0.0528238 -0.510575 
55 1.174 -0.344746 -0.641007 
56 1.98949 -0.650783 -0.77937 
57 2.35275 -0.883746 -0.877206 
58 1.68984 -0.83454 -0.819932 
59 0.631108 -0.598936 -0.659233 
60 -0.250471 -0.36661 -0.494596 
61 -0.957529 -0.170961 -0.330746 
62 -1.46013 -0.0279335 -0.1339 
63 -1.43219 -0.00757353 0.15938 
64 -0.477512 -0.155227 0.54221 
65 0.556687 -0.240577 0.785172 
66 0.898417 -0.141025 0.84546 
67 0.876434 0.0377605 0.844674 
68 0.75116 0.237079 0.832829 
69 0.575108 0.448344 0.819964 
70 0.271559 0.687834 0.804302 
71 -0.408277 0.978032 0.756197 
72 -1.55291 1.20741 0.577192 
73 -2.18419 1.1077 0.251339 
74 -1.85577 0.77712 -0.0665351 
75 -1.12556 0.411104 -0.33658 
76 -0.285619 0.0486867 -0.585425 
77 0.630747 -0.325416 -0.831625 
78 1.66651 -0.732978 -1.06793 
79 2.54047 -1.08264 -1.1764 
80 2.36942 -1.08893 -1.00394 
81 1.45866 -0.857205 -0.746051 
82 0.508604 -0.615159 -0.532415 
83 -0.370992 -0.39637 -0.339975 
84 -1.16121 -0.202499 -0.138296 
85 -1.69976 -0.066717 0.104343 
86 -1.53398 -0.0726044 0.409162 
87 -0.485121 -0.22025 0.676588 
88 0.417736 -0.288737 0.76833 
89 0.710922 -0.219046 0.754184 
90 0.715938 -0.0920175 0.716206 
91 0.638093 0.050426 0.676056 
92 0.527773 0.199483 0.638295 
93 0.347444 0.363443 0.609945 
94 -0.0723061 0.56947 0.607777 
95 -1.00955 0.826202 0.631524 
96 -2.09403 0.97177 0.5667 
97 -2.27651 0.841132 0.313194 
98 -1.63959 0.560267 -0.0348702 
99 -0.690919 0.24702 -0.400127 
100 0.384074 -0.0780338 -0.769939 
101 1.61616 -0.439821 -1.1436 
102 2.85408 -0.822005 -1.40679 
103 2.96129 -0.94177 -1.27237 
104 1.96654 -0.765926 -0.950078 
105 0.861032 -0.54502 -0.6836 
106 -0.194592 -0.331452 -0.453525 
107 -1.25209 -0.112016 -0.220631 
108 -2.19428 0.113964 0.0586632 
109 -2.15384 0.203165 0.355304 
110 -1.07907 0.0682407 0.504955 
111 -0.0875191 -0.0940334 0.56709 
112 0.724261 -0.22268 0.621894 
113 1.40738 -0.285311 0.692098 
114 1.71249 -0.149863 0.786085 
115 1.11617 0.298775 0.83643 
116 0.195464 0.647892 0.744602 
117 -0.299071 0.711172 0.591663 
118 -0.571408 0.674347 0.435668 
119 -0.790091 0.617476 0.279635 
120 -0.984721 0.550709 0.115027 
121 -1.10071 0.451796 -0.0854675 
122 -0.916929 0.245754 -0.388589 
123 -0.130345 -0.13251 -0.799366 
124 0.783101 -0.46782 -1.05169 
125 1.19209 -0.587288 -1.04975 
126 1.25224 -0.589455 -0.944141 
127 1.14792 -0.54969 -0.815684 
128 0.830277 -0.474756 -0.685514 
129 -0.00873712 -0.323351 -0.549819 
130 -1.2794 -0.110002 -0.368883 
131 -1.74293 -0.0146685 -0.132814 
132 -1.36616 -0.0407515 0.109966 
133 -0.722721 -0.103153 0.348091 
134 0.0192174 -0.17147 0.586706 
135 0.869192 -0.225816 0.817496 
136 1.69506 -0.201273 0.963545 
137 1.86778 -0.0284137 0.897834 
138 1.31097 0.18023 0.730877 
139 0.605666 0.343257 0.598374 
140 -0.0721568 0.480813 0.494723 
141 -0.733954 0.610412 0.399483 
142 -1.39943 0.732174 0.298681 
143 -2.02683 0.802328 0.156744 
144 -2.20706 0.645217 -0.108683 
145 -1.41915 0.207293 -0.437637 
146 -0.369422 -0.161417 -0.643556 
147 0.482959 -0.395178 -0.76146 
148 1.21212 -0.57329 -0.852045 
149 1.89438 -0.733489 -0.935389 
150 2.55989 -0.887896 -1.01673 
