4,150
1 0.31917 -0.109679 0.0653857 
2 -0.702901 0.372235 -0.0346302 
3 -1.72897 0.856068 -0.135329 
4 -2.76203 1.34322 -0.237425 
5 -3.80732 1.83607 -0.342516 
6 -4.87298 2.33807 -0.454285 
7 -5.96659 2.85147 -0.581116 
8 -7.07211 3.36467 -0.740027 
9 -8.07663 3.81533 -0.952835 
10 -8.72117 4.07256 -1.20832 
11 -8.88677 4.0897 -1.43292 
12 -8.82164 4.00312 -1.58213 
13 -8.75191 3.9241 -1.68087 
14 -8.72282 3.8699 -1.75963 
15 -8.71848 3.82962 -1.83224 
16 -8.72358 3.79451 -1.90305 
17 -8.73023 3.76035 -1.97286 
18 -8.73353 3.72493 -2.04065 
19 -8.7274 3.68625 -2.10264 
20 -8.70116 3.64216 -2.14889 
21 -8.63853 3.59221 -2.15758 
22 -8.52826 3.5439 -2.09572 
23 -8.39266 3.51733 -1.94832 
24 -8.29167 3.53049 -1.75803 
25 -8.26334 3.57808 -1.59045 
26 -8.29583 3.64209 -1.47061 
27 -8.36195 3.71034 -1.38876 
28 -8.44297 3.77849 -1.32944 
29 -8.52927 3.84596 -1.28249 
30 -8.61536 3.91322 -1.24356 
31 -8.69546 3.98053 -1.2137 
32 -8.75868 4.04611 -1.20107 
33 -8.78392 4.10172 -1.22475 
34 -8.74342 4.12669 -1.31121 
35 -8.6361 4.09603 -1.4629 
36 -8.51858 4.01334 -1.62742 
37 -8.44998 3.91341 -1.74808 
38 -8.43668 3.82134 -1.81722 
39 -8.45809 3.74127 -1.85323 
40 -8.49615 3.6691 -1.87234 
41 -8.54004 3.60018 -1.88307 
42 -8.58241 3.53052 -1.88825 
43 -8.61467 3.4563 -1.88597 
44 -8.62258 3.37469 -1.86792 
45 -8.58605 3.29014 -1.81728 
46 -8.49881 3.22724 -1.71791 
47 -8.40424 3.22396 -1.58482 
48 -8.36643 3.28589 -1.46398 
49 -8.39753 3.38124 -1.37966 
50 -8.47124 3.48368 -1.32457 
51 -8.56405 3.58429 -1.28561 
52 -8.66367 3.68219 -1.25499 
53 -8.7638 3.77812 -1.23035 
54 -8.85869 3.87166 -1.21407 
55 -8.93784 3.95873 -1.21497 
56 -8.97967 4.02655 -1.25165 
57 -8.95157 4.04877 -1.34889 
58 -8.84089 4.00027 -1.50729 
59 -8.69853 3.89753 -1.67282 
60 -8.59429 3.79061 -1.78799 
61 -8.54546 3.707 -1.84761 
62 -8.53407 3.64516 -1.87325 
63 -8.54154 3.59614 -1.88268 
64 -8.55701 3.55335 -1.88492 
65 -8.5747 3.51316 -1.8833 
66 -8.5902 3.47379 -1.8773 
67 -8.59701 3.43512 -1.86156 
68 -8.58288 3.40076 -1.82182 
69 -8.53021 3.38442 -1.73142 
70 -8.43711 3.41342 -1.56988 
71 -8.35167 3.50287 -1.37473 
72 -8.33296 3.62395 -1.22442 
73 -8.3816 3.74011 -1.14451 
74 -8.46714 3.84105 -1.11202 
75 -8.5675 3.93063 -1.10295 
76 -8.67194 4.01388 -1.10487 
77 -8.77389 4.09365 -1.11396 
78 -8.8636 4.16949 -1.13323 
79 -8.9183 4.23347 -1.17548 
80 -8.89202 4.25987 -1.26696 
81 -8.74543 4.20594 -1.42645 
82 -8.54511 4.07059 -1.60753 
83 -8.41974 3.92283 -1.73439 
84 -8.39322 3.80681 -1.79884 
85 -8.42296 3.71835 -1.82935 
86 -8.47562 3.64381 -1.84585 
87 -8.53504 3.57444 -1.85647 
88 -8.59235 3.5054 -1.86267 
89 -8.6378 3.43366 -1.86073 
90 -8.65357 3.35831 -1.83871 
91 -8.61121 3.28704 -1.77208 
92 -8.49843 3.24742 -1.63766 
93 -8.37583 3.27084 -1.46345 
94 -8.32927 3.34518 -1.31841 
95 -8.36473 3.43384 -1.22592 
96 -8.4446 3.51925 -1.16776 
97 -8.5421 3.59972 -1.12562 
98 -8.64534 3.67729 -1.09061 
99 -8.74916 3.75352 -1.06022 
100 -8.84954 3.8287 -1.03636 
101 -8.93903 3.90093 -1.02638 
102 -9.00077 3.963 -1.047 
103 -9.00296 3.99707 -1.12579 
104 -8.91422 3.97712 -1.28083 
105 -8.75665 3.89844 -1.47377 
106 -8.60923 3.7978 -1.62713 
107 -8.51865 3.7111 -1.71084 
108 -8.47673 3.64511 -1.74466 
109 -8.46189 3.59302 -1.75332 
110 -8.45953 3.5481 -1.7511 
111 -8.46221 3.50641 -1.74433 
112 -8.46611 3.4659 -1.73517 
113 -8.46797 3.4255 -1.72299 
114 -8.46239 3.385 -1.70329 
115 -8.4387 3.34711 -1.66361 
116 -8.38298 3.32423 -1.57989 
117 -8.30122 3.3439 -1.43455 
118 -8.24752 3.42286 -1.26606 
119 -8.26962 3.53322 -1.14484 
120 -8.3528 3.64006 -1.08665 
121 -8.46404 3.73389 -1.06804 
122 -8.58417 3.81781 -1.06914 
123 -8.70428 3.89541 -1.08159 
124 -8.81697 3.96721 -1.10584 
125 -8.90792 4.02801 -1.15102 
126 -8.94578 4.06125 -1.23692 
127 -8.8845 4.03678 -1.38325 
128 -8.72346 3.94198 -1.56487 
129 -8.55809 3.82337 -1.70578 
130 -8.4638 3.7317 -1.77462 
131 -8.43077 3.67107 -1.79728 
132 -8.42809 3.62757 -1.80064 
133 -8.43721 3.59122 -1.79738 
134 -8.45023 3.55743 -1.79196 
135 -8.46383 3.52438 -1.78544 
136 -8.47553 3.49132 -1.777 
137 -8.48065 3.45814 -1.76284 
138 -8.46878 3.42658 -1.73224 
139 -8.42251 3.40503 -1.66216 
140 -8.33635 3.41468 -1.52816 
141 -8.25857 3.47379 -1.35575 
142 -8.25663 3.56363 -1.22149 
143 -8.33059 3.65206 -1.15517 
144 -8.44398 3.72853 -1.13454 
145 -8.57232 3.79572 -1.13564 
146 -8.70553 3.85761 -1.14593 
147 -8.84019 3.91675 -1.16002 
148 -8.97521 3.9745 -1.17572 
149 -9.11026 4.03153 -1.19212 
150 -9.24529 4.08819 -1.20884 
