4,442
1 0.0511702 5.97843 1.16615 
2 0.122 6.01731 1.1418 
3 0.195271 5.72814 1.05882 
4 0.267728 5.2212 0.937847 
5 0.337153 4.57578 0.793651 
6 0.401433 3.84398 0.636204 
7 0.457738 3.06089 0.472753 
8 0.501706 2.25449 0.309875 
9 0.526576 1.45545 0.155536 
10 0.522787 0.707799 0.0211173 
11 0.47981 0.07752 -0.077756 
12 0.393056 -0.35533 -0.125225 
13 0.274615 -0.540485 -0.116993 
14 0.154371 -0.514197 -0.0707608 
15 0.0610163 -0.387115 -0.0169001 
16 0.00347017 -0.26007 0.0234311 
17 -0.0260484 -0.174257 0.0459134 
18 -0.0392085 -0.127593 0.0553327 
19 -0.0445253 -0.105275 0.0575244 
20 -0.0466166 -0.0950265 0.0564025 
21 -0.0475666 -0.0898866 0.0539841 
22 -0.0481925 -0.0866633 0.0511416 
23 -0.0487766 -0.0841053 0.0482027 
24 -0.0494039 -0.0817821 0.0452752 
25 -0.050095 -0.0795612 0.0423903 
26 -0.0508515 -0.0774047 0.0395553 
27 -0.0516705 -0.0753016 0.0367712 
28 -0.052548 -0.0732475 0.0340372 
29 -0.0534799 -0.0712399 0.0313527 
30 -0.0544624 -0.0692768 0.0287168 
31 -0.0554918 -0.0673563 0.026129 
32 -0.0565647 -0.0654765 0.0235886 
33 -0.0576777 -0.063636 0.0210953 
34 -0.0588276 -0.0618332 0.0186489 
35 -0.0600114 -0.0600668 0.0162491 
36 -0.061226 -0.0583356 0.013896 
37 -0.0624687 -0.0566385 0.0115895 
38 -0.0637368 -0.0549745 0.00932991 
39 -0.0650276 -0.0533427 0.00711743 
40 -0.0663385 -0.0517423 0.00495247 
41 -0.067667 -0.0501726 0.00283551 
42 -0.0690108 -0.0486329 0.000767145 
43 -0.0703673 -0.0471228 -0.00125194 
44 -0.0717344 -0.0456418 -0.00322097 
45 -0.0731095 -0.0441895 -0.00513906 
46 -0.0744906 -0.0427656 -0.00700523 
47 -0.0758753 -0.0413699 -0.00881842 
48 -0.0772614 -0.0400023 -0.0105775 
49 -0.0786466 -0.0386627 -0.0122811 
50 -0.0800287 -0.037351 -0.0139281 
51 -0.0814055 -0.0360673 -0.0155169 
52 -0.0827748 -0.0348117 -0.0170461 
53 -0.0841343 -0.0335844 -0.0185142 
54 -0.0854817 -0.0323857 -0.0199194 
55 -0.0868148 -0.0312156 -0.0212601 
56 -0.0881313 -0.0300747 -0.0225345 
57 -0.0894288 -0.0289632 -0.0237408 
58 -0.0907049 -0.0278817 -0.0248772 
59 -0.0919574 -0.0268304 -0.0259417 
60 -0.0931837 -0.02581 -0.0269324 
61 -0.0943814 -0.024821 -0.0278475 
62 -0.0955481 -0.0238638 -0.0286849 
63 -0.0966812 -0.0229391 -0.0294427 
64 -0.0977781 -0.0220475 -0.030119 
65 -0.0988364 -0.0211895 -0.030712 
66 -0.0998532 -0.0203659 -0.0312197 
67 -0.100826 -0.019577 -0.0316406 
68 -0.101752 -0.0188237 -0.031973 
69 -0.102629 -0.0181063 -0.0322152 
70 -0.103454 -0.0174255 -0.0323661 
71 -0.104223 -0.0167816 -0.0324244 
72 -0.104935 -0.0161753 -0.0323891 
73 -0.105586 -0.0156067 -0.0322594 
74 -0.106173 -0.0150762 -0.0320349 
75 -0.106694 -0.0145839 -0.0317155 
76 -0.107145 -0.0141299 -0.0313011 
77 -0.107524 -0.0137141 -0.0307924 
78 -0.107827 -0.0133363 -0.0301903 
79 -0.10805 -0.012996 -0.0294961 
80 -0.108192 -0.0126927 -0.0287117 
81 -0.108248 -0.0124255 -0.0278394 
82 -0.108214 -0.0121935 -0.0268821 
83 -0.108087 -0.0119952 -0.0258433 
84 -0.107863 -0.011829 -0.0247272 
85 -0.107539 -0.0116932 -0.0235383 
86 -0.107108 -0.0115854 -0.0222822 
87 -0.106568 -0.0115032 -0.020965 
88 -0.105912 -0.0114435 -0.0195935 
89 -0.105136 -0.011403 -0.0181752 
90 -0.104234 -0.011378 -0.0167184 
91 -0.103199 -0.0113645 -0.0152322 
92 -0.102025 -0.0113577 -0.0137262 
93 -0.100705 -0.0113527 -0.012211 
94 -0.0992305 -0.0113439 -0.0106975 
95 -0.0975937 -0.0113256 -0.00919773 
96 -0.0957855 -0.0112912 -0.00772391 
97 -0.0937966 -0.011234 -0.00628906 
98 -0.0916167 -0.0111467 -0.0049066 
99 -0.0892354 -0.0110217 -0.00359037 
100 -0.0866416 -0.010851 -0.00235454 
101 -0.0838237 -0.0106261 -0.00121349 
102 -0.0807701 -0.0103384 -0.000181712 
103 -0.0774686 -0.00997905 0.000726331 
104 -0.0739073 -0.00953881 0.0014963 
105 -0.0700742 -0.00900852 0.00211425 
106 -0.0659578 -0.0083789 0.00256665 
107 -0.0615472 -0.00764076 0.00284066 
108 -0.0568324 -0.00678507 0.00292428 
109 -0.0518045 -0.00580305 0.00280658 
110 -0.0464561 -0.00468635 0.00247784 
111 -0.0407819 -0.00342713 0.00192989 
112 -0.0347786 -0.0020182 0.00115617 
113 -0.0284457 -0.000453233 0.000152087 
114 -0.021786 0.00127318 -0.00108484 
115 -0.0148053 0.0031653 -0.00255478 
116 -0.00751373 0.00522611 -0.00425528 
117 7.45628e-05 0.00745719 -0.00618127 
118 0.00794073 0.00985852 -0.00832472 
119 0.016061 0.0124283 -0.0106746 
120 0.0244064 0.0151631 -0.0132166 
121 0.0329427 0.0180572 -0.0159336 
122 0.0416299 0.0211031 -0.0188047 
123 0.0504228 0.0242911 -0.0218064 
124 0.0592705 0.0276093 -0.0249115 
125 0.0681168 0.0310437 -0.0280903 
126 0.0769006 0.0345781 -0.0313099 
127 0.0855559 0.0381943 -0.0345351 
128 0.0940127 0.0418721 -0.0377283 
129 0.102197 0.0455894 -0.0408501 
130 0.110033 0.0493223 -0.0438596 
131 0.117442 0.0530456 -0.0467148 
132 0.124342 0.0567327 -0.049373 
133 0.130655 0.0603562 -0.0517917 
134 0.136299 0.0638877 -0.0539289 
135 0.141197 0.0672984 -0.0557433 
136 0.145271 0.0705596 -0.0571955 
137 0.14845 0.0736424 -0.0582478 
138 0.150663 0.0765184 -0.0588653 
139 0.151848 0.0791602 -0.059016 
140 0.151945 0.081541 -0.0586713 
141 0.150903 0.0836356 -0.0578064 
142 0.148677 0.0854198 -0.0564006 
143 0.145229 0.0868713 -0.0544373 
144 0.140528 0.0879697 -0.0519047 
145 0.134553 0.0886963 -0.0487955 
146 0.127288 0.0890343 -0.0451071 
147 0.118728 0.0889692 -0.0408419 
148 0.108873 0.0884884 -0.0360067 
149 0.0977342 0.0875816 -0.0306134 
150 0.0853275 0.0862402 -0.0246783 
151 0.0716777 0.084458 -0.0182222 
152 0.0568167 0.0822306 -0.0112704 
153 0.0407831 0.0795555 -0.0038526 
154 0.0236225 0.0764321 0.00399759 
155 0.00538689 0.0728617 0.0122425 
156 -0.0138656 0.0688471 0.0208407 
157 -0.0340709 0.0643929 0.0297468 
158 -0.0551588 0.0595054 0.0389122 
159 -0.0770534 0.0541925 0.0482847 
160 -0.0996735 0.0484637 0.0578088 
161 -0.122932 0.0423303 0.0674258 
162 -0.146736 0.0358051 0.0770742 
163 -0.170989 0.0289029 0.0866896 
164 -0.195585 0.0216403 0.0962048 
165 -0.220416 0.014036 0.10555 
166 -0.245368 0.00611093 0.114654 
167 -0.27032 -0.00211169 0.123444 
168 -0.295147 -0.010606 0.131844 
169 -0.319717 -0.0193435 0.139778 
170 -0.343896 -0.0282924 0.147172 
171 -0.367544 -0.0374182 0.153949 
172 -0.390517 -0.0466829 0.160035 
173 -0.41267 -0.0560449 0.165359 
174 -0.433854 -0.0654595 0.169853 
175 -0.453922 -0.0748782 0.173453 
176 -0.472729 -0.0842495 0.176101 
177 -0.49013 -0.0935187 0.177748 
178 -0.50599 -0.102628 0.178353 
179 -0.52018 -0.111519 0.177886 
180 -0.532582 -0.120128 0.176327 
181 -0.54309 -0.128395 0.17367 
182 -0.551616 -0.136258 0.169923 
183 -0.558091 -0.143656 0.16511 
184 -0.562463 -0.150529 0.159268 
185 -0.564705 -0.156824 0.152449 
186 -0.564813 -0.162489 0.144721 
187 -0.562808 -0.16748 0.136165 
188 -0.558733 -0.171758 0.126872 
189 -0.552658 -0.175292 0.116947 
190 -0.544671 -0.17806 0.106499 
191 -0.534883 -0.180046 0.0956462 
192 -0.523421 -0.181246 0.0845073 
193 -0.510426 -0.181661 0.0732026 
194 -0.496049 -0.181302 0.0618496 
195 -0.480449 -0.180187 0.0505616 
196 -0.463787 -0.178342 0.0394447 
197 -0.446226 -0.175796 0.0285968 
198 -0.427922 -0.172586 0.0181059 
199 -0.409029 -0.16875 0.00804885 
200 -0.389688 -0.16433 -0.00150882 
201 -0.370033 -0.159371 -0.0105131 
202 -0.350185 -0.153915 -0.0189219 
203 -0.330251 -0.148009 -0.0267037 
204 -0.310327 -0.141694 -0.0338375 
205 -0.290495 -0.135012 -0.040312 
206 -0.270824 -0.128004 -0.0461241 
207 -0.251372 -0.120708 -0.0512782 
208 -0.232184 -0.113157 -0.0557852 
209 -0.213296 -0.105385 -0.0596611 
210 -0.194735 -0.0974207 -0.0629264 
211 -0.176517 -0.0892913 -0.0656048 
212 -0.158655 -0.0810208 -0.0677226 
213 -0.141152 -0.0726307 -0.0693076 
214 -0.124008 -0.0641401 -0.0703891 
215 -0.107218 -0.0555656 -0.0709964 
216 -0.0907741 -0.0469222 -0.0711591 
217 -0.0746652 -0.0382225 -0.0709063 
218 -0.0588786 -0.0294777 -0.0702664 
219 -0.0433997 -0.0206972 -0.0692669 
220 -0.0282134 -0.0118893 -0.067934 
221 -0.013304 -0.0030609 -0.0662928 
222 0.0013446 0.00578198 -0.064367 
223 0.0157482 0.0146343 -0.0621786 
224 0.0299222 0.0234919 -0.0597484 
225 0.0438818 0.032351 -0.0570958 
226 0.057641 0.0412087 -0.0542385 
227 0.0712136 0.0500623 -0.0511931 
228 0.0846122 0.0589096 -0.0479747 
229 0.0978485 0.0677487 -0.0445972 
230 0.110934 0.0765779 -0.0410731 
231 0.123877 0.0853959 -0.0374141 
232 0.136689 0.094201 -0.0336304 
233 0.149376 0.102992 -0.0297317 
234 0.161947 0.111768 -0.0257262 
235 0.174407 0.120527 -0.0216219 
236 0.186763 0.129269 -0.0174255 
237 0.19902 0.13799 -0.0131436 
238 0.211184 0.146691 -0.00878202 
239 0.223261 0.15537 -0.00434681 
240 0.235261 0.164024 0.000155534 
241 0.247198 0.172652 0.00471692 
242 0.259098 0.181254 0.00932587 
243 0.271007 0.189829 0.0139644 
244 0.283011 0.198382 0.0186028 
245 0.295258 0.206918 0.0231913 
246 0.308007 0.21545 0.027647 
247 0.321691 0.223999 0.0318344 
248 0.337007 0.232588 0.0355386 
249 0.35505 0.241245 0.03843 
250 0.377458 0.249979 0.0400224 
251 0.406582 0.258756 0.039632 
252 0.445611 0.26744 0.0363496 
253 0.498589 0.275714 0.0290521 
254 0.570188 0.282975 0.0164874 
255 0.665107 0.288214 -0.00253113 
256 0.786992 0.289955 -0.0287994 
257 0.936965 0.286286 -0.0623085 
258 1.11218 0.275079 -0.101865 
259 1.30502 0.254383 -0.144944 
260 1.50372 0.222907 -0.187947 
261 1.69436 0.180384 -0.226857 
262 1.86365 0.127664 -0.25806 
263 2.00139 0.0664904 -0.279017 
264 2.10169 -0.000903332 -0.288537 
265 2.16283 -0.0721966 -0.286676 
266 2.1863 -0.145262 -0.274411 
267 2.17553 -0.21828 -0.253259 
268 2.13481 -0.28973 -0.224978 
269 2.06855 -0.358303 -0.191378 
270 1.98084 -0.422787 -0.154236 
271 1.87535 -0.481948 -0.115282 
272 1.75533 -0.534437 -0.0762254 
273 1.62382 -0.578729 -0.0387896 
274 1.48379 -0.613126 -0.00472425 
275 1.33846 -0.635851 0.0242407 
276 1.19149 -0.645283 0.0465312 
277 1.04701 -0.640323 0.0609724 
278 0.909451 -0.620857 0.0671067 
279 0.783036 -0.588144 0.0654835 
280 0.671047 -0.544909 0.0577571 
281 0.575135 -0.494977 0.0464602 
282 0.495019 -0.442495 0.0344752 
283 0.428745 -0.391064 0.0244035 
284 0.37338 -0.34313 0.018097 
285 0.325796 -0.299832 0.016498 
286 0.283265 -0.261224 0.0197587 
287 0.243738 -0.22668 0.027501 
288 0.205861 -0.195279 0.0390848 
289 0.168858 -0.166083 0.0538097 
290 0.132365 -0.138296 0.0710345 
291 0.0962786 -0.111319 0.0902299 
292 0.0606547 -0.0847552 0.110987 
293 0.0256323 -0.0583819 0.133006 
294 -0.00860283 -0.0321163 0.156068 
295 -0.0418377 -0.00598264 0.180019 
296 -0.0738379 0.0199135 0.204738 
297 -0.104348 0.0454036 0.230125 
298 -0.133089 0.0702683 0.25608 
299 -0.159758 0.0942443 0.282486 
300 -0.184029 0.117029 0.3092 
301 -0.205562 0.138288 0.336035 
302 -0.22401 0.157656 0.362752 
303 -0.239048 0.174756 0.389048 
304 -0.25039 0.189211 0.414556 
305 -0.257831 0.20067 0.438842 
306 -0.261282 0.20884 0.461422 
307 -0.260808 0.213518 0.48178 
308 -0.256654 0.214629 0.499402 
309 -0.249263 0.212248 0.513819 
310 -0.239264 0.206616 0.524649 
311 -0.227437 0.198136 0.531639 
312 -0.214656 0.187341 0.534688 
313 -0.201819 0.174858 0.533862 
314 -0.189774 0.161345 0.529378 
315 -0.179256 0.147442 0.521576 
316 -0.170842 0.133723 0.510881 
317 -0.164932 0.120658 0.497759 
318 -0.161756 0.108607 0.482674 
319 -0.161389 0.0978114 0.466059 
320 -0.163785 0.0884084 0.448295 
321 -0.168809 0.0804489 0.4297 
322 -0.17627 0.0739178 0.410525 
323 -0.185948 0.068754 0.390959 
324 -0.197616 0.0648682 0.371134 
325 -0.211055 0.0621575 0.351137 
326 -0.226065 0.0605158 0.331015 
327 -0.242467 0.0598421 0.310786 
328 -0.260112 0.0600454 0.290442 
329 -0.278872 0.0610473 0.269961 
330 -0.298647 0.0627841 0.249304 
331 -0.319356 0.065207 0.228424 
332 -0.340936 0.0682814 0.207267 
333 -0.363335 0.0719861 0.185775 
334 -0.38651 0.076312 0.163885 
335 -0.410422 0.0812603 0.141536 
336 -0.435024 0.0868405 0.118665 
337 -0.460263 0.0930676 0.0952151 
338 -0.486066 0.0999596 0.0711327 
339 -0.512332 0.107534 0.0463757 
340 -0.538931 0.115803 0.0209153 
341 -0.565684 0.124771 -0.00525808 
342 -0.592364 0.134427 -0.0321296 
343 -0.618689 0.144741 -0.0596533 
344 -0.64431 0.155655 -0.087747 
345 -0.668822 0.167085 -0.116286 
346 -0.691762 0.17891 -0.145101 
347 -0.712622 0.190975 -0.173977 
348 -0.730871 0.20309 -0.202655 
349 -0.745978 0.215034 -0.230842 
350 -0.757444 0.226567 -0.258223 
351 -0.764832 0.237437 -0.284476 
352 -0.767804 0.247396 -0.309288 
353 -0.766141 0.256215 -0.332382 
354 -0.759758 0.2637 -0.353527 
355 -0.748715 0.269698 -0.372551 
356 -0.733198 0.274108 -0.389356 
357 -0.713511 0.276883 -0.403909 
358 -0.690041 0.278027 -0.416246 
359 -0.663233 0.277588 -0.426455 
360 -0.633557 0.275652 -0.434671 
361 -0.601485 0.272331 -0.441056 
362 -0.567468 0.267755 -0.445787 
363 -0.531918 0.262059 -0.449051 
364 -0.495206 0.255382 -0.451024 
365 -0.457651 0.247856 -0.451875 
366 -0.419524 0.239606 -0.451756 
367 -0.381051 0.230745 -0.450798 
368 -0.342416 0.221373 -0.449114 
369 -0.303772 0.211579 -0.446794 
370 -0.265242 0.201441 -0.44391 
371 -0.226929 0.191025 -0.440515 
372 -0.188924 0.180388 -0.436644 
373 -0.151309 0.169581 -0.432313 
374 -0.114163 0.158648 -0.427527 
375 -0.0775699 0.147626 -0.422274 
376 -0.0416211 0.136555 -0.416529 
377 -0.00642167 0.125467 -0.410255 
378 0.0279061 0.114399 -0.403404 
379 0.0612184 0.103387 -0.395917 
380 0.0933464 0.0924709 -0.387727 
381 0.124093 0.0816951 -0.378757 
382 0.153233 0.0711085 -0.368929 
383 0.180509 0.0607669 -0.358158 
384 0.205637 0.0507325 -0.346364 
385 0.228309 0.0410746 -0.333474 
386 0.248201 0.0318688 -0.319424 
387 0.264983 0.0231958 -0.304173 
388 0.278335 0.0151388 -0.287705 
389 0.287969 0.0077809 -0.27004 
390 0.293646 0.00120023 -0.251236 
391 0.2952 -0.00453442 -0.2314 
392 0.292564 -0.00936901 -0.210686 
393 0.285784 -0.0132693 -0.189295 
394 0.275033 -0.0162252 -0.167471 
395 0.26061 -0.0182529 -0.145487 
396 0.242934 -0.0193964 -0.123634 
397 0.222522 -0.0197251 -0.102206 
398 0.199963 -0.0193305 -0.0814829 
399 0.175883 -0.0183207 -0.0617135 
400 0.150909 -0.0168133 -0.0431062 
401 0.125639 -0.0149292 -0.0258202 
402 0.100612 -0.0127858 -0.00996236 
403 0.0762896 -0.0104919 0.00441142 
404 0.0530482 -0.00814364 0.0172919 
405 0.0311728 -0.00582276 0.0287093 
406 0.0108625 -0.00359522 0.0387251 
407 -0.00776127 -0.00151171 0.047424 
408 -0.024644 0.000391169 0.0549055 
409 -0.0397858 0.0020893 0.0612773 
410 -0.0532285 0.00356907 0.0666498 
411 -0.0650454 0.00482539 0.0711314 
412 -0.075331 0.00585984 0.0748261 
413 -0.0841926 0.0066789 0.0778307 
414 -0.0917441 0.00729266 0.0802341 
415 -0.098101 0.00771345 0.0821166 
416 -0.103377 0.00795507 0.08355 
417 -0.10768 0.00803191 0.0845976 
418 -0.111113 0.00795846 0.0853151 
419 -0.113771 0.00774891 0.085751 
420 -0.115741 0.00741688 0.0859472 
421 -0.117103 0.00697521 0.0859401 
422 -0.117927 0.00643591 0.0857607 
423 -0.118277 0.00581007 0.0854357 
424 -0.118212 0.00510787 0.0849881 
425 -0.117782 0.00433861 0.0844372 
426 -0.117032 0.00351075 0.0837997 
427 -0.116001 0.00263196 0.0830899 
428 -0.114725 0.00170921 0.0823198 
429 -0.113234 0.0007488 0.0814998 
430 -0.111554 -0.000243529 0.0806388 
431 -0.10971 -0.00126255 0.0797443 
432 -0.107722 -0.00230346 0.0788231 
433 -0.105607 -0.00336184 0.0778808 
434 -0.103381 -0.00443355 0.0769224 
435 -0.101057 -0.00551469 0.0759525 
436 -0.0986472 -0.00660152 0.0749751 
437 -0.0961605 -0.0076904 0.0739938 
438 -0.0936057 -0.0087777 0.0730123 
439 -0.0909897 -0.00985977 0.0720337 
440 -0.0883187 -0.0109328 0.0710615 
441 -0.0855974 -0.0119929 0.0700989 
442 -0.0828297 -0.0130356 0.0691495 
