4,442
1 0.260675 2.3052 0.722002 
2 0.256257 2.61824 0.700746 
3 0.296779 3.10467 0.701498 
4 0.366308 3.70379 0.71787 
5 0.4546 4.37632 0.746031 
6 0.555097 5.09695 0.784146 
7 0.663358 5.84836 0.831996 
8 0.775854 6.61646 0.890864 
9 0.888865 7.3858 0.963585 
10 0.997211 8.13409 1.05456 
11 1.09277 8.82549 1.1691 
12 1.16349 9.40569 1.31106 
13 1.19509 9.80891 1.47773 
14 1.17823 9.98943 1.65453 
15 1.11791 9.96475 1.81731 
16 1.03355 9.81878 1.94586 
17 0.94651 9.64686 2.03552 
18 0.868805 9.50452 2.09466 
19 0.802802 9.40414 2.13499 
20 0.746236 9.3368 2.16547 
21 0.69611 9.28983 2.19131 
22 0.650195 9.25375 2.21507 
23 0.607154 9.22306 2.23782 
24 0.566273 9.19501 2.25993 
25 0.527181 9.16841 2.28149 
26 0.489677 9.14278 2.30244 
27 0.453631 9.11798 2.32271 
28 0.418949 9.09399 2.34219 
29 0.385554 9.07081 2.36077 
30 0.353379 9.04848 2.37833 
31 0.322362 9.02706 2.39475 
32 0.292449 9.00659 2.4099 
33 0.263592 8.98712 2.42365 
34 0.235747 8.96871 2.43585 
35 0.208871 8.95144 2.44634 
36 0.182927 8.93537 2.45498 
37 0.157879 8.92058 2.46159 
38 0.13369 8.90714 2.466 
39 0.110324 8.89514 2.46803 
40 0.0877431 8.88465 2.46752 
41 0.0659077 8.87576 2.46427 
42 0.0447738 8.86855 2.45813 
43 0.0242927 8.86308 2.44891 
44 0.00441002 8.85942 2.43648 
45 -0.0149353 8.85762 2.4207 
46 -0.0338117 8.85772 2.40148 
47 -0.0522952 8.85974 2.37875 
48 -0.0704693 8.86365 2.35249 
49 -0.0884246 8.86943 2.32275 
50 -0.106257 8.87701 2.28961 
51 -0.124067 8.88628 2.25325 
52 -0.141956 8.8971 2.21388 
53 -0.160023 8.90929 2.17183 
54 -0.178363 8.92266 2.12745 
55 -0.19706 8.93696 2.08119 
56 -0.216184 8.95193 2.03353 
57 -0.235791 8.96729 1.98501 
58 -0.255912 8.98278 1.93615 
59 -0.276559 8.9981 1.88752 
60 -0.297718 9.01301 1.83965 
61 -0.319349 9.02726 1.79302 
62 -0.341394 9.04065 1.7481 
63 -0.363767 9.05301 1.70527 
64 -0.386369 9.0642 1.66482 
65 -0.409085 9.07416 1.62702 
66 -0.431789 9.08283 1.592 
67 -0.454349 9.09021 1.55986 
68 -0.476632 9.09632 1.53064 
69 -0.498502 9.10122 1.50428 
70 -0.519832 9.105 1.48072 
71 -0.540498 9.10774 1.45984 
72 -0.560385 9.10956 1.4415 
73 -0.579387 9.11056 1.42554 
74 -0.59741 9.11087 1.41181 
75 -0.614368 9.1106 1.40013 
76 -0.630187 9.10985 1.39034 
77 -0.644805 9.10874 1.3823 
78 -0.658169 9.10734 1.37586 
79 -0.670237 9.10575 1.37091 
80 -0.680976 9.10404 1.36732 
81 -0.690362 9.10227 1.365 
82 -0.698383 9.10049 1.36387 
83 -0.705032 9.09875 1.36388 
84 -0.710315 9.09709 1.36495 
85 -0.714241 9.09552 1.36707 
86 -0.716833 9.09407 1.37019 
87 -0.718117 9.09274 1.37429 
88 -0.718128 9.09154 1.37937 
89 -0.716912 9.09047 1.38542 
90 -0.714517 9.0895 1.39244 
91 -0.711003 9.08863 1.40043 
92 -0.706432 9.08784 1.40939 
93 -0.700878 9.0871 1.41933 
94 -0.694417 9.08639 1.43025 
95 -0.687132 9.08567 1.44216 
96 -0.679114 9.08492 1.45504 
97 -0.670453 9.08409 1.4689 
98 -0.66125 9.08316 1.48372 
99 -0.651603 9.08208 1.49948 
100 -0.641617 9.08083 1.51614 
101 -0.631397 9.07935 1.53368 
102 -0.621048 9.07761 1.55204 
103 -0.610677 9.07559 1.57116 
104 -0.600385 9.07325 1.59099 
105 -0.590276 9.07055 1.61143 
106 -0.580446 9.06748 1.6324 
107 -0.570989 9.064 1.6538 
108 -0.561991 9.06011 1.67552 
109 -0.553532 9.05578 1.69745 
110 -0.545684 9.05101 1.71945 
111 -0.538509 9.04579 1.74139 
112 -0.532063 9.04012 1.76314 
113 -0.526388 9.03402 1.78455 
114 -0.521517 9.02748 1.80548 
115 -0.517473 9.02054 1.82577 
116 -0.514267 9.0132 1.84529 
117 -0.511899 9.0055 1.86389 
118 -0.51036 8.99747 1.88144 
119 -0.50963 8.98914 1.89781 
120 -0.509678 8.98055 1.91286 
121 -0.510466 8.97175 1.92649 
122 -0.511948 8.96278 1.93859 
123 -0.51407 8.95368 1.94907 
124 -0.516771 8.94451 1.95784 
125 -0.519984 8.93531 1.96485 
126 -0.523642 8.92613 1.97003 
127 -0.52767 8.91702 1.97335 
128 -0.531991 8.90804 1.97478 
129 -0.536529 8.89922 1.97429 
130 -0.541205 8.89062 1.9719 
131 -0.54594 8.88228 1.96761 
132 -0.550657 8.87424 1.96145 
133 -0.555278 8.86654 1.95344 
134 -0.55973 8.85923 1.94365 
135 -0.563938 8.85234 1.93211 
136 -0.567832 8.8459 1.91889 
137 -0.571344 8.83995 1.90407 
138 -0.574409 8.83452 1.88773 
139 -0.576963 8.82962 1.86994 
140 -0.578946 8.8253 1.85081 
141 -0.5803 8.82158 1.83043 
142 -0.58097 8.81847 1.80889 
143 -0.5809 8.81599 1.78631 
144 -0.58004 8.81418 1.76278 
145 -0.578337 8.81304 1.73843 
146 -0.575742 8.8126 1.71336 
147 -0.572204 8.81287 1.68769 
148 -0.567676 8.81387 1.66154 
149 -0.562107 8.81563 1.63503 
150 -0.55545 8.81816 1.60827 
151 -0.547657 8.82148 1.58141 
152 -0.538684 8.82562 1.55457 
153 -0.52849 8.8306 1.52789 
154 -0.517044 8.83644 1.50153 
155 -0.504322 8.84316 1.47565 
156 -0.49032 8.85079 1.45043 
157 -0.475059 8.85935 1.42607 
158 -0.458591 8.86885 1.40279 
159 -0.441015 8.87928 1.38086 
160 -0.422492 8.89064 1.36055 
161 -0.403256 8.9029 1.34219 
162 -0.383634 8.91599 1.32616 
163 -0.364065 8.92982 1.31286 
164 -0.345114 8.94427 1.30273 
165 -0.327482 8.95914 1.29626 
166 -0.312012 8.97419 1.29394 
167 -0.29968 8.98915 1.29624 
168 -0.291574 9.00364 1.30363 
169 -0.288855 9.01729 1.3165 
170 -0.292703 9.02966 1.33513 
171 -0.304247 9.0403 1.35969 
172 -0.324492 9.04878 1.39018 
173 -0.354247 9.05471 1.42643 
174 -0.394053 9.05775 1.46808 
175 -0.444153 9.05766 1.51463 
176 -0.504469 9.0543 1.56543 
177 -0.574615 9.04762 1.61976 
178 -0.653943 9.03771 1.67682 
179 -0.741599 9.02471 1.73584 
180 -0.836588 9.00885 1.79608 
181 -0.93785 8.99042 1.85687 
182 -1.04432 8.96971 1.91762 
183 -1.15497 8.94707 1.97787 
184 -1.26888 8.92279 2.03723 
185 -1.3852 8.89718 2.09542 
186 -1.50323 8.87052 2.15222 
187 -1.62236 8.84305 2.20751 
188 -1.74211 8.81499 2.26119 
189 -1.86211 8.78653 2.31321 
190 -1.98204 8.75783 2.36356 
191 -2.1017 8.72904 2.41222 
192 -2.22092 8.70029 2.45917 
193 -2.33957 8.67168 2.50439 
194 -2.45758 8.64331 2.54784 
195 -2.57486 8.61528 2.58945 
196 -2.69134 8.58768 2.62912 
197 -2.80694 8.56061 2.66669 
198 -2.92154 8.53415 2.70197 
199 -3.03499 8.50842 2.73468 
200 -3.14707 8.48352 2.7645 
201 -3.25749 8.45958 2.79105 
202 -3.36586 8.43673 2.81383 
203 -3.47169 8.4151 2.83233 
204 -3.57433 8.39485 2.84595 
205 -3.67306 8.37609 2.85405 
206 -3.76697 8.35897 2.856 
207 -3.85509 8.3436 2.8512 
208 -3.93634 8.33003 2.83911 
209 -4.00967 8.31828 2.8194 
210 -4.07405 8.30832 2.79189 
211 -4.12861 8.30004 2.7567 
212 -4.17272 8.29322 2.71426 
213 -4.20606 8.28762 2.66528 
214 -4.22867 8.28291 2.61079 
215 -4.24098 8.27875 2.55201 
216 -4.24377 8.27476 2.49031 
217 -4.23811 8.2706 2.42708 
218 -4.22525 8.26596 2.36365 
219 -4.20655 8.26059 2.3012 
220 -4.18335 8.2543 2.24069 
221 -4.15691 8.24697 2.18284 
222 -4.12835 8.23854 2.12817 
223 -4.09859 8.229 2.07694 
224 -4.06839 8.2184 2.02926 
225 -4.03831 8.20679 1.98507 
226 -4.00877 8.19425 1.94422 
227 -3.98003 8.18087 1.90649 
228 -3.95225 8.16676 1.87162 
229 -3.92551 8.152 1.8393 
230 -3.89981 8.13668 1.80927 
231 -3.87513 8.12089 1.78124 
232 -3.85139 8.10468 1.75494 
233 -3.82853 8.08814 1.73015 
234 -3.80644 8.07131 1.70663 
235 -3.78507 8.05424 1.68422 
236 -3.76435 8.03699 1.66274 
237 -3.74426 8.01961 1.64205 
238 -3.72483 8.00215 1.62204 
239 -3.70616 7.98468 1.60264 
240 -3.68847 7.96731 1.58381 
241 -3.67211 7.9502 1.56556 
242 -3.65759 7.93358 1.54797 
243 -3.64566 7.91781 1.53119 
244 -3.63726 7.90344 1.5155 
245 -3.63351 7.89129 1.50133 
246 -3.63556 7.8825 1.48929 
247 -3.64424 7.87866 1.48018 
248 -3.65957 7.88181 1.475 
249 -3.67992 7.89438 1.47484 
250 -3.70102 7.91891 1.48066 
251 -3.71517 7.95754 1.49303 
252 -3.71112 8.0112 1.51167 
253 -3.67526 8.07889 1.5352 
254 -3.59432 8.15732 1.5611 
255 -3.45869 8.24129 1.58616 
256 -3.26485 8.3249 1.60721 
257 -3.01576 8.40279 1.62177 
258 -2.7192 8.47121 1.62846 
259 -2.38513 8.52822 1.62698 
260 -2.02348 8.57345 1.61781 
261 -1.64265 8.60757 1.60185 
262 -1.24905 8.63175 1.58013 
263 -0.847165 8.64728 1.55363 
264 -0.439889 8.65533 1.52319 
265 -0.0289229 8.65684 1.48945 
266 0.384873 8.65247 1.45292 
267 0.801202 8.64258 1.41392 
268 1.22012 8.62724 1.37268 
269 1.64187 8.6062 1.32932 
270 2.06676 8.57894 1.28391 
271 2.49499 8.54458 1.23648 
272 2.92648 8.50193 1.18708 
273 3.36062 8.44948 1.13586 
274 3.79589 8.38543 1.08312 
275 4.22944 8.30782 1.02946 
276 4.65652 8.21482 0.975947 
277 5.07 8.10515 0.924216 
278 5.46011 7.97875 0.876621 
279 5.81489 7.83752 0.836162 
280 6.12167 7.68592 0.806191 
281 6.36955 7.53096 0.789814 
282 6.55233 7.3813 0.789135 
283 6.67061 7.24558 0.804643 
284 6.73181 7.13051 0.835063 
285 6.74816 7.03957 0.877753 
286 6.73346 6.97291 0.929458 
287 6.70023 6.92811 0.987042 
288 6.65814 6.90139 1.04795 
289 6.6136 6.88868 1.11038 
290 6.57025 6.88624 1.17322 
291 6.52975 6.89104 1.23585 
292 6.49252 6.90075 1.29801 
293 6.45834 6.91371 1.35966 
294 6.42667 6.92875 1.42084 
295 6.39694 6.94511 1.48164 
296 6.36864 6.96229 1.54214 
297 6.34134 6.97995 1.60243 
298 6.31471 6.9979 1.66258 
299 6.28853 7.01603 1.72264 
300 6.26264 7.03424 1.78264 
301 6.23694 7.05251 1.84261 
302 6.21137 7.0708 1.90258 
303 6.18588 7.08909 1.96255 
304 6.16046 7.10738 2.02254 
305 6.13511 7.12565 2.08256 
306 6.10983 7.1439 2.14263 
307 6.08463 7.16212 2.20277 
308 6.05953 7.18029 2.26298 
309 6.03456 7.1984 2.32331 
310 6.00975 7.21644 2.38377 
311 5.98514 7.23439 2.4444 
312 5.96077 7.25221 2.50526 
313 5.9367 7.26989 2.56639 
314 5.91299 7.28739 2.62786 
315 5.88972 7.30466 2.68976 
316 5.86697 7.32165 2.75217 
317 5.84481 7.33831 2.81522 
318 5.82334 7.35457 2.87902 
319 5.80264 7.37036 2.94372 
320 5.7828 7.38559 3.00948 
321 5.76386 7.40018 3.07646 
322 5.74584 7.41405 3.14484 
323 5.72869 7.42712 3.21479 
324 5.71229 7.43931 3.28644 
325 5.6964 7.4506 3.3599 
326 5.68064 7.46098 3.43521 
327 5.66444 7.4705 3.51231 
328 5.647 7.47928 3.59101 
329 5.62732 7.48755 3.67096 
330 5.60414 7.49562 3.75161 
331 5.57598 7.50392 3.83222 
332 5.5412 7.51298 3.91182 
333 5.49811 7.52344 3.98928 
334 5.44506 7.53597 4.06334 
335 5.38059 7.55125 4.13272 
336 5.3036 7.56993 4.1962 
337 5.21342 7.59254 4.25271 
338 5.10987 7.61947 4.30146 
339 4.9933 7.65092 4.34195 
340 4.86451 7.68693 4.37402 
341 4.72462 7.72735 4.39778 
342 4.57501 7.77191 4.41363 
343 4.41714 7.82023 4.42212 
344 4.25247 7.87188 4.42392 
345 4.08234 7.92639 4.41972 
346 3.90797 7.98333 4.41021 
347 3.73036 8.04225 4.39597 
348 3.55036 8.10277 4.37752 
349 3.36864 8.16453 4.35523 
350 3.18571 8.22723 4.32936 
351 3.00195 8.29058 4.30002 
352 2.81766 8.35434 4.26719 
353 2.6331 8.41826 4.23072 
354 2.44849 8.48211 4.19031 
355 2.26407 8.54564 4.14553 
356 2.08015 8.60859 4.09583 
357 1.89714 8.67066 4.04051 
358 1.71561 8.73149 3.97877 
359 1.53631 8.79067 3.90971 
360 1.36027 8.84772 3.83237 
361 1.18882 8.90207 3.74577 
362 1.02361 8.95307 3.64899 
363 0.86668 9.00003 3.54128 
364 0.720369 9.04219 3.42215 
365 0.587294 9.07881 3.29155 
366 0.4702 9.1092 3.14994 
367 0.371768 9.13282 2.99847 
368 0.294367 9.14932 2.839 
369 0.239787 9.15866 2.67405 
370 0.208995 9.16108 2.50673 
371 0.201963 9.15721 2.34048 
372 0.21762 9.14793 2.17877 
373 0.253934 9.13437 2.02484 
374 0.308122 9.11778 1.88139 
375 0.376936 9.09941 1.75041 
376 0.456974 9.08043 1.63309 
377 0.544962 9.06184 1.52986 
378 0.637963 9.04443 1.44049 
379 0.733507 9.0288 1.36424 
380 0.829646 9.01533 1.3 
381 0.924933 9.00424 1.24646 
382 1.01837 8.99562 1.20225 
383 1.10935 8.98946 1.166 
384 1.19753 8.98569 1.13642 
385 1.2828 8.98422 1.11231 
386 1.36519 8.98492 1.09263 
387 1.4448 8.98769 1.07644 
388 1.52176 8.99243 1.06294 
389 1.5962 8.99909 1.05144 
390 1.66818 9.00761 1.04134 
391 1.73768 9.01798 1.03213 
392 1.80459 9.0302 1.0234 
393 1.86866 9.04428 1.01479 
394 1.9295 9.06027 1.00603 
395 1.98654 9.07817 0.9969 
396 2.0391 9.09799 0.987277 
397 2.08632 9.11968 0.977105 
398 2.12728 9.14315 0.966422 
399 2.16097 9.16821 0.955352 
400 2.18646 9.19463 0.944112 
401 2.20291 9.22204 0.932997 
402 2.20971 9.25003 0.922367 
403 2.20658 9.27811 0.912615 
404 2.19358 9.30578 0.904141 
405 2.17117 9.33252 0.89731 
406 2.14014 9.35788 0.892423 
407 2.10159 9.38149 0.889694 
408 2.05678 9.40308 0.889242 
409 2.00707 9.42249 0.891085 
410 1.95377 9.43965 0.895156 
411 1.8981 9.45461 0.90132 
412 1.8411 9.46747 0.909396 
413 1.78365 9.47839 0.919174 
414 1.72641 9.48757 0.930436 
415 1.66988 9.49519 0.942967 
416 1.6144 9.50148 0.956567 
417 1.56017 9.50661 0.971054 
418 1.50728 9.51076 0.98627 
419 1.45578 9.5141 1.00208 
420 1.40563 9.51675 1.01836 
421 1.35677 9.51883 1.03502 
422 1.3091 9.52045 1.05198 
423 1.26253 9.5217 1.06918 
424 1.21694 9.52263 1.08656 
425 1.17225 9.52332 1.10408 
426 1.12833 9.5238 1.12172 
427 1.0851 9.52412 1.13944 
428 1.04248 9.5243 1.15722 
429 1.00037 9.52438 1.17505 
430 0.958723 9.52438 1.19292 
431 0.917462 9.52431 1.21081 
432 0.876535 9.52418 1.22873 
433 0.835894 9.52401 1.24665 
434 0.795498 9.5238 1.26459 
435 0.75531 9.52357 1.28254 
436 0.7153 9.52331 1.30049 
437 0.675439 9.52304 1.31844 
438 0.635706 9.52276 1.33639 
439 0.59608 9.52246 1.35435 
440 0.556545 9.52215 1.3723 
441 0.517087 9.52184 1.39026 
442 0.477693 9.52152 1.40821 
