3,3,442
0.475102 -0.0394598 0.00670233 
-0.0394598 0.534411 0.322972 
0.00670233 0.322972 0.611695 
0.486107 -0.0512392 0.00392957 
-0.0512391 0.581465 0.355285 
0.00392957 0.355285 0.657807 
0.496937 -0.0580805 0.00248325 
-0.0580804 0.612636 0.376311 
0.00248325 0.376311 0.689215 
0.504522 -0.061722 0.00177712 
-0.061722 0.63076 0.388289 
0.00177712 0.388289 0.707839 
0.508069 -0.063031 0.00154549 
-0.0630309 0.637884 0.392689 
0.00154549 0.392689 0.715408 
0.507578 -0.0623051 0.00170456 
-0.062305 0.634915 0.390044 
0.00170456 0.390044 0.71281 
0.503461 -0.0593786 0.00230718 
-0.0593785 0.621593 0.379911 
0.00230718 0.379911 0.7 
0.496901 -0.0535622 0.0035689 
-0.0535621 0.596571 0.360758 
0.0035689 0.360758 0.676224 
0.491232 -0.0433979 0.0059767 
-0.0433978 0.557721 0.329786 
0.0059767 0.329786 0.640741 
0.495119 -0.0261776 0.0105205 
-0.0261776 0.503159 0.282817 
0.0105205 0.282817 0.594773 
0.52848 0.0027272 0.019066 
0.00272725 0.433896 0.214705 
0.019066 0.214705 0.545766 
0.629279 0.0501159 0.0346466 
0.0501159 0.358603 0.121176 
0.0346466 0.121176 0.513806 
0.849338 0.122814 0.0607639 
0.122814 0.297227 0.00290457 
0.0607639 0.00290457 0.533468 
1.21818 0.220867 0.0984056 
0.220867 0.273746 -0.129811 
0.0984056 -0.129811 0.63568 
1.68877 0.3304 0.142381 
0.3304 0.29527 -0.257763 
0.142381 -0.257763 0.811494 
2.14648 0.428799 0.182987 
0.428799 0.342495 -0.362547 
0.182987 -0.362547 1.00634 
2.49835 0.500948 0.213218 
0.500948 0.389431 -0.436819 
0.213218 -0.436819 1.16652 
2.72682 0.546391 0.232402 
0.546391 0.423556 -0.484525 
0.232402 -0.484525 1.27483 
2.86266 0.572766 0.243568 
0.572766 0.445077 -0.51407 
0.243568 -0.51407 1.34128 
2.94291 0.587985 0.250014 
0.587985 0.45828 -0.532845 
0.250014 -0.532845 1.38174 
2.99316 0.597296 0.253955 
0.597296 0.466785 -0.545582 
0.253955 -0.545582 1.40781 
3.02724 0.603489 0.256575 
0.603489 0.472674 -0.554804 
0.256575 -0.554804 1.42591 
3.0516 0.607853 0.258421 
0.607853 0.476943 -0.561701 
0.258421 -0.561701 1.43906 
3.0689 0.610916 0.259717 
0.610916 0.48001 -0.566781 
0.259717 -0.566781 1.44853 
3.08015 0.612874 0.260546 
0.612874 0.482035 -0.570244 
0.260546 -0.570244 1.4548 
3.08566 0.613786 0.260935 
0.613786 0.48307 -0.572167 
0.260935 -0.572167 1.45803 
3.08552 0.613668 0.260889 
0.613668 0.483131 -0.572576 
0.260889 -0.572576 1.45827 
3.07973 0.612518 0.260409 
0.612518 0.48222 -0.571476 
0.260409 -0.571476 1.45553 
3.06828 0.610334 0.259492 
0.610334 0.480335 -0.56887 
0.259492 -0.56887 1.44981 
3.05115 0.607113 0.258138 
0.607113 0.477473 -0.564751 
0.258138 -0.564751 1.44109 
3.02834 0.602856 0.256348 
0.602856 0.473633 -0.559114 
0.256348 -0.559114 1.42937 
2.99986 0.597565 0.254124 
0.597565 0.468814 -0.551949 
0.254124 -0.551949 1.41464 
2.96573 0.591249 0.251468 
0.591249 0.463017 -0.543246 
0.251468 -0.543246 1.39692 
2.92601 0.583922 0.248388 
0.583922 0.456246 -0.532997 
0.248388 -0.532997 1.37621 
2.88076 0.575602 0.244892 
0.575602 0.44851 -0.521195 
0.244892 -0.521195 1.35253 
2.83011 0.566317 0.240993 
0.566317 0.439822 -0.507836 
0.240993 -0.507836 1.32592 
2.77423 0.556108 0.236708 
0.556108 0.430202 -0.492922 
0.236708 -0.492922 1.29645 
2.71332 0.545022 0.232058 
0.545022 0.41968 -0.476465 
0.232058 -0.476465 1.2642 
2.6477 0.533126 0.227074 
0.533126 0.408295 -0.458486 
0.227074 -0.458486 1.22928 
2.57774 0.5205 0.221789 
0.5205 0.3961 -0.439022 
0.221789 -0.439022 1.19186 
2.50389 0.507243 0.216249 
0.507243 0.383161 -0.418126 
0.216249 -0.418126 1.15213 
2.42673 0.493475 0.210504 
0.493475 0.369562 -0.395872 
0.210504 -0.395872 1.11034 
2.34695 0.479334 0.204616 
0.479334 0.355404 -0.372358 
0.204616 -0.372358 1.0668 
2.26531 0.464983 0.198655 
0.464983 0.340805 -0.347708 
0.198655 -0.347708 1.02187 
2.18274 0.450601 0.1927 
0.450601 0.325903 -0.322074 
0.1927 -0.322074 0.975958 
2.10022 0.436389 0.186838 
0.436389 0.310856 -0.29564 
0.186838 -0.29564 0.929552 
2.01884 0.422556 0.181162 
0.422556 0.295835 -0.268619 
0.181162 -0.268619 0.883172 
1.93974 0.409323 0.175766 
0.409323 0.281022 -0.241251 
0.175766 -0.241251 0.83738 
1.86407 0.396907 0.170746 
0.396907 0.266611 -0.213801 
0.170746 -0.213801 0.792762 
1.79295 0.385517 0.166193 
0.385517 0.252789 -0.186555 
0.166193 -0.186555 0.749906 
1.72743 0.375338 0.162188 
0.375338 0.239742 -0.159807 
0.162188 -0.159807 0.709382 
1.6684 0.366521 0.158799 
0.366521 0.227634 -0.133853 
0.158799 -0.133853 0.671708 
1.61659 0.359175 0.156072 
0.359175 0.216605 -0.108979 
0.156072 -0.108979 0.637329 
1.57242 0.353352 0.154033 
0.353352 0.206761 -0.0854503 
0.154033 -0.0854503 0.606587 
1.53608 0.349044 0.152677 
0.349044 0.198167 -0.063498 
0.152677 -0.063498 0.579702 
1.50741 0.346177 0.151975 
0.346177 0.19084 -0.0433111 
0.151975 -0.0433111 0.556757 
1.48596 0.344616 0.15187 
0.344616 0.184752 -0.0250277 
0.15187 -0.0250277 0.537693 
1.471 0.34417 0.152278 
0.344169 0.179831 -0.00873114 
0.152278 -0.00873114 0.522311 
1.46155 0.344602 0.1531 
0.344601 0.175963 0.00555081 
0.1531 0.00555081 0.510296 
1.45645 0.345645 0.154218 
0.345645 0.173004 0.0178435 
0.154218 0.0178435 0.501228 
1.45445 0.347019 0.155512 
0.347019 0.170789 0.0282194 
0.155512 0.0282194 0.494626 
1.45429 0.348445 0.156862 
0.348445 0.169141 0.0367895 
0.156862 0.0367895 0.489968 
1.45473 0.349664 0.158154 
0.349664 0.167887 0.0436937 
0.158154 0.0436937 0.486734 
1.45467 0.350447 0.159289 
0.350446 0.166861 0.0490905 
0.159289 0.0490905 0.484429 
1.45316 0.350603 0.160184 
0.350603 0.165917 0.0531473 
0.160184 0.0531473 0.482607 
1.44945 0.34999 0.160776 
0.34999 0.164931 0.0560322 
0.160776 0.0560322 0.480886 
1.44298 0.348508 0.161021 
0.348508 0.163804 0.0579067 
0.161021 0.0579067 0.47896 
1.43338 0.346103 0.160895 
0.346103 0.162465 0.0589215 
0.160895 0.0589215 0.476598 
1.42047 0.342758 0.160391 
0.342758 0.160863 0.0592127 
0.160391 0.0592127 0.473641 
1.40421 0.338492 0.159515 
0.338491 0.158973 0.0589008 
0.159515 0.0589008 0.469993 
1.38471 0.333346 0.158288 
0.333346 0.156785 0.0580903 
0.158288 0.0580903 0.465615 
1.36214 0.327384 0.156735 
0.327384 0.154306 0.05687 
0.156735 0.05687 0.46051 
1.33677 0.32068 0.154889 
0.32068 0.151551 0.055315 
0.154889 0.055315 0.454714 
1.30887 0.313316 0.152786 
0.313315 0.148544 0.0534875 
0.152786 0.0534875 0.448287 
1.27878 0.305376 0.150464 
0.305376 0.145314 0.0514389 
0.150464 0.0514389 0.441303 
1.2468 0.296943 0.14796 
0.296943 0.141891 0.0492113 
0.14796 0.0492113 0.433846 
1.21325 0.288098 0.145307 
0.288098 0.138306 0.0468395 
0.145307 0.0468395 0.425999 
1.17842 0.278916 0.142541 
0.278916 0.134589 0.0443516 
0.142541 0.0443516 0.417846 
1.14258 0.269465 0.139691 
0.269465 0.130769 0.0417707 
0.139691 0.0417707 0.409467 
1.10598 0.259809 0.136784 
0.259809 0.126872 0.0391161 
0.136784 0.0391161 0.400936 
1.06885 0.250003 0.133846 
0.250003 0.122924 0.0364034 
0.133846 0.0364034 0.392322 
1.03138 0.240098 0.130899 
0.240098 0.118946 0.0336461 
0.130899 0.0336461 0.383684 
0.993769 0.230138 0.127962 
0.230138 0.114958 0.0308554 
0.127962 0.0308554 0.375077 
0.956161 0.220165 0.125051 
0.220165 0.110979 0.0280409 
0.125051 0.0280409 0.366549 
0.918703 0.210213 0.122183 
0.210213 0.107023 0.0252113 
0.122183 0.0252113 0.358142 
0.881521 0.200316 0.11937 
0.200316 0.103107 0.0223742 
0.11937 0.0223742 0.349893 
0.844726 0.190501 0.116625 
0.190501 0.0992428 0.0195365 
0.116624 0.0195365 0.341835 
0.808421 0.180795 0.113956 
0.180795 0.0954429 0.0167046 
0.113956 0.0167046 0.333996 
0.772698 0.171223 0.111374 
0.171223 0.0917188 0.0138846 
0.111374 0.0138846 0.326401 
0.73764 0.161808 0.108887 
0.161808 0.0880813 0.0110821 
0.108887 0.0110821 0.319072 
0.703324 0.15257 0.106504 
0.15257 0.0845409 0.00830262 
0.106504 0.00830262 0.31203 
0.669824 0.143532 0.104231 
0.143532 0.081108 0.00555152 
0.104231 0.00555152 0.305292 
0.637205 0.134711 0.102076 
0.134711 0.0777928 0.00283387 
0.102076 0.00283387 0.298875 
0.605533 0.126127 0.100046 
0.126127 0.074606 0.000154657 
0.100046 0.000154657 0.292796 
0.574868 0.117798 0.0981493 
0.117798 0.0715583 -0.00248139 
0.0981493 -0.00248139 0.28707 
0.545269 0.109744 0.0963933 
0.109744 0.0686613 -0.00506975 
0.0963933 -0.00506975 0.281712 
0.516791 0.101983 0.0947866 
0.101983 0.0659269 -0.00760614 
0.0947866 -0.00760614 0.276739 
0.489491 0.0945314 0.0933382 
0.0945314 0.063368 -0.0100866 
0.0933382 -0.0100866 0.272168 
0.463421 0.0874087 0.0920583 
0.0874087 0.0609984 -0.0125076 
0.0920583 -0.0125076 0.268016 
0.438634 0.0806325 0.0909579 
0.0806325 0.0588327 -0.014866 
0.0909579 -0.014866 0.264303 
0.41518 0.0742207 0.090049 
0.0742207 0.0568866 -0.0171592 
0.090049 -0.0171592 0.261051 
0.393111 0.0681913 0.0893452 
0.0681913 0.055177 -0.0193851 
0.0893452 -0.0193851 0.258281 
0.372475 0.062562 0.0888609 
0.062562 0.0537216 -0.0215422 
0.0888609 -0.0215422 0.256021 
0.353321 0.05735 0.0886121 
0.05735 0.0525393 -0.0236298 
0.088612 -0.0236298 0.254297 
0.335693 0.0525725 0.0886156 
0.0525725 0.0516496 -0.025648 
0.0886156 -0.025648 0.25314 
0.319636 0.0482457 0.0888895 
0.0482457 0.0510727 -0.0275973 
0.0888895 -0.0275973 0.25258 
0.305193 0.0443853 0.0894527 
0.0443853 0.0508295 -0.0294792 
0.0894527 -0.0294792 0.252652 
0.2924 0.0410058 0.0903246 
0.0410058 0.0509407 -0.0312959 
0.0903246 -0.0312959 0.253389 
0.281293 0.0381204 0.0915248 
0.0381204 0.0514268 -0.0330503 
0.0915248 -0.0330503 0.254828 
0.271901 0.0357407 0.093073 
0.0357407 0.0523078 -0.034746 
0.093073 -0.034746 0.257004 
0.26425 0.0338764 0.0949879 
0.0338764 0.0536023 -0.0363872 
0.0949879 -0.0363872 0.259949 
0.258355 0.032535 0.0972873 
0.0325349 0.0553275 -0.0379785 
0.0972873 -0.0379785 0.263697 
0.254229 0.0317212 0.0999875 
0.0317212 0.0574984 -0.039525 
0.0999875 -0.039525 0.268277 
0.251872 0.0314371 0.103102 
0.0314371 0.0601273 -0.041032 
0.103102 -0.041032 0.273714 
0.251278 0.0316817 0.106642 
0.0316817 0.0632232 -0.042505 
0.106642 -0.042505 0.280028 
0.252428 0.0324504 0.110616 
0.0324504 0.0667915 -0.0439495 
0.110616 -0.0439495 0.287233 
0.255295 0.0337351 0.115027 
0.0337351 0.0708337 -0.0453709 
0.115027 -0.0453709 0.295335 
0.259839 0.035524 0.119876 
0.035524 0.0753464 -0.0467741 
0.119876 -0.0467741 0.304333 
0.266007 0.0378015 0.125156 
0.0378015 0.0803218 -0.0481638 
0.125156 -0.0481638 0.314216 
0.273738 0.0405481 0.130859 
0.0405481 0.0857469 -0.0495441 
0.130859 -0.0495441 0.324964 
0.282956 0.0437405 0.13697 
0.0437405 0.0916039 -0.0509185 
0.13697 -0.0509185 0.336548 
0.293575 0.0473519 0.143469 
0.0473519 0.0978696 -0.0522897 
0.143469 -0.0522897 0.348929 
0.305498 0.0513519 0.150331 
0.0513519 0.104516 -0.0536596 
0.150331 -0.0536596 0.362057 
0.318617 0.0557068 0.157526 
0.0557068 0.111511 -0.0550293 
0.157526 -0.0550293 0.375873 
0.332815 0.0603803 0.16502 
0.0603802 0.118817 -0.0563992 
0.16502 -0.0563992 0.390309 
0.347967 0.0653332 0.172775 
0.0653332 0.126394 -0.0577686 
0.172775 -0.0577686 0.405289 
0.363942 0.0705246 0.180748 
0.0705246 0.134196 -0.0591361 
0.180748 -0.0591361 0.420728 
0.380602 0.0759115 0.188893 
0.0759115 0.142176 -0.0604995 
0.188893 -0.0604995 0.436537 
0.397804 0.0814499 0.197162 
0.0814499 0.150284 -0.061856 
0.197162 -0.061856 0.452619 
0.415404 0.0870947 0.205505 
0.0870947 0.158469 -0.0632021 
0.205505 -0.0632021 0.468874 
0.433257 0.0928008 0.213869 
0.0928008 0.166677 -0.0645334 
0.213869 -0.0645334 0.485198 
0.451215 0.0985229 0.222202 
0.0985229 0.174854 -0.0658457 
0.222202 -0.0658457 0.501486 
0.469133 0.104216 0.230451 
0.104216 0.182947 -0.0671338 
0.230451 -0.0671338 0.517632 
0.48687 0.109837 0.238561 
0.109837 0.190903 -0.0683925 
0.238561 -0.0683925 0.53353 
0.504287 0.115342 0.246482 
0.115342 0.198668 -0.0696166 
0.246482 -0.0696166 0.549076 
0.521248 0.12069 0.25416 
0.12069 0.206191 -0.0708003 
0.25416 -0.0708003 0.564167 
0.537625 0.125842 0.261549 
0.125842 0.213425 -0.0719382 
0.261549 -0.0719382 0.578705 
0.553296 0.13076 0.268599 
0.13076 0.22032 -0.0730249 
0.268599 -0.0730249 0.592595 
0.568145 0.135409 0.275266 
0.135409 0.226834 -0.074055 
0.275266 -0.074055 0.605746 
0.582063 0.139756 0.281506 
0.139756 0.232922 -0.0750233 
0.281506 -0.0750233 0.618073 
0.594949 0.143769 0.287281 
0.143769 0.238547 -0.0759249 
0.287281 -0.0759249 0.629496 
0.60671 0.147421 0.292553 
0.147421 0.243672 -0.0767549 
0.292553 -0.0767549 0.639941 
0.617259 0.150685 0.297288 
0.150685 0.248264 -0.0775091 
0.297288 -0.0775091 0.649338 
0.626518 0.153538 0.301454 
0.153538 0.252291 -0.078183 
0.301454 -0.078183 0.657625 
0.634416 0.155958 0.305022 
0.155958 0.255725 -0.0787727 
0.305022 -0.0787727 0.664742 
0.640888 0.157926 0.307967 
0.157926 0.258542 -0.0792743 
0.307967 -0.0792743 0.670636 
0.645874 0.159425 0.310262 
0.159425 0.260718 -0.0796839 
0.310262 -0.0796839 0.675257 
0.64932 0.16044 0.311887 
0.16044 0.262233 -0.0799978 
0.311887 -0.0799978 0.678557 
0.651178 0.160956 0.312819 
0.160956 0.263066 -0.080212 
0.312819 -0.080212 0.680494 
0.651401 0.160962 0.313038 
0.160962 0.263201 -0.0803222 
0.313038 -0.0803222 0.681023 
0.649944 0.160446 0.312523 
0.160446 0.262619 -0.0803239 
0.312523 -0.0803239 0.680101 
0.646766 0.159399 0.311253 
0.159399 0.261306 -0.0802119 
0.311253 -0.0802119 0.677682 
0.641826 0.157813 0.309207 
0.157813 0.259245 -0.07998 
0.309207 -0.07998 0.673719 
0.635083 0.155681 0.30636 
0.155681 0.256422 -0.0796213 
0.30636 -0.0796213 0.668162 
0.626498 0.152998 0.302686 
0.152998 0.252822 -0.0791278 
0.302686 -0.0791278 0.660954 
0.616038 0.149762 0.298155 
0.149762 0.248433 -0.0784902 
0.298155 -0.0784902 0.652036 
0.603672 0.145977 0.292735 
0.145977 0.243246 -0.0776984 
0.292735 -0.0776984 0.641344 
0.589387 0.141653 0.286391 
0.141653 0.237257 -0.0767412 
0.286391 -0.0767412 0.628814 
0.573187 0.136811 0.279082 
0.136811 0.230471 -0.0756072 
0.279082 -0.0756072 0.614385 
0.555114 0.131486 0.270769 
0.131486 0.22291 -0.0742859 
0.270769 -0.0742859 0.598005 
0.535259 0.125736 0.261408 
0.125736 0.214615 -0.0727685 
0.261408 -0.0727685 0.579643 
0.513788 0.119649 0.250957 
0.119649 0.205659 -0.0710506 
0.250957 -0.0710506 0.5593 
0.490967 0.11335 0.239379 
0.11335 0.196156 -0.0691342 
0.239379 -0.0691342 0.537029 
0.467195 0.107017 0.226641 
0.107017 0.186275 -0.0670312 
0.226641 -0.0670312 0.51295 
0.44303 0.100883 0.212719 
0.100883 0.17625 -0.0647672 
0.212719 -0.0647672 0.487274 
0.41922 0.0952512 0.197602 
0.0952512 0.166392 -0.0623849 
0.197602 -0.0623849 0.460323 
0.396715 0.0904954 0.181296 
0.0904954 0.157095 -0.0599471 
0.181296 -0.0599471 0.432544 
0.376666 0.0870562 0.163824 
0.0870562 0.148832 -0.0575386 
0.163824 -0.0575386 0.404516 
0.360389 0.0854271 0.145231 
0.0854271 0.142143 -0.0552654 
0.145231 -0.0552654 0.376939 
0.349305 0.0861281 0.125587 
0.0861281 0.137609 -0.0532507 
0.125587 -0.0532507 0.350608 
0.344839 0.0896672 0.104986 
0.0896672 0.135807 -0.0516281 
0.104986 -0.0516281 0.326369 
0.348291 0.0964927 0.0835492 
0.0964927 0.137266 -0.0505303 
0.0835492 -0.0505303 0.30505 
0.360708 0.106942 0.0614233 
0.106942 0.142404 -0.050077 
0.0614233 -0.050077 0.287395 
0.382747 0.121197 0.0387808 
0.121197 0.151483 -0.0503616 
0.0387808 -0.0503616 0.273989 
0.414589 0.139251 0.015817 
0.139251 0.164566 -0.0514406 
0.015817 -0.0514406 0.265203 
0.455897 0.160899 -0.00725504 
0.160899 0.181508 -0.0533265 
-0.00725504 -0.0533265 0.261158 
0.505836 0.185746 -0.0302117 
0.185746 0.201961 -0.0559864 
-0.0302117 -0.0559864 0.261726 
0.563151 0.213246 -0.0528271 
0.213246 0.225408 -0.059346 
-0.0528271 -0.059346 0.266551 
0.626286 0.242745 -0.0748833 
0.242745 0.251208 -0.063298 
-0.0748833 -0.063298 0.2751 
0.693521 0.273539 -0.0961793 
0.273539 0.27866 -0.0677134 
-0.0961793 -0.0677134 0.286718 
0.763112 0.304927 -0.11654 
0.304927 0.307052 -0.0724533 
-0.11654 -0.0724533 0.3007 
0.833403 0.336251 -0.13582 
0.336251 0.33571 -0.0773794 
-0.13582 -0.0773794 0.316338 
0.902913 0.366933 -0.153908 
0.366933 0.364033 -0.082363 
-0.153908 -0.082363 0.332973 
0.970381 0.396488 -0.170727 
0.396488 0.39151 -0.0872904 
-0.170727 -0.0872904 0.350014 
1.03479 0.424529 -0.186229 
0.424529 0.417729 -0.0920658 
-0.186229 -0.0920658 0.366965 
1.09536 0.450767 -0.200395 
0.450767 0.442375 -0.0966119 
-0.200395 -0.0966119 0.383417 
1.15151 0.474994 -0.213225 
0.474994 0.465216 -0.100869 
-0.213225 -0.100869 0.399051 
1.20285 0.497073 -0.224735 
0.497073 0.486093 -0.104792 
-0.224735 -0.104792 0.413621 
1.2491 0.516918 -0.234951 
0.516918 0.504899 -0.108348 
-0.234951 -0.108348 0.426945 
1.29011 0.534478 -0.243899 
0.534478 0.521569 -0.111513 
-0.243899 -0.111513 0.438887 
1.32576 0.549728 -0.25161 
0.549728 0.53606 -0.114269 
-0.25161 -0.114269 0.449346 
1.35597 0.562648 -0.258104 
0.562648 0.548341 -0.116602 
-0.258104 -0.116602 0.458243 
1.38066 0.573218 -0.263393 
0.573218 0.55838 -0.118497 
-0.263393 -0.118497 0.465508 
1.39973 0.581405 -0.26748 
0.581405 0.566137 -0.119939 
-0.26748 -0.119939 0.471074 
1.41304 0.58716 -0.270348 
0.58716 0.571557 -0.12091 
-0.270348 -0.12091 0.47487 
1.4204 0.590416 -0.271968 
0.590416 0.574564 -0.121386 
-0.271968 -0.121386 0.476813 
1.42156 0.591078 -0.272289 
0.591078 0.57506 -0.12134 
-0.272289 -0.12134 0.476813 
1.41624 0.589033 -0.271244 
0.589033 0.572925 -0.120738 
-0.271244 -0.120738 0.474767 
1.40409 0.584154 -0.268747 
0.584154 0.568026 -0.119541 
-0.268747 -0.119541 0.470566 
1.38476 0.576304 -0.264695 
0.576304 0.560217 -0.117705 
-0.264695 -0.117705 0.464105 
1.35792 0.565359 -0.258974 
0.565359 0.549364 -0.115185 
-0.258974 -0.115185 0.45529 
1.32328 0.551225 -0.251461 
0.551225 0.535354 -0.111935 
-0.251461 -0.111935 0.444066 
1.28072 0.533868 -0.242037 
0.533868 0.518131 -0.107915 
-0.242037 -0.107915 0.430431 
1.23029 0.513352 -0.230595 
0.513352 0.497723 -0.103096 
-0.230595 -0.103096 0.414472 
1.17239 0.489872 -0.217056 
0.489872 0.474283 -0.0974631 
-0.217056 -0.0974631 0.396395 
1.10778 0.4638 -0.201385 
0.4638 0.448125 -0.0910305 
-0.201385 -0.0910305 0.376556 
1.03772 0.435708 -0.183612 
0.435708 0.419753 -0.0838425 
-0.183612 -0.0838425 0.355486 
0.963978 0.406391 -0.163846 
0.406391 0.38988 -0.0759823 
-0.163846 -0.0759823 0.333896 
0.888803 0.376848 -0.142288 
0.376848 0.359419 -0.0675741 
-0.142288 -0.0675741 0.312665 
0.814844 0.348232 -0.119235 
0.348232 0.329438 -0.0587815 
-0.119235 -0.0587815 0.292788 
0.744945 0.321769 -0.0950757 
0.321769 0.301089 -0.0497999 
-0.0950757 -0.0497999 0.275298 
0.681883 0.298634 -0.0702704 
0.298634 0.275493 -0.0408432 
-0.0702704 -0.0408432 0.26116 
0.62807 0.279822 -0.0453217 
0.279822 0.253627 -0.0321265 
-0.0453217 -0.0321265 0.251157 
0.585273 0.266028 -0.0207373 
0.266028 0.236209 -0.0238469 
-0.0207373 -0.0238469 0.245786 
0.554421 0.257567 0.00300862 
0.257567 0.223614 -0.016167 
0.00300862 -0.016167 0.245195 
0.535535 0.254348 0.0255091 
0.254348 0.215854 -0.00920283 
0.0255091 -0.00920283 0.249171 
0.527792 0.255913 0.0464485 
0.255913 0.2126 -0.00301918 
0.0464485 -0.00301919 0.257182 
0.529714 0.261524 0.0656136 
0.261524 0.213256 0.00236805 
0.0656136 0.00236805 0.268463 
0.539415 0.270276 0.082892 
0.270276 0.217062 0.006984 
0.082892 0.00698399 0.282126 
0.554859 0.281223 0.0982616 
0.281223 0.223197 0.0108838 
0.0982616 0.0108838 0.297268 
0.574086 0.293466 0.111773 
0.293466 0.23087 0.0141411 
0.111773 0.0141411 0.313056 
0.59537 0.306231 0.12353 
0.306231 0.239383 0.0168377 
0.12353 0.0168377 0.328791 
0.617305 0.3189 0.133671 
0.3189 0.248169 0.0190554 
0.133671 0.0190554 0.343931 
0.638828 0.331018 0.142354 
0.331018 0.256798 0.0208711 
0.142354 0.0208711 0.358096 
0.659201 0.342285 0.149743 
0.342285 0.264971 0.0223537 
0.149743 0.0223537 0.371053 
0.677967 0.352527 0.155997 
0.352527 0.272503 0.0235625 
0.155997 0.0235625 0.382687 
0.694887 0.361671 0.161267 
0.361671 0.279296 0.0245478 
0.161267 0.0245478 0.392976 
0.709887 0.369716 0.165694 
0.369716 0.28532 0.0253512 
0.165694 0.0253512 0.401964 
0.723005 0.376712 0.1694 
0.376712 0.290589 0.0260069 
0.1694 0.0260069 0.409734 
0.734352 0.382735 0.172495 
0.382735 0.295148 0.0265426 
0.172495 0.0265426 0.416395 
0.744079 0.38788 0.175073 
0.38788 0.299055 0.0269807 
0.175073 0.0269807 0.422065 
0.752351 0.392244 0.177217 
0.392244 0.30238 0.0273393 
0.177217 0.0273393 0.42686 
0.759339 0.395922 0.178995 
0.395922 0.305187 0.0276327 
0.178995 0.0276327 0.430892 
0.765199 0.399001 0.180464 
0.399001 0.307542 0.0278727 
0.180464 0.0278727 0.434261 
0.770071 0.401557 0.181672 
0.401557 0.3095 0.0280682 
0.181672 0.0280682 0.437055 
0.77407 0.403654 0.182654 
0.403654 0.311108 0.0282262 
0.182654 0.0282262 0.439344 
0.777283 0.405336 0.183437 
0.405336 0.312399 0.0283515 
0.183437 0.0283515 0.441179 
0.779755 0.40663 0.184037 
0.40663 0.313392 0.0284473 
0.184037 0.0284473 0.442589 
0.781483 0.407535 0.184456 
0.407535 0.314087 0.0285141 
0.184456 0.0285141 0.443575 
0.782396 0.408013 0.184678 
0.408013 0.314454 0.02855 
0.184678 0.02855 0.444096 
0.782331 0.407978 0.184666 
0.407978 0.314427 0.028549 
0.184666 0.028549 0.44406 
0.780989 0.407275 0.18435 
0.407275 0.313887 0.0285003 
0.18435 0.0285003 0.443298 
0.777893 0.405648 0.183616 
0.405648 0.312639 0.0283855 
0.183616 0.0283855 0.441538 
0.77232 0.40271 0.182287 
0.40271 0.310391 0.0281757 
0.182287 0.0281757 0.438367 
0.763245 0.397896 0.18011 
0.397896 0.306721 0.027827 
0.18011 0.027827 0.433195 
0.749305 0.390429 0.176734 
0.390429 0.301063 0.0272748 
0.176734 0.0272748 0.425231 
0.728853 0.379307 0.17171 
0.379307 0.292715 0.0264264 
0.17171 0.0264264 0.413502 
0.700196 0.363348 0.164508 
0.363348 0.280911 0.0251525 
0.164508 0.0251525 0.396968 
0.662129 0.341356 0.154602 
0.341356 0.265006 0.0232801 
0.154602 0.0232801 0.374791 
0.61484 0.31244 0.141612 
0.31244 0.244792 0.0205914 
0.141612 0.0205914 0.346814 
0.561008 0.276482 0.125521 
0.276482 0.220915 0.0168392 
0.125521 0.0168392 0.314148 
0.506532 0.234592 0.106878 
0.234592 0.195182 0.0117911 
0.106878 0.0117911 0.279613 
0.460009 0.18927 0.086864 
0.18927 0.170483 0.00530887 
0.086864 0.00530887 0.247554 
0.430449 0.143995 0.0670841 
0.143995 0.15009 -0.00255705 
0.0670841 -0.00255705 0.222754 
0.423975 0.102293 0.0491266 
0.102293 0.136558 -0.0115085 
0.0491266 -0.0115085 0.208777 
0.441418 0.066732 0.0341024 
0.066732 0.130828 -0.0210297 
0.0341024 -0.0210297 0.20667 
0.478366 0.0383991 0.0224219 
0.0383991 0.132096 -0.0305098 
0.0224219 -0.0305098 0.214839 
0.527391 0.0170384 0.0138809 
0.0170384 0.138411 -0.0393955 
0.0138809 -0.0393955 0.230045 
0.580828 0.00158035 0.00792333 
0.00158035 0.14753 -0.0472983 
0.00792336 -0.0472983 0.248729 
0.632654 -0.00930612 0.00390152 
-0.00930612 0.157551 -0.0540242 
0.00390156 -0.0540242 0.267961 
0.679083 -0.0168551 0.00123744 
-0.0168551 0.167167 -0.0595407 
0.00123748 -0.0595407 0.285797 
0.718287 -0.0220532 -0.000516571 
-0.0220532 0.175636 -0.0639197 
-0.000516528 -0.0639197 0.301194 
0.749775 -0.0256244 -0.0016791 
-0.0256244 0.182632 -0.0672827 
-0.00167906 -0.0672827 0.313752 
0.773802 -0.0280731 -0.00246609 
-0.0280731 0.188079 -0.0697614 
-0.00246605 -0.0697614 0.323451 
0.790928 -0.0297408 -0.00302101 
-0.0297408 0.192029 -0.0714741 
-0.00302096 -0.0714741 0.330449 
0.801748 -0.0308557 -0.00344018 
-0.0308557 0.194578 -0.0725135 
-0.00344013 -0.0725135 0.334952 
0.806736 -0.0315701 -0.00379185 
-0.0315701 0.195816 -0.0729412 
-0.0037918 -0.0729412 0.337144 
0.806177 -0.0319876 -0.0041302 
-0.0319876 0.195809 -0.0727864 
-0.00413015 -0.0727864 0.337147 
0.800133 -0.0321824 -0.00450658 
-0.0321824 0.194585 -0.0720439 
-0.00450653 -0.0720439 0.335017 
0.788437 -0.0322153 -0.00497982 
-0.0322153 0.192135 -0.0706727 
-0.00497977 -0.0706727 0.330738 
0.770721 -0.0321475 -0.00562797 
-0.0321475 0.188427 -0.0685933 
-0.00562792 -0.0685933 0.324244 
0.746447 -0.0320575 -0.0065634 
-0.0320575 0.183422 -0.0656832 
-0.00656336 -0.0656832 0.315454 
0.715011 -0.0320624 -0.00795344 
-0.0320624 0.177117 -0.0617729 
-0.0079534 -0.0617729 0.304332 
0.6759 -0.0323467 -0.0100479 
-0.0323467 0.169602 -0.0566422 
-0.0100479 -0.0566422 0.290992 
0.628965 -0.0332 -0.0132128 
-0.0332 0.161155 -0.050024 
-0.0132127 -0.050024 0.275851 
0.574813 -0.0350572 -0.0179626 
-0.0350572 0.152366 -0.0416178 
-0.0179625 -0.0416178 0.259834 
0.515281 -0.038526 -0.0249731 
-0.038526 0.144254 -0.0311262 
-0.0249731 -0.0311262 0.244581 
0.453831 -0.0443677 -0.0350393 
-0.0443677 0.138331 -0.0183219 
-0.0350393 -0.0183219 0.232561 
0.395573 -0.0533842 -0.048933 
-0.0533842 0.13648 -0.00314846 
-0.048933 -0.00314847 0.226886 
0.34654 -0.0661804 -0.0671381 
-0.0661804 0.140555 0.0141625 
-0.0671381 0.0141625 0.230672 
0.312139 -0.0828425 -0.0895186 
-0.0828425 0.151724 0.0330066 
-0.0895185 0.0330066 0.245961 
0.295257 -0.102684 -0.115085 
-0.102684 0.169819 0.052422 
-0.115085 0.052422 0.272639 
0.2951 -0.124258 -0.142066 
-0.124258 0.193118 0.0712475 
-0.142066 0.0712475 0.308048 
0.30758 -0.145717 -0.168332 
-0.145717 0.218808 0.0883845 
-0.168332 0.0883845 0.347711 
0.327059 -0.165346 -0.191997 
-0.165346 0.243913 0.103049 
-0.191997 0.103049 0.38683 
0.348332 -0.182001 -0.211861 
-0.182001 0.266158 0.114894 
-0.211861 0.114894 0.421689 
0.367836 -0.195239 -0.227533 
-0.195239 0.284356 0.123983 
-0.227533 0.123983 0.450309 
0.383838 -0.205197 -0.239263 
-0.205197 0.29831 0.130653 
-0.239263 0.130653 0.472306 
0.395982 -0.212355 -0.247665 
-0.212355 0.308467 0.135367 
-0.247665 0.135367 0.488343 
0.404683 -0.21731 -0.253468 
-0.21731 0.315558 0.138593 
-0.253468 0.138593 0.499548 
0.410651 -0.220635 -0.257357 
-0.220635 0.320341 0.140742 
-0.257357 0.140742 0.507113 
0.414606 -0.222808 -0.259896 
-0.222808 0.323479 0.14214 
-0.259896 0.14214 0.512076 
0.417156 -0.224197 -0.261517 
-0.224197 0.325488 0.14303 
-0.261517 0.14303 0.515256 
0.418761 -0.225066 -0.262532 
-0.225066 0.326748 0.143586 
-0.262532 0.143586 0.51725 
0.419752 -0.225601 -0.263156 
-0.225601 0.327524 0.143928 
-0.263156 0.143928 0.518478 
0.420351 -0.225925 -0.263533 
-0.225925 0.327993 0.144135 
-0.263533 0.144135 0.51922 
0.420708 -0.226116 -0.263757 
-0.226116 0.328271 0.144257 
-0.263757 0.144257 0.519661 
0.420915 -0.226228 -0.263887 
-0.226228 0.328433 0.144328 
-0.263887 0.144328 0.519917 
0.421032 -0.226291 -0.263961 
-0.226291 0.328525 0.144368 
-0.263961 0.144368 0.520062 
0.421095 -0.226325 -0.264 
-0.226325 0.328573 0.14439 
-0.264 0.14439 0.520139 
0.421123 -0.22634 -0.264018 
-0.22634 0.328596 0.1444 
-0.264018 0.1444 0.520174 
0.42113 -0.226343 -0.264022 
-0.226343 0.328601 0.144402 
-0.264022 0.144402 0.520182 
0.42112 -0.226338 -0.264016 
-0.226338 0.328593 0.144399 
-0.264016 0.144399 0.52017 
0.421096 -0.226325 -0.264001 
-0.226325 0.328574 0.14439 
-0.264001 0.14439 0.520141 
0.421057 -0.226304 -0.263976 
-0.226304 0.328544 0.144377 
-0.263976 0.144377 0.520092 
0.421 -0.226274 -0.263941 
-0.226274 0.3285 0.144357 
-0.263941 0.144357 0.520022 
0.420921 -0.226231 -0.263891 
-0.226231 0.328438 0.14433 
-0.263891 0.14433 0.519925 
0.420813 -0.226173 -0.263823 
-0.226173 0.328353 0.144293 
-0.263823 0.144293 0.519791 
0.420666 -0.226094 -0.263731 
-0.226094 0.328239 0.144242 
-0.263731 0.144242 0.519609 
0.420469 -0.225988 -0.263607 
-0.225988 0.328084 0.144174 
-0.263607 0.144174 0.519365 
0.420205 -0.225846 -0.26344 
-0.225846 0.327878 0.144083 
-0.26344 0.144083 0.519039 
0.419854 -0.225657 -0.263219 
-0.225657 0.327603 0.143961 
-0.263219 0.143961 0.518604 
0.41939 -0.225407 -0.262926 
-0.225407 0.32724 0.143799 
-0.262926 0.143799 0.51803 
0.418779 -0.225077 -0.262539 
-0.225077 0.326761 0.143585 
-0.262539 0.143585 0.517273 
0.417981 -0.224646 -0.262032 
-0.224646 0.326134 0.143303 
-0.262032 0.143302 0.516283 
0.416944 -0.224086 -0.261369 
-0.224086 0.325318 0.142932 
-0.261369 0.142932 0.514995 
0.415605 -0.22336 -0.260509 
-0.22336 0.324261 0.142448 
-0.260509 0.142448 0.513329 
0.413891 -0.222429 -0.259399 
-0.222429 0.322902 0.141816 
-0.259399 0.141816 0.51119 
0.411714 -0.221242 -0.257975 
-0.221242 0.321168 0.140997 
-0.257975 0.140997 0.508465 
0.408978 -0.219743 -0.25616 
-0.219743 0.318974 0.139936 
-0.25616 0.139936 0.505025 
0.405577 -0.21787 -0.253863 
-0.21787 0.316222 0.138568 
-0.253863 0.138568 0.500725 
0.401409 -0.215554 -0.250981 
-0.215554 0.31281 0.136809 
-0.250981 0.136809 0.495414 
0.396383 -0.21273 -0.247397 
-0.21273 0.30863 0.134555 
-0.247397 0.134555 0.488945 
0.390445 -0.209345 -0.242986 
-0.209345 0.303587 0.131674 
-0.242986 0.131674 0.481195 
0.383606 -0.205366 -0.237618 
-0.205366 0.297607 0.128004 
-0.237618 0.128004 0.472096 
0.375984 -0.200801 -0.231174 
-0.200801 0.290668 0.123347 
-0.231173 0.123347 0.461677 
0.367858 -0.195722 -0.223551 
-0.195722 0.282821 0.11746 
-0.223551 0.11746 0.450114 
0.359723 -0.190291 -0.21469 
-0.190291 0.274234 0.110057 
-0.21469 0.110057 0.437797 
0.352356 -0.184789 -0.20459 
-0.184789 0.26522 0.100807 
-0.20459 0.100807 0.42539 
0.346851 -0.179634 -0.19333 
-0.179634 0.256275 0.0893419 
-0.19333 0.0893418 0.41388 
0.344635 -0.175391 -0.181092 
-0.175391 0.248084 0.0752745 
-0.181092 0.0752745 0.404598 
0.347417 -0.172757 -0.168162 
-0.172757 0.241515 0.058229 
-0.168162 0.0582289 0.399182 
0.357067 -0.172518 -0.154927 
-0.172519 0.237559 0.0378828 
-0.154927 0.0378828 0.399468 
0.375424 -0.175468 -0.14185 
-0.175468 0.23724 0.0140193 
-0.14185 0.0140193 0.407311 
0.404047 -0.182307 -0.129425 
-0.182307 0.241486 -0.0134186 
-0.129425 -0.0134186 0.424345 
0.443949 -0.193536 -0.118123 
-0.193536 0.25099 -0.0442849 
-0.118123 -0.0442849 0.451724 
0.495396 -0.20936 -0.108339 
-0.20936 0.266096 -0.0782086 
-0.108339 -0.0782086 0.489912 
0.55779 -0.22964 -0.100344 
-0.22964 0.286722 -0.114603 
-0.100344 -0.114603 0.53856 
0.629705 -0.253895 -0.0942605 
-0.253895 0.31236 -0.15271 
-0.0942605 -0.15271 0.596521 
0.709041 -0.281362 -0.0900656 
-0.281362 0.342142 -0.191662 
-0.0900656 -0.191662 0.661981 
0.793276 -0.311087 -0.0876101 
-0.311087 0.374954 -0.230568 
-0.0876101 -0.230568 0.732689 
0.87975 -0.342042 -0.0866556 
-0.342042 0.40957 -0.268587 
-0.0866556 -0.268587 0.806221 
0.965913 -0.373227 -0.0869145 
-0.373227 0.444782 -0.304984 
-0.0869145 -0.304984 0.880218 
1.04952 -0.403746 -0.088087 
-0.403746 0.4795 -0.339173 
-0.088087 -0.339173 0.952579 
1.12876 -0.432861 -0.0898892 
-0.432861 0.51281 -0.370723 
-0.0898891 -0.370723 1.02157 
1.20223 -0.460002 -0.0920703 
-0.460003 0.544001 -0.399353 
-0.0920703 -0.399353 1.08584 
1.26898 -0.484764 -0.0944221 
-0.484765 0.572559 -0.424908 
-0.0944221 -0.424908 1.14447 
1.32841 -0.506881 -0.0967783 
-0.506881 0.598137 -0.447334 
-0.0967783 -0.447334 1.19681 
1.38018 -0.526195 -0.0990123 
-0.526195 0.620521 -0.466641 
-0.0990123 -0.466641 1.24251 
1.42413 -0.542624 -0.10103 
-0.542624 0.639594 -0.48288 
-0.10103 -0.48288 1.28138 
1.46023 -0.556131 -0.102763 
-0.556131 0.655295 -0.496111 
-0.102763 -0.496111 1.31334 
1.48848 -0.566699 -0.104164 
-0.566699 0.667589 -0.506389 
-0.104164 -0.506389 1.33835 
1.50884 -0.574307 -0.105199 
-0.574307 0.676444 -0.513739 
-0.105199 -0.513739 1.35637 
1.52125 -0.578918 -0.105844 
-0.578918 0.681809 -0.518151 
-0.105844 -0.518151 1.36732 
1.52556 -0.580467 -0.106088 
-0.580467 0.683608 -0.519566 
-0.106088 -0.519566 1.37104 
1.52156 -0.578861 -0.105926 
-0.578861 0.681733 -0.517873 
-0.105926 -0.517873 1.36734 
1.50893 -0.573981 -0.105371 
-0.573981 0.676048 -0.512906 
-0.105371 -0.512906 1.35592 
1.48735 -0.56569 -0.104452 
-0.56569 0.666405 -0.50445 
-0.104452 -0.50445 1.3365 
1.45649 -0.55386 -0.103227 
-0.55386 0.652668 -0.492245 
-0.103227 -0.492245 1.30879 
1.41615 -0.538396 -0.101797 
-0.538396 0.634752 -0.476008 
-0.101797 -0.476008 1.27258 
1.36629 -0.519282 -0.100317 
-0.519282 0.61267 -0.45545 
-0.100317 -0.45545 1.22789 
1.30727 -0.49663 -0.0990166 
-0.49663 0.5866 -0.430316 
-0.0990166 -0.430316 1.17501 
1.23992 -0.47074 -0.0982104 
-0.47074 0.55695 -0.400427 
-0.0982104 -0.400427 1.11473 
1.16571 -0.442152 -0.09831 
-0.442153 0.524423 -0.365733 
-0.09831 -0.365733 1.04837 
1.08688 -0.411689 -0.0998183 
-0.41169 0.490062 -0.326365 
-0.0998183 -0.326365 0.977972 
1.0064 -0.380459 -0.103306 
-0.380459 0.455251 -0.282685 
-0.103306 -0.282685 0.906222 
0.927877 -0.34981 -0.10936 
-0.34981 0.421652 -0.235317 
-0.10936 -0.235317 0.836389 
0.855277 -0.32123 -0.118515 
-0.32123 0.391072 -0.185143 
-0.118515 -0.185143 0.772042 
0.792472 -0.296185 -0.131159 
-0.296185 0.365262 -0.13327 
-0.131159 -0.13327 0.716671 
0.742747 -0.275929 -0.147444 
-0.275929 0.345684 -0.0809483 
-0.147444 -0.0809483 0.673221 
0.708314 -0.261322 -0.167226 
-0.261322 0.333286 -0.0294684 
-0.167226 -0.0294684 0.643662 
0.689998 -0.252715 -0.190043 
-0.252715 0.328367 0.0199588 
-0.190043 0.0199588 0.628702 
0.687158 -0.24991 -0.215154 
-0.24991 0.330545 0.0663044 
-0.215154 0.0663044 0.62772 
0.697871 -0.25223 -0.241628 
-0.25223 0.338849 0.108794 
-0.241628 0.108794 0.63894 
0.71932 -0.25866 -0.268462 
-0.25866 0.351909 0.146938 
-0.268462 0.146938 0.659783 
0.748271 -0.268018 -0.294697 
-0.268018 0.368176 0.180519 
-0.294697 0.180519 0.687295 
0.781514 -0.279126 -0.31951 
-0.279126 0.386129 0.209554 
-0.31951 0.209554 0.718556 
0.816201 -0.29093 -0.342269 
-0.29093 0.404436 0.234237 
-0.342269 0.234237 0.750981 
0.850033 -0.302572 -0.362549 
-0.302572 0.422029 0.254875 
-0.362549 0.254875 0.782488 
0.881316 -0.313417 -0.380118 
-0.313417 0.438133 0.271837 
-0.380118 0.271837 0.811548 
0.908914 -0.323032 -0.394895 
-0.323032 0.45224 0.285509 
-0.394895 0.285509 0.837139 
0.93215 -0.331154 -0.40691 
-0.331154 0.464055 0.296262 
-0.40691 0.296262 0.858659 
0.950687 -0.337644 -0.416263 
-0.337644 0.473444 0.30443 
-0.416263 0.30443 0.875812 
0.964409 -0.342449 -0.42308 
-0.342449 0.480371 0.3103 
-0.42308 0.3103 0.888503 
0.973326 -0.345562 -0.427491 
-0.345562 0.484854 0.314101 
-0.427491 0.314101 0.896748 
0.977495 -0.346992 -0.429604 
-0.346992 0.48693 0.316008 
-0.429604 0.316008 0.900605 
0.976969 -0.346753 -0.429494 
-0.346753 0.486627 0.316139 
-0.429494 0.316139 0.900126 
0.971765 -0.34484 -0.427195 
-0.34484 0.483947 0.31456 
-0.427195 0.31456 0.895327 
0.961848 -0.341233 -0.4227 
-0.341233 0.478863 0.311289 
-0.4227 0.311289 0.886176 
0.947135 -0.335888 -0.415959 
-0.335888 0.471314 0.306303 
-0.415959 0.306303 0.872596 
0.927509 -0.32875 -0.406892 
-0.32875 0.461215 0.299544 
-0.406892 0.299544 0.854477 
0.902854 -0.319754 -0.395397 
-0.319754 0.448469 0.290932 
-0.395397 0.290932 0.831704 
0.873095 -0.308847 -0.381372 
-0.308847 0.432985 0.280379 
-0.381372 0.280379 0.804206 
0.838261 -0.296001 -0.364731 
-0.296001 0.41471 0.267799 
-0.364731 0.267799 0.772001 
0.798559 -0.281244 -0.345439 
-0.281244 0.393656 0.253138 
-0.345439 0.253138 0.735266 
0.754439 -0.264677 -0.32354 
-0.264677 0.369938 0.236391 
-0.32354 0.236391 0.694406 
0.70667 -0.246507 -0.299187 
-0.246507 0.343811 0.217626 
-0.299187 0.217626 0.650111 
0.656381 -0.227059 -0.272673 
-0.227059 0.315693 0.19701 
-0.272673 0.19701 0.603406 
0.605063 -0.206784 -0.244442 
-0.206784 0.286179 0.174818 
-0.244442 0.174818 0.555646 
0.55451 -0.186248 -0.215086 
-0.186248 0.256026 0.151439 
-0.215086 0.151439 0.508467 
0.506691 -0.166094 -0.185321 
-0.166094 0.226107 0.127363 
-0.185321 0.127363 0.463671 
0.463563 -0.146987 -0.155929 
-0.146987 0.197342 0.103147 
-0.155929 0.103147 0.423054 
0.426844 -0.129547 -0.127689 
-0.129547 0.170606 0.0793711 
-0.127689 0.0793711 0.388201 
0.397801 -0.114275 -0.101303 
-0.114275 0.146628 0.0565885 
-0.101303 0.0565885 0.360293 
0.377099 -0.101503 -0.0773253 
-0.101503 0.125923 0.0352713 
-0.0773253 0.0352713 0.339963 
0.364736 -0.0913621 -0.0561169 
-0.0913621 0.108743 0.0157746 
-0.0561169 0.0157746 0.32724 
0.360098 -0.0837897 -0.0378332 
-0.0837897 0.0950793 -0.00168277 
-0.0378332 -0.00168277 0.321594 
0.362097 -0.0785618 -0.0224404 
-0.0785618 0.0847015 -0.0170167 
-0.0224404 -0.0170167 0.322062 
0.369359 -0.0753444 -0.00975408 
-0.0753444 0.0772186 -0.0302601 
-0.00975408 -0.0302601 0.327411 
0.38042 -0.0737491 0.000510288 
-0.0737491 0.0721527 -0.0415346 
0.000510288 -0.0415346 0.336324 
0.393892 -0.0733837 0.00868781 
-0.0733837 0.0690049 -0.0510194 
0.00868781 -0.0510194 0.347546 
0.408573 -0.0738889 0.0151229 
-0.0738889 0.0673052 -0.0589233 
0.0151229 -0.0589233 0.359983 
0.423501 -0.0749597 0.0201402 
-0.0749597 0.0666439 -0.0654613 
0.0201402 -0.0654613 0.372759 
0.437973 -0.076354 0.0240273 
-0.076354 0.0666853 -0.0708401 
0.0240273 -0.0708401 0.385226 
0.451515 -0.0778912 0.0270277 
-0.0778912 0.0671695 -0.0752477 
0.0270277 -0.0752477 0.396947 
0.463851 -0.0794448 0.0293405 
-0.0794448 0.0679041 -0.0788498 
0.0293405 -0.0788498 0.407659 
0.474852 -0.0809321 0.0311243 
-0.0809321 0.0687543 -0.0817885 
0.0311243 -0.0817885 0.417235 
0.484501 -0.0823043 0.0325031 
-0.0823043 0.0696296 -0.0841834 
0.0325031 -0.0841834 0.42565 
0.49285 -0.0835368 0.0335723 
-0.0835368 0.0704737 -0.0861341 
0.0335723 -0.0861341 0.432942 
0.499997 -0.084622 0.0344047 
-0.084622 0.071254 -0.0877226 
0.0344047 -0.0877226 0.439191 
0.506061 -0.085563 0.0350558 
-0.085563 0.0719547 -0.0890161 
0.0350558 -0.0890161 0.444498 
0.511169 -0.0863692 0.0355674 
-0.0863692 0.0725709 -0.0900696 
0.0355674 -0.0900696 0.448971 
0.515448 -0.0870534 0.0359712 
-0.0870534 0.0731042 -0.0909277 
0.0359712 -0.0909277 0.45272 
0.519014 -0.0876297 0.0362914 
-0.0876297 0.0735601 -0.0916268 
0.0362914 -0.0916268 0.455847 
0.521975 -0.0881123 0.0365462 
-0.0881123 0.0739465 -0.0921965 
0.0365462 -0.0921965 0.458444 
0.524426 -0.0885144 0.0367498 
-0.0885144 0.0742713 -0.0926609 
0.0367498 -0.0926609 0.460594 
0.52645 -0.088848 0.036913 
-0.088848 0.0745429 -0.0930394 
0.036913 -0.0930394 0.462369 
0.528116 -0.0891241 0.0370441 
-0.0891241 0.0747689 -0.0933479 
0.0370441 -0.0933479 0.463831 
0.529486 -0.0893518 0.0371497 
-0.0893518 0.0749562 -0.0935995 
0.0371497 -0.0935995 0.465034 
0.530611 -0.0895394 0.037235 
-0.0895394 0.075111 -0.0938046 
0.037235 -0.0938046 0.466021 
0.531534 -0.0896935 0.037304 
-0.0896935 0.0752387 -0.0939719 
0.037304 -0.0939719 0.466831 
0.53229 -0.08982 0.0373599 
-0.08982 0.0753437 -0.0941082 
0.0373599 -0.0941082 0.467495 
0.532908 -0.0899237 0.0374052 
-0.0899237 0.0754299 -0.0942195 
0.0374052 -0.0942195 0.468038 
0.533414 -0.0900086 0.037442 
-0.0900086 0.0755007 -0.0943102 
0.037442 -0.0943102 0.468482 
0.533828 -0.0900781 0.0374718 
-0.0900781 0.0755586 -0.0943841 
0.0374718 -0.0943841 0.468845 
0.534166 -0.0901349 0.0374961 
-0.0901349 0.0756061 -0.0944444 
0.0374961 -0.0944444 0.469142 
0.534442 -0.0901814 0.0375158 
-0.0901814 0.0756449 -0.0944936 
0.0375158 -0.0944936 0.469384 
0.534667 -0.0902193 0.0375319 
-0.0902193 0.0756766 -0.0945336 
0.0375319 -0.0945336 0.469582 
0.534851 -0.0902502 0.037545 
-0.0902502 0.0757025 -0.0945663 
0.037545 -0.0945663 0.469744 
0.535001 -0.0902755 0.0375556 
-0.0902755 0.0757236 -0.0945929 
0.0375556 -0.0945929 0.469875 
0.535123 -0.0902961 0.0375643 
-0.0902961 0.0757409 -0.0946146 
0.0375643 -0.0946146 0.469983 
0.535223 -0.0903129 0.0375713 
-0.0903129 0.075755 -0.0946323 
0.0375713 -0.0946323 0.47007 
