3,3,442
1.33115 0.230375 0.120104 
0.230375 0.256965 0.00766374 
0.120104 0.00766368 0.893838 
1.56836 0.289376 0.158318 
0.289376 0.28326 -0.00640102 
0.158318 -0.00640109 1.03002 
1.74632 0.330756 0.184327 
0.330756 0.306318 -0.0144396 
0.184327 -0.0144397 1.13588 
1.8604 0.356355 0.200133 
0.356355 0.322126 -0.0187907 
0.200133 -0.0187908 1.20494 
1.91631 0.368681 0.207662 
0.368681 0.330053 -0.0207446 
0.207662 -0.0207447 1.23907 
1.91896 0.369264 0.207983 
0.369264 0.330258 -0.0208664 
0.207983 -0.0208664 1.2407 
1.86859 0.358178 0.201131 
0.358178 0.322669 -0.019197 
0.201131 -0.0191971 1.20995 
1.7606 0.334023 0.186088 
0.334023 0.306875 -0.0152745 
0.186088 -0.0152746 1.14452 
1.58885 0.294319 0.160894 
0.294319 0.282844 -0.00798343 
0.160894 -0.00798349 1.04213 
1.35558 0.236955 0.123258 
0.236955 0.25297 0.00470561 
0.123258 0.00470556 0.907558 
1.09108 0.163695 0.0723949 
0.163695 0.225592 0.0257306 
0.0723949 0.0257306 0.765665 
0.869365 0.0847135 0.0122123 
0.0847135 0.216392 0.0575294 
0.0122123 0.0575294 0.669648 
0.775109 0.0173309 -0.0471855 
0.0173309 0.238641 0.0982637 
-0.0471855 0.0982637 0.672926 
0.817428 -0.0262706 -0.0944844 
-0.0262706 0.285331 0.139351 
-0.0944844 0.139351 0.767821 
0.916268 -0.0481423 -0.125005 
-0.0481423 0.332347 0.170911 
-0.125005 0.170911 0.885157 
0.997156 -0.0574401 -0.141548 
-0.0574401 0.363334 0.189669 
-0.141548 0.189669 0.970005 
1.04145 -0.0611372 -0.149428 
-0.0611372 0.378161 0.198633 
-0.149428 0.198633 1.0147 
1.06019 -0.0625844 -0.152881 
-0.0625844 0.383186 0.20213 
-0.152881 0.20213 1.03353 
1.06632 -0.0631531 -0.154354 
-0.0631531 0.383675 0.203137 
-0.154354 0.203137 1.03988 
1.06728 -0.0633847 -0.155018 
-0.0633847 0.382425 0.203159 
-0.155018 0.203159 1.04113 
1.06631 -0.0634862 -0.155358 
-0.0634862 0.380619 0.202829 
-0.155358 0.202829 1.04048 
1.06464 -0.0635318 -0.155552 
-0.0635318 0.378685 0.202376 
-0.155552 0.202376 1.03911 
1.06264 -0.0635458 -0.155662 
-0.0635458 0.376755 0.201875 
-0.155662 0.201875 1.03741 
1.06044 -0.0635356 -0.155705 
-0.0635356 0.374857 0.201345 
-0.155705 0.201345 1.03548 
1.05805 -0.0635036 -0.155689 
-0.0635036 0.372992 0.20079 
-0.155689 0.20079 1.03335 
1.05547 -0.0634504 -0.155615 
-0.0634504 0.37115 0.200208 
-0.155615 0.200208 1.03101 
1.05269 -0.0633764 -0.155484 
-0.0633764 0.369322 0.199598 
-0.155484 0.199598 1.02847 
1.04971 -0.0632817 -0.155297 
-0.0632817 0.3675 0.198957 
-0.155297 0.198957 1.02571 
1.04652 -0.0631665 -0.155055 
-0.0631665 0.365675 0.198284 
-0.155055 0.198284 1.02272 
1.0431 -0.0630309 -0.154759 
-0.0630309 0.363839 0.197575 
-0.154759 0.197575 1.01951 
1.03946 -0.0628749 -0.154408 
-0.0628749 0.361985 0.196831 
-0.154408 0.196831 1.01606 
1.03558 -0.0626986 -0.154004 
-0.0626986 0.360107 0.196048 
-0.154004 0.196048 1.01237 
1.03146 -0.0625018 -0.153546 
-0.0625018 0.358198 0.195225 
-0.153546 0.195225 1.00844 
1.02709 -0.0622847 -0.153034 
-0.0622847 0.356252 0.19436 
-0.153034 0.19436 1.00425 
1.02247 -0.0620471 -0.152469 
-0.0620471 0.354265 0.193453 
-0.152469 0.193453 0.999797 
1.01758 -0.0617889 -0.15185 
-0.0617889 0.352231 0.1925 
-0.15185 0.1925 0.995082 
1.01242 -0.06151 -0.151176 
-0.06151 0.350145 0.191502 
-0.151176 0.191502 0.990095 
1.00699 -0.0612102 -0.150449 
-0.0612102 0.348003 0.190456 
-0.150449 0.190456 0.98483 
1.00128 -0.0608893 -0.149667 
-0.0608893 0.345801 0.189361 
-0.149667 0.189361 0.979282 
0.995279 -0.0605472 -0.148831 
-0.0605472 0.343534 0.188216 
-0.148831 0.188216 0.973443 
0.988982 -0.0601836 -0.147938 
-0.0601836 0.341199 0.187018 
-0.147938 0.187018 0.967309 
0.982383 -0.0597982 -0.14699 
-0.0597982 0.338791 0.185768 
-0.14699 0.185768 0.960872 
0.975474 -0.0593909 -0.145985 
-0.0593909 0.336308 0.184463 
-0.145985 0.184463 0.954126 
0.968252 -0.0589613 -0.144923 
-0.0589613 0.333746 0.183103 
-0.144923 0.183103 0.947066 
0.960707 -0.0585093 -0.143803 
-0.0585093 0.331102 0.181685 
-0.143803 0.181685 0.939684 
0.952835 -0.0580344 -0.142625 
-0.0580344 0.328373 0.180209 
-0.142625 0.180209 0.931976 
0.94463 -0.0575365 -0.141387 
-0.0575365 0.325556 0.178674 
-0.141387 0.178674 0.923936 
0.936084 -0.0570152 -0.14009 
-0.0570152 0.322648 0.177079 
-0.14009 0.177079 0.915557 
0.927193 -0.0564703 -0.138732 
-0.0564703 0.319647 0.175422 
-0.138732 0.175422 0.906834 
0.917952 -0.0559015 -0.137312 
-0.0559015 0.31655 0.173702 
-0.137312 0.173702 0.897763 
0.908355 -0.0553086 -0.135831 
-0.0553086 0.313356 0.171919 
-0.135831 0.171919 0.888337 
0.898397 -0.0546913 -0.134287 
-0.0546913 0.310063 0.170072 
-0.134287 0.170072 0.878553 
0.888076 -0.0540494 -0.132679 
-0.0540494 0.306668 0.16816 
-0.132679 0.16816 0.868406 
0.877386 -0.0533828 -0.131009 
-0.0533828 0.303172 0.166182 
-0.131009 0.166182 0.857893 
0.866325 -0.0526913 -0.129274 
-0.0526913 0.299571 0.164138 
-0.129274 0.164138 0.847012 
0.854892 -0.0519748 -0.127474 
-0.0519748 0.295867 0.162028 
-0.127474 0.162028 0.835759 
0.843084 -0.0512332 -0.12561 
-0.0512332 0.292057 0.159852 
-0.12561 0.159852 0.824135 
0.830902 -0.0504665 -0.123681 
-0.0504665 0.288143 0.157609 
-0.123681 0.157609 0.812137 
0.818346 -0.0496749 -0.121687 
-0.0496749 0.284125 0.155301 
-0.121687 0.155301 0.799767 
0.805418 -0.0488584 -0.119629 
-0.0488584 0.280002 0.152926 
-0.119629 0.152926 0.787026 
0.792121 -0.0480172 -0.117507 
-0.0480172 0.275777 0.150487 
-0.117507 0.150487 0.773918 
0.778459 -0.0471517 -0.11532 
-0.0471517 0.271452 0.147984 
-0.11532 0.147984 0.760447 
0.764439 -0.0462621 -0.113071 
-0.0462621 0.267027 0.145419 
-0.113071 0.145419 0.746617 
0.750068 -0.0453489 -0.11076 
-0.0453489 0.262507 0.142793 
-0.11076 0.142793 0.732437 
0.735355 -0.0444128 -0.108389 
-0.0444128 0.257894 0.140107 
-0.108389 0.140107 0.717915 
0.720311 -0.0434544 -0.105958 
-0.0434544 0.253193 0.137365 
-0.105958 0.137365 0.703062 
0.70495 -0.0424745 -0.10347 
-0.0424745 0.248408 0.134569 
-0.10347 0.134569 0.68789 
0.689286 -0.0414741 -0.100927 
-0.0414741 0.243545 0.131722 
-0.100927 0.131722 0.672414 
0.673336 -0.0404542 -0.0983311 
-0.0404542 0.238609 0.128828 
-0.0983311 0.128828 0.656651 
0.65712 -0.0394159 -0.0956852 
-0.0394159 0.233608 0.12589 
-0.0956852 0.12589 0.640618 
0.640658 -0.0383607 -0.0929924 
-0.0383607 0.228548 0.122912 
-0.0929924 0.122912 0.624337 
0.623975 -0.03729 -0.0902563 
-0.03729 0.223438 0.119899 
-0.0902563 0.119899 0.607831 
0.607097 -0.0362054 -0.0874805 
-0.0362054 0.218288 0.116857 
-0.0874805 0.116857 0.591125 
0.590051 -0.0351086 -0.0846693 
-0.0351086 0.213105 0.11379 
-0.0846693 0.11379 0.574246 
0.572867 -0.0340016 -0.0818271 
-0.0340016 0.207902 0.110705 
-0.0818271 0.110705 0.557223 
0.555579 -0.0328864 -0.0789587 
-0.0328864 0.202688 0.107608 
-0.0789587 0.107608 0.540089 
0.538221 -0.0317651 -0.0760694 
-0.0317651 0.197476 0.104506 
-0.0760694 0.104506 0.522877 
0.520828 -0.03064 -0.0731647 
-0.03064 0.192277 0.101405 
-0.0731647 0.101405 0.505622 
0.503439 -0.0295135 -0.0702502 
-0.0295135 0.187104 0.0983131 
-0.0702502 0.0983131 0.488361 
0.486092 -0.028388 -0.067332 
-0.028388 0.181971 0.0952374 
-0.067332 0.0952374 0.471133 
0.46883 -0.0272662 -0.0644165 
-0.0272662 0.17689 0.0921857 
-0.0644165 0.0921857 0.453978 
0.451693 -0.0261506 -0.0615099 
-0.0261506 0.171876 0.0891659 
-0.0615099 0.0891659 0.436936 
0.434723 -0.0250439 -0.0586188 
-0.0250439 0.166942 0.0861859 
-0.0586188 0.0861859 0.420048 
0.417964 -0.0239488 -0.05575 
-0.0239488 0.162101 0.0832537 
-0.05575 0.0832537 0.403358 
0.401456 -0.0228679 -0.0529101 
-0.0228679 0.157368 0.0803772 
-0.0529101 0.0803772 0.386905 
0.385243 -0.021804 -0.0501058 
-0.021804 0.152755 0.0775641 
-0.0501058 0.0775641 0.370732 
0.369365 -0.0207597 -0.0473436 
-0.0207597 0.148276 0.0748219 
-0.0473436 0.0748219 0.354878 
0.353862 -0.0197375 -0.0446301 
-0.0197375 0.143942 0.0721579 
-0.0446301 0.0721579 0.339384 
0.338773 -0.0187398 -0.0419715 
-0.0187398 0.139766 0.069579 
-0.0419715 0.069579 0.324287 
0.324132 -0.017769 -0.0393738 
-0.017769 0.135758 0.0670915 
-0.0393738 0.0670915 0.309622 
0.309973 -0.0168272 -0.0368426 
-0.0168272 0.131928 0.0647013 
-0.0368426 0.0647013 0.295423 
0.296328 -0.0159163 -0.0343831 
-0.0159163 0.128285 0.0624136 
-0.0343831 0.0624136 0.281719 
0.283222 -0.0150382 -0.0320003 
-0.0150382 0.124837 0.0602331 
-0.0320003 0.0602331 0.26854 
0.270681 -0.0141945 -0.0296985 
-0.0141945 0.121589 0.0581636 
-0.0296985 0.0581636 0.255908 
0.258724 -0.0133864 -0.0274815 
-0.0133864 0.118547 0.0562083 
-0.0274815 0.0562083 0.243844 
0.247368 -0.012615 -0.0253526 
-0.012615 0.115714 0.0543695 
-0.0253526 0.0543695 0.232364 
0.236623 -0.0118812 -0.0233145 
-0.0118812 0.113092 0.0526485 
-0.0233145 0.0526485 0.221481 
0.226499 -0.0111855 -0.0213694 
-0.0111855 0.110682 0.0510462 
-0.0213694 0.0510462 0.211205 
0.216999 -0.0105281 -0.0195186 
-0.0105281 0.108483 0.0495624 
-0.0195186 0.0495624 0.201538 
0.208122 -0.00990919 -0.0177631 
-0.00990919 0.106493 0.0481959 
-0.0177631 0.0481959 0.192482 
0.199864 -0.00932835 -0.0161031 
-0.00932835 0.104708 0.046945 
-0.0161031 0.046945 0.184033 
0.192216 -0.00878509 -0.0145385 
-0.00878509 0.103124 0.0458073 
-0.0145385 0.0458073 0.176184 
0.185167 -0.00827861 -0.0130682 
-0.00827861 0.101733 0.0447793 
-0.0130682 0.0447793 0.168924 
0.178701 -0.00780788 -0.0116911 
-0.00780788 0.100528 0.0438572 
-0.0116911 0.0438572 0.162238 
0.172799 -0.00737162 -0.0104053 
-0.00737162 0.0995021 0.0430366 
-0.0104053 0.0430366 0.15611 
0.167441 -0.00696834 -0.00920842 
-0.00696834 0.0986453 0.0423124 
-0.00920842 0.0423124 0.15052 
0.162603 -0.00659631 -0.0080979 
-0.00659631 0.097948 0.0416793 
-0.0080979 0.0416793 0.145444 
0.15826 -0.00625364 -0.00707075 
-0.00625364 0.0973998 0.0411316 
-0.00707075 0.0411316 0.14086 
0.154384 -0.00593822 -0.00612371 
-0.00593822 0.0969903 0.0406634 
-0.00612371 0.0406634 0.136741 
0.150948 -0.00564781 -0.00525328 
-0.00564781 0.0967085 0.0402685 
-0.00525328 0.0402685 0.13306 
0.147925 -0.00537998 -0.00445582 
-0.00537998 0.0965438 0.039941 
-0.00445582 0.039941 0.12979 
0.145284 -0.00513214 -0.00372754 
-0.00513214 0.0964858 0.0396747 
-0.00372754 0.0396747 0.126903 
0.142999 -0.0049016 -0.0030646 
-0.0049016 0.0965243 0.0394639 
-0.0030646 0.0394639 0.12437 
0.141041 -0.00468549 -0.00246315 
-0.00468549 0.09665 0.0393029 
-0.00246315 0.0393029 0.122165 
0.139386 -0.00448083 -0.00191933 
-0.00448083 0.096854 0.0391866 
-0.00191933 0.0391866 0.120261 
0.138007 -0.00428452 -0.00142938 
-0.00428452 0.0971288 0.0391101 
-0.00142938 0.0391101 0.118632 
0.136883 -0.00409332 -0.000989621 
-0.00409332 0.0974677 0.0390691 
-0.000989621 0.0390691 0.117255 
0.135993 -0.00390389 -0.00059649 
-0.00390389 0.0978653 0.0390601 
-0.00059649 0.0390601 0.116107 
0.135319 -0.00371276 -0.000246595 
-0.00371276 0.0983178 0.0390799 
-0.000246595 0.0390799 0.115169 
0.134845 -0.00351636 6.3285e-05 
-0.00351636 0.0988226 0.0391263 
6.3285e-05 0.0391263 0.114421 
0.134558 -0.00331102 0.000336186 
-0.00331102 0.0993789 0.0391978 
0.000336186 0.0391978 0.113849 
0.134451 -0.00309298 0.000574937 
-0.00309298 0.0999873 0.0392935 
0.000574937 0.0392935 0.11344 
0.134515 -0.00285842 0.000782162 
-0.00285842 0.10065 0.0394135 
0.000782162 0.0394135 0.113182 
0.134747 -0.00260344 0.000960274 
-0.00260344 0.101372 0.0395585 
0.000960274 0.0395585 0.113067 
0.135147 -0.00232417 0.00111148 
-0.00232417 0.102158 0.03973 
0.00111148 0.03973 0.11309 
0.135716 -0.00201671 0.00123778 
-0.00201671 0.103014 0.0399304 
0.00123778 0.0399304 0.113248 
0.136459 -0.00167722 0.00134099 
-0.00167722 0.10395 0.0401624 
0.00134099 0.0401624 0.113539 
0.137384 -0.00130197 0.00142274 
-0.00130197 0.104976 0.0404296 
0.00142274 0.0404296 0.113964 
0.138499 -0.000887373 0.00148449 
-0.000887373 0.1061 0.0407358 
0.00148449 0.0407358 0.114525 
0.139814 -0.00043005 0.00152756 
-0.00043005 0.107335 0.0410853 
0.00152756 0.0410853 0.115228 
0.14134 7.31087e-05 0.00155313 
7.31082e-05 0.108691 0.0414826 
0.00155313 0.0414826 0.116078 
0.14309 0.00062488 0.00156227 
0.000624879 0.110181 0.0419321 
0.00156227 0.0419321 0.11708 
0.145075 0.00122765 0.00155597 
0.00122765 0.111814 0.0424386 
0.00155597 0.0424386 0.118241 
0.147306 0.00188334 0.00153514 
0.00188334 0.113602 0.043006 
0.00153514 0.043006 0.119568 
0.149793 0.00259335 0.00150062 
0.00259335 0.115554 0.0436385 
0.00150062 0.0436385 0.121067 
0.152545 0.00335852 0.00145326 
0.00335852 0.117678 0.0443394 
0.00145326 0.0443394 0.122743 
0.155569 0.00417905 0.00139387 
0.00417905 0.11998 0.0451114 
0.00139387 0.0451114 0.124601 
0.158869 0.00505451 0.00132325 
0.0050545 0.122466 0.0459564 
0.00132325 0.0459564 0.126645 
0.162444 0.00598374 0.00124225 
0.00598374 0.125136 0.0468757 
0.00124225 0.0468757 0.128874 
0.166295 0.00696492 0.00115172 
0.00696491 0.127992 0.0478692 
0.00115172 0.0478692 0.131289 
0.170415 0.00799548 0.00105257 
0.00799548 0.13103 0.0489362 
0.00105257 0.0489362 0.133886 
0.174794 0.00907219 0.000945757 
0.00907219 0.134246 0.0500746 
0.000945757 0.0500746 0.136661 
0.179421 0.0101911 0.000832283 
0.0101911 0.137632 0.0512814 
0.000832283 0.0512814 0.139607 
0.184279 0.0113476 0.000713225 
0.0113476 0.141176 0.0525524 
0.000713225 0.0525524 0.142713 
0.189347 0.0125366 0.000589721 
0.0125366 0.144867 0.0538824 
0.000589721 0.0538824 0.145967 
0.194603 0.0137521 0.000462977 
0.0137521 0.148689 0.0552653 
0.000462977 0.0552653 0.149355 
0.200021 0.0149881 0.000334271 
0.0149881 0.152623 0.0566938 
0.000334271 0.0566938 0.152862 
0.20557 0.0162378 0.000204955 
0.0162378 0.156651 0.0581599 
0.000204955 0.0581599 0.156468 
0.211219 0.017494 7.6452e-05 
0.017494 0.16075 0.059655 
7.6452e-05 0.059655 0.160153 
0.216934 0.0187496 -4.9733e-05 
0.0187496 0.164897 0.0611695 
-4.9733e-05 0.0611695 0.163897 
0.222678 0.0199967 -0.00017202 
0.0199967 0.169066 0.0626934 
-0.00017202 0.0626934 0.167677 
0.228415 0.0212278 -0.000288739 
0.0212278 0.173233 0.0642163 
-0.000288739 0.0642163 0.171469 
0.234105 0.022435 -0.000398131 
0.022435 0.17737 0.0657275 
-0.000398131 0.0657275 0.175251 
0.23971 0.0236105 -0.000498333 
0.0236105 0.181449 0.0672161 
-0.000498333 0.0672161 0.178996 
0.24519 0.0247466 -0.000587367 
0.0247466 0.185443 0.0686711 
-0.000587367 0.0686711 0.182682 
0.250507 0.0258358 -0.000663125 
0.0258358 0.189325 0.0700816 
-0.000663125 0.0700816 0.186284 
0.255622 0.0268708 -0.000723352 
0.0268708 0.193065 0.0714369 
-0.000723352 0.0714369 0.18978 
0.260497 0.0278446 -0.000765613 
0.0278446 0.196637 0.0727268 
-0.000765613 0.0727268 0.193148 
0.265098 0.0287506 -0.000787277 
0.0287506 0.200015 0.0739413 
-0.000787277 0.0739413 0.196368 
0.26939 0.0295828 -0.000785475 
0.0295828 0.203173 0.0750713 
-0.000785475 0.0750713 0.199421 
0.273343 0.0303358 -0.000757065 
0.0303358 0.206087 0.0761084 
-0.000757065 0.0761084 0.202291 
0.276929 0.0310047 -0.000698588 
0.0310047 0.208733 0.0770452 
-0.000698588 0.0770452 0.204966 
0.280124 0.0315856 -0.000606223 
0.0315856 0.211091 0.0778753 
-0.000606223 0.0778753 0.207435 
0.282909 0.0320755 -0.000475733 
0.0320755 0.213143 0.078594 
-0.000475733 0.078594 0.209694 
0.285269 0.0324725 -0.000302405 
0.0324725 0.214873 0.0791978 
-0.000302405 0.0791978 0.211739 
0.287194 0.0327759 -8.09969e-05 
0.0327759 0.216268 0.0796852 
-8.09969e-05 0.0796852 0.213577 
0.288685 0.0329863 0.000194326 
0.0329863 0.217317 0.0800567 
0.000194326 0.0800567 0.215216 
0.289745 0.0331059 0.000530045 
0.0331059 0.218017 0.0803152 
0.000530045 0.0803152 0.216673 
0.290388 0.0331386 0.000933345 
0.0331386 0.218365 0.0804659 
0.000933345 0.0804659 0.217973 
0.290638 0.0330901 0.00141216 
0.0330901 0.218365 0.0805171 
0.00141216 0.0805171 0.219146 
0.290527 0.0329682 0.0019752 
0.0329682 0.218025 0.08048 
0.0019752 0.08048 0.220233 
0.290099 0.0327828 0.00263198 
0.0327828 0.217362 0.080369 
0.00263198 0.080369 0.221285 
0.289408 0.0325459 0.00339276 
0.0325459 0.216396 0.0802021 
0.00339276 0.0802021 0.222359 
0.288521 0.032272 0.00426854 
0.032272 0.215153 0.0800004 
0.00426854 0.0800004 0.223526 
0.287514 0.0319776 0.00527098 
0.0319776 0.213668 0.079789 
0.00527098 0.079789 0.224862 
0.286477 0.0316815 0.00641221 
0.0316815 0.211981 0.0795959 
0.00641221 0.0795959 0.226456 
0.285508 0.0314046 0.00770467 
0.0314046 0.210138 0.0794523 
0.00770467 0.0794523 0.228402 
0.284714 0.0311692 0.00916087 
0.0311692 0.20819 0.079392 
0.00916087 0.079392 0.230801 
0.284212 0.0309991 0.010793 
0.0309991 0.206196 0.0794508 
0.010793 0.0794508 0.23376 
0.284119 0.0309189 0.0126127 
0.0309189 0.204216 0.0796658 
0.0126127 0.0796658 0.237386 
0.284557 0.0309534 0.0146305 
0.0309534 0.202312 0.0800742 
0.0146305 0.0800742 0.241788 
0.285645 0.0311267 0.0168554 
0.0311267 0.200548 0.0807124 
0.0168554 0.0807124 0.247066 
0.287495 0.0314618 0.0192943 
0.0314617 0.198989 0.081615 
0.0192943 0.081615 0.253316 
0.290213 0.0319794 0.0219517 
0.0319794 0.197692 0.0828131 
0.0219517 0.0828131 0.260621 
0.293886 0.0326976 0.0248293 
0.0326976 0.196714 0.0843332 
0.0248293 0.0843332 0.269048 
0.298588 0.0336307 0.0279251 
0.0336307 0.196102 0.0861963 
0.0279251 0.0861963 0.278643 
0.304371 0.0347886 0.0312338 
0.0347885 0.195896 0.0884164 
0.0312338 0.0884164 0.289434 
0.311261 0.0361766 0.034746 
0.0361766 0.196126 0.0910002 
0.034746 0.0910002 0.301421 
0.319263 0.0377949 0.0384489 
0.0377949 0.196809 0.0939465 
0.0384489 0.0939465 0.314581 
0.328355 0.0396385 0.0423255 
0.0396385 0.197953 0.0972456 
0.0423255 0.0972456 0.328865 
0.338489 0.0416972 0.0463556 
0.0416972 0.199553 0.10088 
0.0463556 0.10088 0.344198 
0.349593 0.0439565 0.050516 
0.0439565 0.201593 0.104825 
0.050516 0.104825 0.360482 
0.361578 0.0463972 0.0547812 
0.0463972 0.204047 0.10905 
0.0547812 0.10905 0.377602 
0.374333 0.0489969 0.0591236 
0.0489969 0.206881 0.113517 
0.0591236 0.113517 0.395425 
0.387737 0.0517306 0.0635147 
0.0517306 0.210051 0.118186 
0.0635147 0.118186 0.413805 
0.401657 0.0545713 0.0679258 
0.0545713 0.213512 0.123012 
0.0679258 0.123012 0.432593 
0.415958 0.0574912 0.0723285 
0.0574912 0.217211 0.127952 
0.0723285 0.127952 0.451633 
0.430503 0.0604625 0.0766956 
0.0604625 0.221098 0.13296 
0.0766956 0.13296 0.470775 
0.445159 0.0634583 0.0810013 
0.0634583 0.225119 0.137992 
0.0810013 0.137992 0.489871 
0.459801 0.0664527 0.0852224 
0.0664527 0.229225 0.143008 
0.0852224 0.143008 0.508786 
0.474313 0.0694221 0.0893379 
0.0694221 0.233368 0.147969 
0.0893379 0.147969 0.527394 
0.488589 0.0723452 0.0933298 
0.0723452 0.237505 0.152843 
0.0933298 0.152843 0.545585 
0.502539 0.0752033 0.0971829 
0.0752033 0.241598 0.157598 
0.0971829 0.157598 0.563264 
0.516085 0.0779804 0.100885 
0.0779804 0.245613 0.162211 
0.100885 0.162211 0.580351 
0.529163 0.0806635 0.104427 
0.0806635 0.249523 0.16666 
0.104427 0.16666 0.596781 
0.541723 0.083242 0.107802 
0.083242 0.253304 0.170929 
0.107802 0.170929 0.612507 
0.553727 0.0857082 0.111006 
0.0857082 0.256939 0.175007 
0.111006 0.175007 0.627492 
0.56515 0.0880565 0.114038 
0.0880565 0.260414 0.178886 
0.114038 0.178886 0.641716 
0.575976 0.0902837 0.116897 
0.0902837 0.263721 0.182561 
0.116897 0.182561 0.655168 
0.5862 0.0923881 0.119585 
0.0923881 0.266854 0.18603 
0.119585 0.18603 0.667848 
0.595823 0.09437 0.122106 
0.09437 0.269811 0.189294 
0.122106 0.189294 0.679764 
0.604855 0.0962306 0.124465 
0.0962306 0.272594 0.192357 
0.124465 0.192357 0.690931 
0.613309 0.0979726 0.126666 
0.0979726 0.275204 0.195223 
0.126666 0.195223 0.701372 
0.621203 0.0995994 0.128716 
0.0995994 0.277647 0.197899 
0.128716 0.197899 0.71111 
0.62856 0.101115 0.130622 
0.101115 0.279929 0.200392 
0.130622 0.200392 0.720175 
0.635402 0.102524 0.13239 
0.102524 0.282058 0.202709 
0.13239 0.202709 0.728599 
0.641755 0.103831 0.134028 
0.103831 0.28404 0.204861 
0.134028 0.204861 0.736413 
0.647645 0.105041 0.135543 
0.105041 0.285885 0.206855 
0.135543 0.206855 0.74365 
0.653099 0.106159 0.136941 
0.106159 0.287602 0.208699 
0.136941 0.208699 0.750344 
0.658144 0.10719 0.13823 
0.10719 0.289199 0.210404 
0.13823 0.210404 0.756527 
0.662804 0.10814 0.139417 
0.10814 0.290685 0.211978 
0.139417 0.211978 0.762232 
0.667105 0.109012 0.140507 
0.109012 0.292069 0.213429 
0.140507 0.213429 0.767489 
0.671072 0.109812 0.141507 
0.109812 0.293359 0.214764 
0.141507 0.214764 0.772328 
0.674728 0.110545 0.142422 
0.110545 0.294564 0.215993 
0.142422 0.215993 0.776777 
0.678094 0.111213 0.143259 
0.111213 0.295691 0.217122 
0.143259 0.217122 0.780863 
0.681192 0.111822 0.144021 
0.111822 0.296748 0.218158 
0.144021 0.218158 0.78461 
0.684041 0.112374 0.144714 
0.112374 0.297742 0.219107 
0.144714 0.219107 0.788043 
0.686659 0.112873 0.145342 
0.112873 0.29868 0.219976 
0.145342 0.219976 0.791183 
0.689064 0.113322 0.145909 
0.113322 0.299568 0.220769 
0.145909 0.220769 0.794051 
0.691272 0.113724 0.146418 
0.113724 0.300414 0.221494 
0.146418 0.221494 0.796665 
0.693298 0.114082 0.146874 
0.114082 0.301224 0.222153 
0.146874 0.222153 0.799044 
0.695155 0.114398 0.147278 
0.114398 0.302002 0.222752 
0.147278 0.222752 0.801202 
0.696857 0.114674 0.147634 
0.114674 0.302756 0.223295 
0.147634 0.223295 0.803156 
0.698416 0.114911 0.147944 
0.114911 0.30349 0.223786 
0.147944 0.223786 0.80492 
0.699843 0.115112 0.148211 
0.115112 0.304211 0.224228 
0.148211 0.224228 0.806505 
0.701149 0.115278 0.148436 
0.115278 0.304924 0.224624 
0.148436 0.224624 0.807923 
0.702344 0.11541 0.148621 
0.11541 0.305633 0.224978 
0.148621 0.224978 0.809186 
0.703436 0.11551 0.148767 
0.11551 0.306346 0.225292 
0.148767 0.225292 0.810303 
0.704434 0.115577 0.148875 
0.115577 0.307067 0.225568 
0.148875 0.225568 0.811282 
0.705345 0.115612 0.148946 
0.115612 0.307802 0.225809 
0.148946 0.225809 0.812129 
0.706174 0.115615 0.148981 
0.115615 0.308555 0.226015 
0.148981 0.226015 0.812849 
0.706922 0.115586 0.148978 
0.115586 0.309329 0.226187 
0.148978 0.226187 0.813441 
0.707585 0.115522 0.148935 
0.115522 0.310127 0.226322 
0.148935 0.226322 0.8139 
0.708149 0.115421 0.148848 
0.115421 0.310947 0.226416 
0.148848 0.226416 0.814206 
0.708581 0.115274 0.148708 
0.115274 0.311777 0.226457 
0.148708 0.226457 0.814318 
0.708817 0.11507 0.148501 
0.11507 0.312595 0.226425 
0.148501 0.226425 0.814161 
0.708745 0.114789 0.148201 
0.114789 0.313356 0.226282 
0.148201 0.226282 0.813602 
0.708171 0.114398 0.147765 
0.114398 0.313979 0.225966 
0.147765 0.225966 0.812416 
0.70678 0.113842 0.147126 
0.113842 0.314328 0.225375 
0.147126 0.225375 0.810235 
0.704087 0.113038 0.14618 
0.113038 0.314188 0.224352 
0.14618 0.224352 0.806494 
0.69938 0.111859 0.144776 
0.111859 0.313234 0.222667 
0.144776 0.222667 0.800359 
0.691696 0.110123 0.142709 
0.110123 0.311013 0.220003 
0.142709 0.220003 0.790682 
0.679865 0.107576 0.139722 
0.107576 0.306941 0.215967 
0.139722 0.215967 0.776019 
0.662708 0.103881 0.13554 
0.103881 0.300361 0.210134 
0.13554 0.210134 0.754785 
0.639478 0.0986234 0.129943 
0.0986234 0.290695 0.202169 
0.129943 0.202169 0.725652 
0.610563 0.0913275 0.122888 
0.0913275 0.2777 0.192018 
0.122888 0.192018 0.68821 
0.578298 0.0815187 0.114652 
0.0815187 0.261797 0.180141 
0.114652 0.180141 0.643775 
0.547414 0.0688242 0.105935 
0.0688242 0.244316 0.167668 
0.105935 0.167668 0.595957 
0.524548 0.0531091 0.0978046 
0.0531091 0.22743 0.156311 
0.0978046 0.156311 0.550436 
0.516529 0.0346074 0.0914453 
0.0346074 0.213665 0.147957 
0.0914453 0.147957 0.513652 
0.528006 0.0139771 0.087785 
0.0139771 0.205106 0.144057 
0.087785 0.144057 0.49079 
0.559667 -0.00776956 0.0871871 
-0.00776955 0.202711 0.145136 
0.0871871 0.145136 0.484084 
0.608022 -0.0294506 0.0893714 
-0.0294506 0.206091 0.150669 
0.0893714 0.150669 0.492333 
0.666699 -0.0499349 0.0935753 
-0.0499349 0.213806 0.159357 
0.0935753 0.159357 0.511698 
0.728361 -0.0683102 0.0988249 
-0.0683102 0.223919 0.169575 
0.0988249 0.169575 0.537141 
0.786283 -0.0839523 0.104174 
-0.0839523 0.234506 0.179767 
0.104174 0.179767 0.563708 
0.83516 -0.0965081 0.108843 
-0.0965081 0.243963 0.188668 
0.108843 0.188668 0.587283 
0.871238 -0.10583 0.112249 
-0.10583 0.251102 0.195364 
0.112249 0.195364 0.604815 
0.892061 -0.111901 0.113988 
-0.111901 0.255124 0.199254 
0.113988 0.199254 0.614213 
0.896127 -0.114781 0.113788 
-0.114781 0.255545 0.199988 
0.113788 0.199988 0.614147 
0.882623 -0.114578 0.111471 
-0.114578 0.252138 0.197415 
0.111471 0.197415 0.603876 
0.85136 -0.111452 0.10694 
-0.111452 0.244925 0.19158 
0.10694 0.19158 0.583195 
0.802903 -0.105663 0.100181 
-0.105663 0.234227 0.18277 
0.100181 0.18277 0.552529 
0.73894 -0.0976338 0.0913088 
-0.0976338 0.22077 0.171604 
0.0913088 0.171604 0.513171 
0.662761 -0.0880433 0.0806131 
-0.0880433 0.205819 0.159152 
0.0806131 0.159152 0.467593 
0.579661 -0.0778867 0.0686165 
-0.0778867 0.191255 0.147002 
0.0686165 0.147002 0.419686 
0.496906 -0.0684581 0.0560839 
-0.0684581 0.17949 0.137197 
0.0560839 0.137197 0.374663 
0.422866 -0.0611818 0.0439482 
-0.0611818 0.17308 0.131919 
0.0439482 0.131919 0.338343 
0.365202 -0.057281 0.0331348 
-0.057281 0.174049 0.132918 
0.0331348 0.132918 0.31577 
0.328664 -0.0573877 0.0243295 
-0.0573877 0.183132 0.140868 
0.0243295 0.140868 0.309599 
0.313615 -0.0613013 0.0178038 
-0.0613013 0.199375 0.155012 
0.0178038 0.155012 0.319091 
0.316257 -0.0680686 0.013399 
-0.0680686 0.220398 0.173363 
0.013399 0.173363 0.340453 
0.330456 -0.0763555 0.0106713 
-0.0763555 0.243229 0.193398 
0.0106713 0.193398 0.368351 
0.350014 -0.0848917 0.00909651 
-0.0848918 0.265223 0.212836 
0.00909651 0.212836 0.397717 
0.370227 -0.0927637 0.00822544 
-0.0927637 0.284618 0.230127 
0.00822544 0.230127 0.424922 
0.388325 -0.0994837 0.00774429 
-0.0994837 0.30061 0.244533 
0.00774429 0.244533 0.448033 
0.403129 -0.104904 0.0074649 
-0.104904 0.313112 0.255936 
0.0074649 0.255936 0.466457 
0.414453 -0.10908 0.00728697 
-0.10908 0.322435 0.26457 
0.00728697 0.26457 0.480394 
0.422579 -0.112156 0.00716165 
-0.112156 0.329031 0.270802 
0.00716165 0.270802 0.490373 
0.427923 -0.114291 0.00706657 
-0.114291 0.333333 0.274996 
0.00706657 0.274996 0.496975 
0.430869 -0.115622 0.00699197 
-0.115622 0.335692 0.277451 
0.00699197 0.277451 0.500689 
0.431708 -0.116252 0.00693406 
-0.116252 0.336356 0.278383 
0.00693406 0.278383 0.501872 
0.430627 -0.116252 0.00689236 
-0.116252 0.33548 0.27793 
0.00689236 0.27793 0.500754 
0.427732 -0.115662 0.00686902 
-0.115662 0.333144 0.276167 
0.00686902 0.276167 0.497459 
0.423062 -0.114503 0.00686896 
-0.114503 0.329371 0.273119 
0.00686896 0.273119 0.492036 
0.416619 -0.11278 0.00690065 
-0.11278 0.324149 0.268779 
0.00690065 0.268779 0.484486 
0.408385 -0.110489 0.00697702 
-0.110489 0.317443 0.263122 
0.00697702 0.263122 0.474786 
0.398349 -0.107627 0.00711684 
-0.107627 0.309214 0.256116 
0.00711684 0.256116 0.462918 
0.386532 -0.104192 0.0073462 
-0.104192 0.299437 0.247739 
0.0073462 0.247739 0.448896 
0.37301 -0.100198 0.00770024 
-0.100198 0.288119 0.237996 
0.00770024 0.237996 0.432799 
0.357946 -0.0956763 0.00822479 
-0.0956763 0.275318 0.226935 
0.00822479 0.226935 0.414806 
0.341626 -0.09069 0.00897759 
-0.09069 0.261172 0.214669 
0.00897759 0.214669 0.39523 
0.324479 -0.0853383 0.0100286 
-0.0853384 0.245916 0.201392 
0.0100286 0.201392 0.374554 
0.307099 -0.0797642 0.0114585 
-0.0797642 0.229898 0.187396 
0.0114585 0.187396 0.353451 
0.290246 -0.074155 0.0133546 
-0.074155 0.213589 0.173077 
0.0133546 0.173077 0.332785 
0.274816 -0.0687378 0.0158038 
-0.0687378 0.197567 0.158923 
0.0158038 0.158923 0.313582 
0.261774 -0.0637643 0.0188819 
-0.0637644 0.182485 0.145487 
0.0188819 0.145487 0.296956 
0.252061 -0.0594884 0.0226404 
-0.0594884 0.169011 0.133341 
0.0226404 0.133341 0.283999 
0.246467 -0.0561353 0.0270926 
-0.0561353 0.157754 0.123009 
0.0270926 0.123009 0.275642 
0.245511 -0.0538707 0.0322034 
-0.0538707 0.149179 0.1149 
0.0322034 0.1149 0.272514 
0.249347 -0.0527756 0.0378835 
-0.0527756 0.143544 0.109252 
0.0378835 0.109252 0.274833 
0.257722 -0.0528328 0.0439932 
-0.0528328 0.140859 0.106098 
0.0439932 0.106098 0.282357 
0.27001 -0.0539311 0.0503549 
-0.0539311 0.140898 0.105267 
0.0503549 0.105267 0.294414 
0.285301 -0.0558848 0.056772 
-0.0558848 0.143236 0.106424 
0.056772 0.106424 0.310009 
0.302539 -0.0584639 0.0630504 
-0.0584639 0.147329 0.109128 
0.0630504 0.109128 0.327968 
0.320659 -0.0614265 0.0690181 
-0.0614265 0.152591 0.112899 
0.0690181 0.112899 0.347098 
0.338705 -0.064548 0.0745388 
-0.064548 0.15847 0.117277 
0.0745388 0.117277 0.366321 
0.355906 -0.0676405 0.0795192 
-0.0676405 0.164495 0.121868 
0.0795192 0.121868 0.384762 
0.371709 -0.0705621 0.0839076 
-0.0705621 0.170303 0.126365 
0.0839076 0.126365 0.401782 
0.385771 -0.0732175 0.0876893 
-0.0732175 0.175643 0.130549 
0.0876893 0.130549 0.416982 
0.397931 -0.0755528 0.0908781 
-0.0755528 0.180364 0.134287 
0.0908781 0.134287 0.430162 
0.408168 -0.0775469 0.093507 
-0.0775469 0.184395 0.137508 
0.093507 0.137508 0.441279 
0.416555 -0.0792021 0.0956202 
-0.0792021 0.187721 0.140193 
0.0956202 0.140193 0.450402 
0.423226 -0.0805358 0.0972655 
-0.0805358 0.190368 0.142354 
0.0972655 0.142354 0.457661 
0.42834 -0.0815742 0.0984897 
-0.0815742 0.192383 0.144023 
0.0984897 0.144023 0.463226 
0.432068 -0.082347 0.0993343 
-0.082347 0.19382 0.145241 
0.0993343 0.145241 0.46727 
0.434571 -0.0828846 0.0998331 
-0.0828846 0.194739 0.146051 
0.0998331 0.146051 0.469963 
0.436 -0.0832163 0.100011 
-0.0832163 0.195193 0.146495 
0.100011 0.146495 0.471462 
0.436493 -0.0833696 0.0998811 
-0.0833696 0.195231 0.146611 
0.0998811 0.146611 0.471903 
0.436172 -0.083371 0.099447 
-0.083371 0.194896 0.146433 
0.099447 0.146433 0.471409 
0.43516 -0.083247 0.0986988 
-0.083247 0.194229 0.145993 
0.0986988 0.145993 0.470092 
0.433576 -0.0830257 0.0976132 
-0.0830257 0.193266 0.145321 
0.0976132 0.145321 0.468061 
0.431562 -0.0827405 0.0961519 
-0.0827405 0.192047 0.144448 
0.0961519 0.144448 0.465434 
0.429286 -0.0824325 0.094259 
-0.0824325 0.190619 0.143413 
0.094259 0.143413 0.462352 
0.42697 -0.0821557 0.0918585 
-0.0821557 0.189044 0.142266 
0.0918585 0.142266 0.458997 
0.424913 -0.0819824 0.08885 
-0.0819824 0.187405 0.141073 
0.08885 0.141073 0.455615 
0.423522 -0.0820101 0.0851048 
-0.0820101 0.185819 0.139927 
0.0851048 0.139927 0.452544 
0.423344 -0.0823697 0.0804601 
-0.0823697 0.184448 0.138955 
0.0804601 0.138955 0.450248 
0.425116 -0.0832349 0.0747136 
-0.0832349 0.183511 0.138332 
0.0747136 0.138332 0.449351 
0.429803 -0.0848324 0.0676177 
-0.0848324 0.183304 0.138289 
0.0676177 0.138289 0.450687 
0.438647 -0.0874517 0.0588744 
-0.0874517 0.184213 0.139128 
0.0588744 0.139128 0.455332 
0.453204 -0.0914537 0.0481324 
-0.0914537 0.186726 0.141234 
0.0481324 0.141234 0.464649 
0.475369 -0.0972759 0.0349881 
-0.0972759 0.191447 0.145077 
0.0349881 0.145077 0.480305 
0.507372 -0.105431 0.0189927 
-0.105431 0.199092 0.151218 
0.0189927 0.151218 0.504275 
0.55173 -0.116494 -0.000333391 
-0.116494 0.210477 0.160294 
-0.000333391 0.160294 0.538801 
0.611149 -0.131082 -0.023475 
-0.131082 0.22649 0.172996 
-0.023475 0.172996 0.586307 
0.688353 -0.149814 -0.0508858 
-0.149814 0.248032 0.190028 
-0.0508858 0.190028 0.649251 
0.785863 -0.173257 -0.0829419 
-0.173257 0.275951 0.212048 
-0.0829419 0.212048 0.729924 
0.905708 -0.201863 -0.119889 
-0.201863 0.310945 0.239598 
-0.119889 0.239598 0.830198 
1.04913 -0.235902 -0.161788 
-0.235902 0.353465 0.273028 
-0.161788 0.273028 0.95126 
1.21631 -0.275399 -0.20847 
-0.275399 0.403626 0.312424 
-0.20847 0.312424 1.09337 
1.40618 -0.32009 -0.259516 
-0.32009 0.461144 0.357558 
-0.259516 0.357558 1.25566 
1.61636 -0.369411 -0.314245 
-0.369411 0.525304 0.407871 
-0.314245 0.407871 1.43612 
1.84322 -0.422516 -0.371757 
-0.422516 0.594992 0.462488 
-0.371757 0.462488 1.63163 
2.08217 -0.478336 -0.430983 
-0.478336 0.668766 0.520283 
-0.430983 0.520283 1.83817 
2.32797 -0.535661 -0.490764 
-0.535661 0.744974 0.579962 
-0.490764 0.579962 2.05116 
2.57518 -0.593236 -0.549941 
-0.593236 0.821883 0.640172 
-0.549941 0.640172 2.2658 
2.81857 -0.649855 -0.60743 
-0.649855 0.897817 0.699605 
-0.60743 0.699605 2.47748 
3.05346 -0.704444 -0.662293 
-0.704444 0.971268 0.757083 
-0.662293 0.757083 2.68205 
3.27595 -0.756112 -0.713777 
-0.756112 1.04098 0.811624 
-0.713777 0.811624 2.87604 
3.48308 -0.804182 -0.761332 
-0.804182 1.10598 0.862475 
-0.761332 0.862475 3.05681 
3.67283 -0.848195 -0.804613 
-0.848195 1.1656 0.909114 
-0.804613 0.909114 3.22255 
3.84405 -0.887891 -0.843454 
-0.887891 1.21946 0.951241 
-0.843454 0.951241 3.37219 
3.99632 -0.923181 -0.877841 
-0.923181 1.26739 0.988736 
-0.877841 0.988736 3.50534 
4.12981 -0.954112 -0.907877 
-0.954112 1.30945 1.02163 
-0.907877 1.02163 3.62213 
4.24514 -0.980827 -0.933745 
-0.980827 1.3458 1.05006 
-0.933745 1.05006 3.72306 
4.34316 -1.00353 -0.955678 
-1.00353 1.37671 1.07424 
-0.955678 1.07424 3.80887 
4.42488 -1.02245 -0.973927 
-1.02245 1.40249 1.09441 
-0.973927 1.09441 3.88043 
4.49135 -1.03784 -0.988748 
-1.03784 1.42346 1.11082 
-0.988748 1.11082 3.93864 
4.54355 -1.04993 -1.00037 
-1.04993 1.43992 1.1237 
-1.00037 1.1237 3.98435 
4.58235 -1.05891 -1.00901 
-1.05891 1.45216 1.13328 
-1.00901 1.13328 4.01833 
4.60845 -1.06495 -1.01482 
-1.06495 1.46038 1.13973 
-1.01482 1.13973 4.04119 
4.62239 -1.06818 -1.01793 
-1.06818 1.46476 1.14317 
-1.01793 1.14317 4.05338 
4.62448 -1.06866 -1.01841 
-1.06866 1.46538 1.14369 
-1.01841 1.14369 4.05518 
4.61482 -1.06641 -1.01628 
-1.06641 1.46229 1.1413 
-1.01628 1.1413 4.04668 
4.59331 -1.06142 -1.01152 
-1.06142 1.45545 1.13598 
-1.01152 1.13598 4.02777 
4.55963 -1.0536 -1.00407 
-1.0536 1.44475 1.12766 
-1.00407 1.12766 3.99819 
4.51329 -1.04283 -0.993794 
-1.04283 1.43004 1.11622 
-0.993794 1.11622 3.95749 
4.45363 -1.02897 -0.980557 
-1.02897 1.4111 1.10148 
-0.980557 1.10148 3.90507 
4.37987 -1.01181 -0.964173 
-1.01181 1.38769 1.08327 
-0.964173 1.08327 3.84026 
4.29116 -0.991162 -0.94444 
-0.991162 1.35953 1.06137 
-0.94444 1.06137 3.76229 
4.18664 -0.966802 -0.921154 
-0.966802 1.32635 1.03558 
-0.921154 1.03558 3.6704 
4.06557 -0.938542 -0.894126 
-0.938542 1.28789 1.00571 
-0.894126 1.00571 3.5639 
3.92737 -0.906228 -0.863201 
-0.906228 1.24398 0.971634 
-0.863201 0.971634 3.44228 
3.77181 -0.86978 -0.828294 
-0.86978 1.19454 0.933298 
-0.828294 0.933298 3.30529 
3.59914 -0.829217 -0.78941 
-0.829217 1.13961 0.890769 
-0.78941 0.890769 3.1531 
3.41018 -0.784694 -0.746686 
-0.784694 1.07946 0.844266 
-0.746686 0.844266 2.9864 
3.2065 -0.736529 -0.700408 
-0.736529 1.01457 0.79419 
-0.700408 0.79419 2.80652 
2.99051 -0.685228 -0.65104 
-0.685228 0.945678 0.741144 
-0.65104 0.741144 2.6155 
2.76544 -0.631487 -0.599231 
-0.631487 0.873792 0.685943 
-0.599231 0.685943 2.41611 
2.53529 -0.576186 -0.545802 
-0.576186 0.800168 0.629593 
-0.545802 0.629593 2.21181 
2.30472 -0.520358 -0.491722 
-0.520358 0.726261 0.573252 
-0.491722 0.573252 2.00664 
2.07871 -0.465127 -0.438056 
-0.465127 0.653645 0.518164 
-0.438056 0.518164 1.80494 
1.86229 -0.411643 -0.385892 
-0.411643 0.583908 0.465573 
-0.385892 0.465573 1.61109 
1.66013 -0.360991 -0.336269 
-0.360991 0.518528 0.416632 
-0.336269 0.416632 1.42919 
1.47616 -0.314115 -0.290096 
-0.314115 0.458765 0.372306 
-0.290096 0.372306 1.26275 
1.31331 -0.271744 -0.24809 
-0.271744 0.405564 0.333302 
-0.24809 0.333302 1.11438 
1.17329 -0.234354 -0.210727 
-0.234354 0.359496 0.300027 
-0.210727 0.300027 0.985686 
1.05661 -0.202148 -0.178233 
-0.202148 0.320748 0.272577 
-0.178233 0.272577 0.877207 
0.962596 -0.175075 -0.150596 
-0.175075 0.289147 0.250764 
-0.150596 0.250764 0.788484 
0.88967 -0.15287 -0.127594 
-0.15287 0.264223 0.234166 
-0.127594 0.234166 0.718244 
0.835567 -0.135104 -0.108856 
-0.135104 0.245292 0.2222 
-0.108856 0.2222 0.664615 
0.797634 -0.12125 -0.0939048 
-0.12125 0.231544 0.214186 
-0.0939048 0.214186 0.62537 
0.773089 -0.110735 -0.0822193 
-0.110735 0.22212 0.209417 
-0.0822193 0.209417 0.598152 
0.759228 -0.102985 -0.0732719 
-0.102985 0.216181 0.20721 
-0.0732719 0.20721 0.580652 
0.753578 -0.0974655 -0.0665639 
-0.0974655 0.212957 0.206945 
-0.0665639 0.206945 0.570743 
0.75398 -0.0936967 -0.0616454 
-0.0936967 0.21177 0.208083 
-0.0616454 0.208083 0.566554 
0.758631 -0.0912675 -0.0581267 
-0.0912675 0.212051 0.210174 
-0.0581267 0.210174 0.566512 
0.766075 -0.0898369 -0.0556809 
-0.0898369 0.213336 0.212862 
-0.0556809 0.212862 0.569334 
0.775183 -0.0891301 -0.0540412 
-0.0891301 0.215265 0.21587 
-0.0540412 0.21587 0.574015 
0.785108 -0.0889313 -0.0529956 
-0.0889313 0.217561 0.218994 
-0.0529956 0.218994 0.579787 
0.795237 -0.0890757 -0.0523787 
-0.0890757 0.220022 0.22209 
-0.0523787 0.22209 0.586086 
0.805147 -0.0894398 -0.052064 
-0.0894398 0.222505 0.225058 
-0.052064 0.225058 0.592511 
0.814559 -0.0899334 -0.0519568 
-0.0899334 0.224915 0.227837 
-0.0519568 0.227837 0.598787 
0.823307 -0.0904925 -0.0519871 
-0.0904925 0.227188 0.230394 
-0.0519871 0.230394 0.604738 
0.831306 -0.0910726 -0.0521043 
-0.0910726 0.229291 0.232713 
-0.0521043 0.232713 0.61026 
0.838525 -0.0916443 -0.0522724 
-0.0916443 0.231205 0.234793 
-0.0522724 0.234793 0.615301 
0.844975 -0.0921887 -0.0524662 
-0.0921887 0.232926 0.236643 
-0.0524662 0.236643 0.619844 
0.85069 -0.0926948 -0.0526687 
-0.0926948 0.234459 0.238275 
-0.0526687 0.238275 0.623898 
0.855719 -0.093157 -0.0528688 
-0.093157 0.235815 0.239707 
-0.0528688 0.239707 0.627485 
0.860119 -0.0935734 -0.0530593 
-0.0935734 0.237005 0.240956 
-0.0530593 0.240956 0.630637 
0.86395 -0.0939444 -0.0532362 
-0.0939444 0.238044 0.242042 
-0.0532362 0.242042 0.633392 
0.86727 -0.094272 -0.0533974 
-0.094272 0.238947 0.242981 
-0.0533974 0.242981 0.635786 
0.870137 -0.0945591 -0.0535422 
-0.0945591 0.239728 0.243791 
-0.0535422 0.243791 0.637859 
0.872601 -0.094809 -0.0536706 
-0.094809 0.240401 0.244486 
-0.0536706 0.244486 0.639645 
0.874712 -0.0950252 -0.0537834 
-0.0950252 0.240979 0.245081 
-0.0537834 0.245081 0.641177 
0.876512 -0.095211 -0.0538816 
-0.095211 0.241472 0.245588 
-0.0538816 0.245588 0.642485 
0.878039 -0.0953697 -0.0539662 
-0.0953697 0.241892 0.246017 
-0.0539662 0.246017 0.643596 
0.879326 -0.0955041 -0.0540384 
-0.0955041 0.242246 0.246379 
-0.0540384 0.246379 0.644534 
0.880403 -0.095617 -0.0540994 
-0.095617 0.242544 0.246682 
-0.0540994 0.246682 0.64532 
0.881295 -0.0957107 -0.0541503 
-0.0957107 0.242791 0.246932 
-0.0541503 0.246932 0.645971 
0.882023 -0.0957871 -0.0541919 
-0.0957871 0.242994 0.247137 
-0.0541919 0.247137 0.646502 
0.882605 -0.0958482 -0.0542251 
-0.0958482 0.243158 0.2473 
-0.0542251 0.2473 0.646928 
0.883057 -0.0958954 -0.0542508 
-0.0958954 0.243287 0.247427 
-0.0542508 0.247427 0.647259 
0.883392 -0.09593 -0.0542694 
-0.09593 0.243385 0.24752 
-0.0542694 0.24752 0.647505 
0.883618 -0.0959528 -0.0542815 
-0.0959528 0.243454 0.247584 
-0.0542815 0.247584 0.647671 
0.883745 -0.0959648 -0.0542875 
-0.0959648 0.243497 0.247619 
-0.0542875 0.247619 0.647766 
0.883778 -0.0959664 -0.0542876 
-0.0959664 0.243516 0.247628 
-0.0542876 0.247628 0.647791 
0.883721 -0.0959579 -0.0542819 
-0.0959579 0.243511 0.247611 
-0.0542819 0.247611 0.647751 
0.883575 -0.0959395 -0.0542706 
-0.0959395 0.243485 0.24757 
-0.0542706 0.24757 0.647647 
0.883342 -0.0959112 -0.0542534 
-0.0959112 0.243438 0.247504 
-0.0542534 0.247504 0.64748 
0.88302 -0.0958726 -0.0542303 
-0.0958726 0.24337 0.247412 
-0.0542303 0.247412 0.647248 
