4,520
1 1.66024 5.87663 1.27627 
2 1.66218 5.91792 1.27382 
3 1.57265 5.66965 1.20939 
4 1.41977 5.2197 1.10212 
5 1.22519 4.63603 0.966754 
6 1.0041 3.9661 0.813603 
7 0.767069 3.24265 0.649877 
8 0.522128 2.48998 0.481096 
9 0.27672 1.72984 0.312413 
10 0.0396163 0.987266 0.149945 
11 -0.177029 0.29685 0.00216124 
12 -0.35613 -0.291977 -0.119095 
13 -0.476929 -0.717234 -0.199585 
14 -0.522835 -0.925603 -0.228217 
15 -0.495308 -0.913034 -0.206637 
16 -0.420629 -0.74829 -0.153615 
17 -0.335989 -0.537198 -0.095067 
18 -0.267341 -0.358557 -0.0487041 
19 -0.221952 -0.238834 -0.0191546 
20 -0.195582 -0.170004 -0.00316048 
21 -0.181193 -0.134133 0.00433841 
22 -0.173185 -0.116152 0.0073083 
23 -0.168167 -0.106697 0.00813667 
24 -0.164398 -0.100885 0.00804415 
25 -0.161093 -0.0964883 0.00758226 
26 -0.157935 -0.0925938 0.00697578 
27 -0.154807 -0.0888654 0.00630863 
28 -0.151674 -0.0851914 0.00561012 
29 -0.148526 -0.0815394 0.00489048 
30 -0.145363 -0.0779027 0.00415375 
31 -0.142187 -0.0742818 0.00340221 
32 -0.139002 -0.0706792 0.00263758 
33 -0.135809 -0.0670978 0.00186143 
34 -0.132611 -0.0635405 0.0010753 
35 -0.129413 -0.0600101 0.00028064 
36 -0.126215 -0.0565093 -0.000521124 
37 -0.123022 -0.0530407 -0.0013286 
38 -0.119834 -0.0496069 -0.00214046 
39 -0.116656 -0.04621 -0.00295541 
40 -0.113489 -0.0428525 -0.00377221 
41 -0.110336 -0.0395364 -0.00458968 
42 -0.107198 -0.0362637 -0.00540666 
43 -0.104079 -0.0330364 -0.00622207 
44 -0.100979 -0.0298561 -0.00703485 
45 -0.0979016 -0.0267246 -0.00784403 
46 -0.0948479 -0.0236434 -0.00864865 
47 -0.0918196 -0.020614 -0.00944783 
48 -0.0888187 -0.0176376 -0.0102407 
49 -0.0858466 -0.0147154 -0.0110266 
50 -0.0829049 -0.0118487 -0.0118046 
51 -0.079995 -0.00903833 -0.0125741 
52 -0.0771183 -0.00628525 -0.0133345 
53 -0.074276 -0.00359026 -0.0140851 
54 -0.0714694 -0.000954084 -0.0148255 
55 -0.0686996 0.00162267 -0.0155551 
56 -0.0659675 0.00413945 -0.0162735 
57 -0.0632743 0.00659581 -0.0169802 
58 -0.0606208 0.00899137 -0.017675 
59 -0.0580079 0.0113258 -0.0183574 
60 -0.0554363 0.0135989 -0.0190272 
61 -0.0529068 0.0158105 -0.0196842 
62 -0.0504201 0.0179605 -0.0203281 
63 -0.0479769 0.0200488 -0.0209588 
64 -0.0455776 0.0220755 -0.0215763 
65 -0.0432229 0.0240406 -0.0221803 
66 -0.0409132 0.0259441 -0.0227708 
67 -0.0386489 0.0277862 -0.0233479 
68 -0.0364306 0.0295672 -0.0239115 
69 -0.0342586 0.0312871 -0.0244617 
70 -0.0321332 0.0329463 -0.0249986 
71 -0.0300548 0.0345449 -0.0255222 
72 -0.0280237 0.0360833 -0.0260327 
73 -0.0260402 0.0375617 -0.0265304 
74 -0.0241045 0.0389803 -0.0270153 
75 -0.0222169 0.0403396 -0.0274876 
76 -0.0203777 0.0416398 -0.0279478 
77 -0.0185871 0.0428813 -0.0283959 
78 -0.0168454 0.0440642 -0.0288324 
79 -0.0151526 0.0451889 -0.0292574 
80 -0.0135092 0.0462557 -0.0296715 
81 -0.0119152 0.0472648 -0.0300749 
82 -0.0103709 0.0482164 -0.030468 
83 -0.00887664 0.0491108 -0.0308512 
84 -0.00743252 0.0499482 -0.0312251 
85 -0.00603881 0.0507288 -0.0315899 
86 -0.00469578 0.0514526 -0.0319463 
87 -0.00340367 0.0521198 -0.0322947 
88 -0.00216275 0.0527305 -0.0326356 
89 -0.00097329 0.0532847 -0.0329696 
90 0.000164415 0.0537824 -0.0332972 
91 0.00125007 0.0542235 -0.0336191 
92 0.00228339 0.054608 -0.0339357 
93 0.00326404 0.0549358 -0.0342478 
94 0.00419171 0.0552067 -0.034556 
95 0.00506608 0.0554206 -0.0348609 
96 0.0058868 0.0555772 -0.0351632 
97 0.00665356 0.0556762 -0.0354636 
98 0.00736602 0.0557173 -0.0357629 
99 0.00802385 0.0557002 -0.0360618 
100 0.00862675 0.0556245 -0.0363609 
101 0.0091744 0.0554899 -0.0366612 
102 0.00966652 0.0552958 -0.0369633 
103 0.0101028 0.0550419 -0.0372681 
104 0.0104831 0.0547277 -0.0375764 
105 0.0108072 0.0543527 -0.0378889 
106 0.0110748 0.0539165 -0.0382065 
107 0.011286 0.0534187 -0.03853 
108 0.0114405 0.0528587 -0.0388602 
109 0.0115385 0.0522362 -0.0391979 
110 0.0115801 0.0515508 -0.039544 
111 0.0115653 0.0508021 -0.0398993 
112 0.0114945 0.04999 -0.0402644 
113 0.011368 0.0491141 -0.0406403 
114 0.0111863 0.0481745 -0.0410275 
115 0.0109499 0.047171 -0.0414268 
116 0.0106597 0.0461038 -0.0418388 
117 0.0103165 0.0449731 -0.0422642 
118 0.00992131 0.0437793 -0.0427034 
119 0.00947532 0.042523 -0.043157 
120 0.00897991 0.041205 -0.0436254 
121 0.0084366 0.039826 -0.0441088 
122 0.00784713 0.0383873 -0.0446075 
123 0.00721342 0.0368904 -0.0451216 
124 0.00653758 0.0353367 -0.0456512 
125 0.00582193 0.0337281 -0.0461961 
126 0.00506898 0.032067 -0.046756 
127 0.00428144 0.0303556 -0.0473308 
128 0.00346226 0.0285967 -0.0479197 
129 0.00261452 0.0267934 -0.0485222 
130 0.00174153 0.024949 -0.0491374 
131 0.000846753 0.0230671 -0.0497643 
132 -6.61415e-05 0.0211517 -0.0504017 
133 -0.000993403 0.0192069 -0.0510485 
134 -0.00193107 0.0172375 -0.0517029 
135 -0.00287512 0.0152482 -0.0523634 
136 -0.00382141 0.0132441 -0.0530281 
137 -0.00476573 0.0112304 -0.0536949 
138 -0.00570381 0.00921291 -0.0543618 
139 -0.00663138 0.00719724 -0.0550263 
140 -0.00754417 0.00518937 -0.055686 
141 -0.00843792 0.00319541 -0.0563382 
142 -0.00930845 0.00122155 -0.0569802 
143 -0.0101517 -0.000725914 -0.0576091 
144 -0.0109636 -0.00264063 -0.0582219 
145 -0.0117404 -0.00451626 -0.0588156 
146 -0.0124784 -0.00634647 -0.0593871 
147 -0.0131742 -0.00812501 -0.0599332 
148 -0.0138244 -0.00984572 -0.0604506 
149 -0.014426 -0.0115026 -0.0609363 
150 -0.0149762 -0.0130897 -0.0613869 
151 -0.0154726 -0.0146015 -0.0617993 
152 -0.0159128 -0.0160325 -0.0621704 
153 -0.016295 -0.0173774 -0.0624969 
154 -0.0166174 -0.0186315 -0.062776 
155 -0.0168786 -0.0197902 -0.0630048 
156 -0.0170776 -0.020849 -0.0631803 
157 -0.0172135 -0.0218041 -0.0632998 
158 -0.0172858 -0.0226518 -0.0633609 
159 -0.0172942 -0.0233889 -0.063361 
160 -0.0172389 -0.0240125 -0.0632978 
161 -0.0171199 -0.0245199 -0.0631692 
162 -0.0169378 -0.0249089 -0.0629733 
163 -0.0166934 -0.0251778 -0.0627081 
164 -0.0163875 -0.0253248 -0.062372 
165 -0.0160212 -0.0253488 -0.0619635 
166 -0.0155959 -0.0252489 -0.0614813 
167 -0.015113 -0.0250245 -0.0609242 
168 -0.014574 -0.0246752 -0.0602913 
169 -0.0139806 -0.0242012 -0.0595816 
170 -0.0133347 -0.0236025 -0.0587945 
171 -0.0126382 -0.0228796 -0.0579295 
172 -0.0118929 -0.0220334 -0.0569862 
173 -0.0111009 -0.0210646 -0.0559643 
174 -0.0102643 -0.0199744 -0.0548638 
175 -0.00938522 -0.0187641 -0.0536846 
176 -0.00846568 -0.0174352 -0.0524271 
177 -0.00750786 -0.0159893 -0.0510914 
178 -0.00651387 -0.0144281 -0.049678 
179 -0.0054858 -0.0127536 -0.0481874 
180 -0.00442577 -0.0109676 -0.0466201 
181 -0.00333583 -0.00907234 -0.044977 
182 -0.00221801 -0.00706996 -0.0432589 
183 -0.00107432 -0.00496271 -0.0414665 
184 9.32962e-05 -0.00275292 -0.039601 
185 0.00128292 -0.000442989 -0.0376634 
186 0.00249268 0.00196468 -0.0356548 
187 0.00372077 0.00446756 -0.0335764 
188 0.00496543 0.00706317 -0.0314294 
189 0.00622495 0.00974895 -0.0292153 
190 0.00749766 0.0125223 -0.0269354 
191 0.008782 0.0153807 -0.024591 
192 0.0100764 0.0183214 -0.0221837 
193 0.0113793 0.0213419 -0.019715 
194 0.0126894 0.0244396 -0.0171865 
195 0.0140052 0.0276117 -0.0145998 
196 0.0153255 0.0308557 -0.0119564 
197 0.0166488 0.0341689 -0.00925804 
198 0.017974 0.0375486 -0.00650645 
199 0.0192999 0.0409923 -0.00370333 
200 0.0206254 0.0444973 -0.000850413 
201 0.0219493 0.048061 0.00205052 
202 0.0232706 0.0516807 0.00499769 
203 0.0245883 0.0553539 0.00798927 
204 0.0259013 0.059078 0.0110235 
205 0.0272088 0.0628503 0.0140984 
206 0.0285098 0.0666683 0.0172122 
207 0.0298034 0.0705295 0.0203631 
208 0.0310889 0.0744312 0.0235491 
209 0.0323654 0.0783709 0.0267683 
210 0.033632 0.0823461 0.0300189 
211 0.0348881 0.0863543 0.0332989 
212 0.036133 0.0903929 0.0366065 
213 0.0373658 0.0944595 0.0399396 
214 0.0385859 0.0985515 0.0432964 
215 0.0397927 0.102667 0.046675 
216 0.0409855 0.106802 0.0500733 
217 0.0421636 0.110956 0.0534894 
218 0.0433265 0.115125 0.0569215 
219 0.0444736 0.119307 0.0603674 
220 0.0456042 0.1235 0.0638253 
221 0.046718 0.127702 0.0672933 
222 0.0478142 0.131909 0.0707693 
223 0.0488925 0.13612 0.0742514 
224 0.0499524 0.140333 0.0777377 
225 0.0509935 0.144543 0.0812261 
226 0.0520156 0.148751 0.0847148 
227 0.0530184 0.152954 0.0882015 
228 0.0540021 0.157152 0.0916835 
229 0.0549672 0.161353 0.0951564 
230 0.0559153 0.165579 0.0986103 
231 0.0568505 0.169893 0.102022 
232 0.0577833 0.174447 0.105337 
233 0.058742 0.179584 0.108424 
234 0.0597991 0.186011 0.110996 
235 0.0611327 0.195085 0.112459 
236 0.0631523 0.209174 0.111657 
237 0.0667329 0.232002 0.10651 
238 0.0735939 0.26864 0.0935919 
239 0.0867972 0.324573 0.0678591 
240 0.111162 0.403072 0.0229799 
241 0.153108 0.500647 -0.0471092 
242 0.219287 0.602121 -0.145173 
243 0.313859 0.679437 -0.267274 
244 0.435723 0.698242 -0.401661 
245 0.577908 0.630569 -0.531925 
246 0.72999 0.465251 -0.642855 
247 0.881736 0.209261 -0.724895 
248 1.02552 -0.118563 -0.77493 
249 1.15674 -0.495202 -0.794368 
250 1.27295 -0.898306 -0.786664 
251 1.37267 -1.30768 -0.755499 
252 1.45446 -1.70459 -0.703862 
253 1.51625 -2.07013 -0.633781 
254 1.55505 -2.38349 -0.546515 
255 1.56701 -2.62113 -0.443124 
256 1.54819 -2.7579 -0.325484 
257 1.4962 -2.77202 -0.197688 
258 1.41274 -2.65469 -0.067366 
259 1.30585 -2.42112 0.0543113 
260 1.18944 -2.11399 0.155134 
261 1.07881 -1.79142 0.226252 
262 0.984717 -1.50399 0.265413 
263 0.910299 -1.27798 0.276553 
264 0.852483 -1.11464 0.26665 
265 0.805524 -1.00053 0.242625 
266 0.763876 -0.918394 0.209806 
267 0.72349 -0.853476 0.171757 
268 0.681962 -0.795476 0.130719 
269 0.638168 -0.738173 0.0881108 
270 0.591828 -0.678274 0.0449082 
271 0.543152 -0.614312 0.00187774 
272 0.492614 -0.545836 -0.0402906 
273 0.440817 -0.472906 -0.0809106 
274 0.388433 -0.39581 -0.119256 
275 0.336183 -0.31494 -0.154535 
276 0.284833 -0.230749 -0.185876 
277 0.235197 -0.143758 -0.212324 
278 0.188132 -0.0545974 -0.232867 
279 0.144519 0.0359371 -0.246485 
280 0.10521 0.126838 -0.252239 
281 0.0709534 0.216846 -0.249407 
282 0.0422754 0.304465 -0.237652 
283 0.0193562 0.388021 -0.217193 
284 0.00191808 0.46582 -0.188928 
285 -0.0108239 0.536342 -0.154446 
286 -0.0201115 0.598471 -0.115894 
287 -0.0274871 0.651663 -0.0756919 
288 -0.0345632 0.696005 -0.0361774 
289 -0.0427872 0.732149 0.000719036 
290 -0.0532657 0.761132 0.0336802 
291 -0.0666875 0.784176 0.0620507 
292 -0.0833412 0.802489 0.0857523 
293 -0.103195 0.817144 0.105126 
294 -0.126002 0.829013 0.120758 
295 -0.151398 0.838756 0.133332 
296 -0.178979 0.84685 0.143521 
297 -0.208351 0.853622 0.151931 
298 -0.239162 0.85929 0.159066 
299 -0.271111 0.864 0.165328 
300 -0.303954 0.867846 0.17102 
301 -0.337493 0.870894 0.176366 
302 -0.371574 0.873193 0.181524 
303 -0.406079 0.874778 0.186601 
304 -0.440918 0.875682 0.191669 
305 -0.476019 0.87593 0.196772 
306 -0.511329 0.875545 0.201935 
307 -0.546806 0.874543 0.207172 
308 -0.582416 0.872939 0.212488 
309 -0.618132 0.870742 0.217885 
310 -0.65393 0.867956 0.223359 
311 -0.689788 0.864577 0.228905 
312 -0.725684 0.860599 0.234517 
313 -0.761598 0.856006 0.240187 
314 -0.797504 0.850778 0.245909 
315 -0.833375 0.844887 0.251673 
316 -0.869179 0.838298 0.25747 
317 -0.904878 0.830969 0.263288 
318 -0.940426 0.822851 0.269114 
319 -0.975768 0.813889 0.274936 
320 -1.01084 0.804018 0.280734 
321 -1.04555 0.793168 0.28649 
322 -1.07982 0.781265 0.292179 
323 -1.11353 0.768227 0.297775 
324 -1.14654 0.753969 0.303245 
325 -1.17872 0.738406 0.308554 
326 -1.20987 0.721453 0.313658 
327 -1.23981 0.703029 0.318511 
328 -1.26831 0.68306 0.323058 
329 -1.29513 0.661487 0.327242 
330 -1.32001 0.638268 0.330999 
331 -1.34267 0.613384 0.334261 
332 -1.36282 0.586846 0.336958 
333 -1.38018 0.558701 0.33902 
334 -1.39447 0.529036 0.340379 
335 -1.40545 0.497979 0.34097 
336 -1.41289 0.465706 0.340737 
337 -1.41662 0.432434 0.339637 
338 -1.41653 0.398422 0.337636 
339 -1.41258 0.363959 0.33472 
340 -1.40479 0.329359 0.330891 
341 -1.39329 0.294946 0.32617 
342 -1.37825 0.26104 0.320594 
343 -1.35991 0.227947 0.314219 
344 -1.33858 0.195944 0.307111 
345 -1.31458 0.165272 0.299347 
346 -1.28828 0.136122 0.29101 
347 -1.26004 0.108639 0.282185 
348 -1.23021 0.0829142 0.272954 
349 -1.19911 0.0589927 0.263395 
350 -1.16704 0.0368734 0.253579 
351 -1.13425 0.0165168 0.243566 
352 -1.10094 -0.00214809 0.233406 
353 -1.06727 -0.019217 0.22314 
354 -1.03336 -0.0348036 0.212795 
355 -0.999277 -0.0490332 0.20239 
356 -0.965045 -0.0620373 0.191933 
357 -0.930658 -0.0739496 0.181426 
358 -0.896075 -0.0849021 0.170858 
359 -0.861227 -0.0950231 0.160218 
360 -0.826019 -0.104435 0.149483 
361 -0.790336 -0.113255 0.138629 
362 -0.754045 -0.12159 0.127627 
363 -0.716995 -0.129543 0.116443 
364 -0.679022 -0.137209 0.105043 
365 -0.639952 -0.144674 0.0933871 
366 -0.599597 -0.15202 0.0814373 
367 -0.557765 -0.159324 0.0691523 
368 -0.514255 -0.166656 0.0564911 
369 -0.468861 -0.174081 0.0434124 
370 -0.421375 -0.181661 0.0298759 
371 -0.37159 -0.189454 0.0158432 
372 -0.319303 -0.197511 0.00127842 
373 -0.264318 -0.205883 -0.0138506 
374 -0.20645 -0.214612 -0.029571 
375 -0.145534 -0.223739 -0.0459033 
376 -0.0814249 -0.233297 -0.0628601 
377 -0.0140118 -0.243315 -0.0804442 
378 0.0567808 -0.253811 -0.0986471 
379 0.130982 -0.264798 -0.117447 
380 0.208566 -0.276278 -0.136806 
381 0.289447 -0.288243 -0.156671 
382 0.373466 -0.300673 -0.176969 
383 0.46039 -0.313534 -0.197609 
384 0.549901 -0.326779 -0.21848 
385 0.641596 -0.340345 -0.23945 
386 0.734986 -0.354155 -0.260368 
387 0.829495 -0.368118 -0.281064 
388 0.924466 -0.382126 -0.301355 
389 1.01917 -0.39606 -0.321041 
390 1.11282 -0.409788 -0.339917 
391 1.20459 -0.423169 -0.357773 
392 1.29361 -0.436056 -0.374396 
393 1.37902 -0.448296 -0.389583 
394 1.45996 -0.459737 -0.403141 
395 1.53562 -0.470229 -0.41489 
396 1.60522 -0.479627 -0.424674 
397 1.66807 -0.487793 -0.43236 
398 1.72356 -0.494602 -0.43784 
399 1.77118 -0.499939 -0.441035 
400 1.81051 -0.503703 -0.441898 
401 1.84126 -0.505808 -0.440407 
402 1.86321 -0.506181 -0.43657 
403 1.87628 -0.504763 -0.43042 
404 1.88047 -0.501508 -0.422015 
405 1.87585 -0.49638 -0.411431 
406 1.86258 -0.489355 -0.398764 
407 1.8409 -0.480416 -0.384125 
408 1.81108 -0.469554 -0.367635 
409 1.77346 -0.456767 -0.349426 
410 1.72839 -0.442055 -0.329638 
411 1.67627 -0.425426 -0.308416 
412 1.61751 -0.406888 -0.285908 
413 1.55254 -0.386455 -0.262267 
414 1.4818 -0.364147 -0.237649 
415 1.40574 -0.339986 -0.212212 
416 1.32485 -0.314005 -0.186116 
417 1.23959 -0.286244 -0.159526 
418 1.15047 -0.256753 -0.132605 
419 1.05798 -0.225599 -0.105525 
420 0.962667 -0.192864 -0.0784561 
421 0.86507 -0.158649 -0.0515737 
422 0.765761 -0.123081 -0.0250544 
423 0.665333 -0.0863079 0.000924185 
424 0.5644 -0.0485075 0.0261848 
425 0.463594 -0.00988463 0.0505533 
426 0.363558 0.0293273 0.0738608 
427 0.264943 0.0688679 0.0959473 
428 0.168394 0.108452 0.116665 
429 0.0745398 0.147776 0.135883 
430 -0.0160194 0.186521 0.153489 
431 -0.102728 0.224361 0.169396 
432 -0.185089 0.260972 0.183543 
433 -0.262675 0.296043 0.195897 
434 -0.335144 0.329278 0.206455 
435 -0.402244 0.360415 0.215245 
436 -0.463821 0.389225 0.222323 
437 -0.519819 0.415521 0.22777 
438 -0.570274 0.439164 0.231692 
439 -0.615315 0.460063 0.234211 
440 -0.655147 0.478175 0.235463 
441 -0.69004 0.493502 0.235593 
442 -0.720318 0.50609 0.23475 
443 -0.746344 0.516022 0.23308 
444 -0.768502 0.523409 0.230726 
445 -0.787189 0.52839 0.227822 
446 -0.802799 0.531119 0.224493 
447 -0.815716 0.531764 0.22085 
448 -0.826307 0.530497 0.216993 
449 -0.834911 0.527493 0.213006 
450 -0.841843 0.522923 0.208962 
451 -0.847385 0.516951 0.204922 
452 -0.851789 0.509735 0.200932 
453 -0.855274 0.501421 0.197031 
454 -0.858034 0.492144 0.193248 
455 -0.860231 0.482027 0.189602 
456 -0.862004 0.471182 0.186107 
457 -0.863467 0.459709 0.182771 
458 -0.864716 0.447696 0.179597 
459 -0.865828 0.435223 0.176584 
460 -0.866863 0.422358 0.173729 
461 -0.86787 0.40916 0.171025 
462 -0.868885 0.395683 0.168466 
463 -0.869935 0.381972 0.166041 
464 -0.87104 0.368064 0.163743 
465 -0.872211 0.353995 0.16156 
466 -0.873454 0.339793 0.159484 
467 -0.87477 0.325485 0.157503 
468 -0.876153 0.311093 0.155607 
469 -0.877594 0.296641 0.153786 
470 -0.879075 0.282149 0.152029 
471 -0.880571 0.267641 0.150323 
472 -0.882045 0.253143 0.148656 
473 -0.883446 0.238686 0.147013 
474 -0.884705 0.224308 0.145375 
475 -0.885725 0.210058 0.143722 
476 -0.886373 0.196001 0.142025 
477 -0.886475 0.182216 0.140251 
478 -0.885794 0.168808 0.138355 
479 -0.884027 0.155906 0.136284 
480 -0.880785 0.14367 0.13397 
481 -0.875585 0.132292 0.131333 
482 -0.867841 0.12199 0.128277 
483 -0.856874 0.113007 0.124694 
484 -0.841927 0.105594 0.120471 
485 -0.822213 0.0999868 0.115491 
486 -0.796977 0.0963773 0.109654 
487 -0.765597 0.0948726 0.102883 
488 -0.727688 0.0954569 0.0951512 
489 -0.683217 0.0979585 0.0864888 
490 -0.632579 0.102034 0.0769987 
491 -0.576629 0.107178 0.0668542 
492 -0.516632 0.112762 0.0562878 
493 -0.454149 0.118099 0.045569 
494 -0.390874 0.122514 0.0349752 
495 -0.328448 0.125412 0.0247632 
496 -0.268313 0.126332 0.0151465 
497 -0.21161 0.124964 0.00628215 
498 -0.159134 0.121155 -0.00173257 
499 -0.111351 0.11488 -0.00885483 
500 -0.0684407 0.106222 -0.0150865 
501 -0.0303615 0.0953332 -0.0204623 
502 0.00308314 0.0824065 -0.0250381 
503 0.0321855 0.0676548 -0.0288816 
504 0.0572855 0.0512915 -0.0320646 
505 0.0787362 0.0335202 -0.034658 
506 0.0968782 0.0145277 -0.0367281 
507 0.112025 -0.00551875 -0.038335 
508 0.124452 -0.0264725 -0.0395316 
509 0.134396 -0.0482067 -0.0403633 
510 0.142047 -0.0706127 -0.040868 
511 0.147554 -0.093598 -0.0410771 
512 0.151022 -0.117085 -0.0410151 
513 0.152516 -0.141006 -0.0407009 
514 0.152055 -0.165307 -0.0401476 
515 0.149622 -0.189939 -0.0393634 
516 0.145152 -0.214861 -0.0383515 
517 0.138542 -0.240038 -0.0371105 
518 0.12964 -0.265436 -0.0356348 
519 0.118251 -0.291023 -0.0339145 
520 0.10413 -0.31677 -0.0319358 
