4,520
1 0.844693 3.15709 0.375298 
2 0.830615 3.08077 0.408085 
3 0.910324 3.37569 0.49665 
4 1.04934 3.90927 0.619663 
5 1.22402 4.59095 0.762475 
6 1.41917 5.36422 0.915317 
7 1.62378 6.19137 1.07047 
8 1.82672 7.03805 1.21941 
9 2.0123 7.8561 1.35006 
10 2.15709 8.56732 1.44566 
11 2.23533 9.071 1.4908 
12 2.23943 9.30861 1.48676 
13 2.19524 9.33534 1.45826 
14 2.14108 9.27559 1.43341 
15 2.09784 9.21693 1.42354 
16 2.06735 9.18384 1.42625 
17 2.04474 9.17058 1.43592 
18 2.02575 9.16738 1.44861 
19 2.00812 9.16818 1.46238 
20 1.9909 9.17029 1.47646 
21 1.97378 9.17276 1.49057 
22 1.95667 9.1753 1.50466 
23 1.93954 9.17782 1.51868 
24 1.92241 9.1803 1.53263 
25 1.90527 9.18273 1.54649 
26 1.88812 9.1851 1.56026 
27 1.87097 9.18742 1.57392 
28 1.85383 9.18966 1.58746 
29 1.8367 9.19182 1.60087 
30 1.81957 9.19389 1.61414 
31 1.80247 9.19586 1.62725 
32 1.78539 9.19772 1.6402 
33 1.76834 9.19945 1.65295 
34 1.75133 9.20105 1.66551 
35 1.73435 9.2025 1.67785 
36 1.71743 9.20379 1.68996 
37 1.70055 9.2049 1.70181 
38 1.68373 9.20581 1.71339 
39 1.66698 9.20652 1.72468 
40 1.6503 9.20699 1.73566 
41 1.63371 9.20722 1.7463 
42 1.6172 9.20718 1.75659 
43 1.60078 9.20686 1.7665 
44 1.58447 9.20623 1.77601 
45 1.56828 9.20527 1.78509 
46 1.5522 9.20396 1.79372 
47 1.53625 9.20228 1.80187 
48 1.52044 9.2002 1.80952 
49 1.50478 9.19771 1.81665 
50 1.48927 9.19478 1.82323 
51 1.47393 9.19139 1.82924 
52 1.45876 9.18751 1.83465 
53 1.44377 9.18313 1.83945 
54 1.42897 9.17823 1.8436 
55 1.41437 9.17279 1.8471 
56 1.39997 9.16679 1.84993 
57 1.38579 9.16022 1.85206 
58 1.37183 9.15308 1.8535 
59 1.3581 9.14534 1.85422 
60 1.34459 9.13701 1.85422 
61 1.33132 9.12809 1.85351 
62 1.31829 9.11857 1.85207 
63 1.3055 9.10847 1.84993 
64 1.29295 9.09779 1.84707 
65 1.28065 9.08654 1.84352 
66 1.26859 9.07476 1.83929 
67 1.25677 9.06245 1.83439 
68 1.2452 9.04965 1.82886 
69 1.23387 9.03638 1.82272 
70 1.22277 9.02269 1.816 
71 1.2119 9.0086 1.80872 
72 1.20126 8.99417 1.80093 
73 1.19085 8.97943 1.79265 
74 1.18065 8.96443 1.78394 
75 1.17067 8.94921 1.77481 
76 1.16089 8.93383 1.76532 
77 1.15132 8.91834 1.75549 
78 1.14194 8.90279 1.74538 
79 1.13276 8.88722 1.735 
80 1.12377 8.87168 1.72441 
81 1.11497 8.85623 1.71363 
82 1.10635 8.84092 1.70269 
83 1.09792 8.82578 1.69162 
84 1.08967 8.81086 1.68045 
85 1.0816 8.7962 1.6692 
86 1.07372 8.78185 1.65789 
87 1.06603 8.76783 1.64655 
88 1.05853 8.7542 1.63518 
89 1.05122 8.74097 1.6238 
90 1.04412 8.72818 1.61242 
91 1.03722 8.71587 1.60104 
92 1.03054 8.70405 1.58968 
93 1.02408 8.69275 1.57833 
94 1.01786 8.68199 1.567 
95 1.01187 8.67181 1.55568 
96 1.00614 8.66221 1.54438 
97 1.00068 8.65322 1.53308 
98 0.995486 8.64486 1.52179 
99 0.990584 8.63714 1.51049 
100 0.985984 8.63008 1.49919 
101 0.981697 8.6237 1.48787 
102 0.977739 8.61801 1.47652 
103 0.974122 8.61303 1.46514 
104 0.970861 8.60878 1.45371 
105 0.96797 8.60525 1.44223 
106 0.965463 8.60249 1.43068 
107 0.963353 8.60048 1.41907 
108 0.961654 8.59925 1.40738 
109 0.960381 8.59882 1.39559 
110 0.959545 8.59919 1.38371 
111 0.95916 8.60038 1.37172 
112 0.959236 8.60239 1.35963 
113 0.959787 8.60525 1.34741 
114 0.96082 8.60895 1.33507 
115 0.962345 8.61352 1.32261 
116 0.96437 8.61895 1.31001 
117 0.966902 8.62526 1.29728 
118 0.969943 8.63244 1.28442 
119 0.973498 8.64051 1.27142 
120 0.977567 8.64946 1.25829 
121 0.982149 8.65929 1.24503 
122 0.98724 8.66999 1.23164 
123 0.992833 8.68156 1.21814 
124 0.998919 8.694 1.20452 
125 1.00549 8.70727 1.19081 
126 1.01252 8.72137 1.177 
127 1.02001 8.73627 1.16311 
128 1.02792 8.75194 1.14916 
129 1.03623 8.76836 1.13516 
130 1.04492 8.7855 1.12113 
131 1.05396 8.8033 1.10709 
132 1.0633 8.82173 1.09306 
133 1.07293 8.84074 1.07905 
134 1.08279 8.86028 1.0651 
135 1.09284 8.88029 1.05123 
136 1.10305 8.90071 1.03745 
137 1.11336 8.92149 1.02379 
138 1.12374 8.94255 1.01029 
139 1.13413 8.96384 0.99695 
140 1.14448 8.98528 0.983809 
141 1.15476 9.00682 0.970886 
142 1.16491 9.02837 0.958204 
143 1.17489 9.04988 0.945782 
144 1.18466 9.07129 0.933641 
145 1.19417 9.09252 0.921798 
146 1.20339 9.11352 0.91027 
147 1.21227 9.13423 0.89907 
148 1.22079 9.1546 0.88821 
149 1.22892 9.17458 0.8777 
150 1.23664 9.19413 0.867548 
151 1.24391 9.21321 0.85776 
152 1.25072 9.23178 0.848337 
153 1.25707 9.24981 0.839282 
154 1.26293 9.26729 0.830594 
155 1.2683 9.2842 0.822269 
156 1.27319 9.30051 0.814304 
157 1.27758 9.31622 0.806692 
158 1.28148 9.33133 0.799425 
159 1.2849 9.34584 0.792495 
160 1.28784 9.35974 0.785892 
161 1.29032 9.37305 0.779605 
162 1.29235 9.38577 0.773622 
163 1.29394 9.39793 0.767932 
164 1.29511 9.40952 0.762521 
165 1.29587 9.42058 0.757376 
166 1.29624 9.43111 0.752485 
167 1.29625 9.44114 0.747835 
168 1.2959 9.45069 0.743412 
169 1.29522 9.45977 0.739203 
170 1.29422 9.46842 0.735197 
171 1.29293 9.47665 0.731381 
172 1.29135 9.48448 0.727742 
173 1.28952 9.49194 0.72427 
174 1.28744 9.49905 0.720953 
175 1.28513 9.50583 0.717781 
176 1.28261 9.51229 0.714743 
177 1.27989 9.51847 0.711832 
178 1.27699 9.52437 0.709036 
179 1.27392 9.53002 0.706347 
180 1.2707 9.53543 0.703759 
181 1.26733 9.54062 0.701262 
182 1.26383 9.54561 0.69885 
183 1.26021 9.5504 0.696517 
184 1.25649 9.55502 0.694256 
185 1.25266 9.55948 0.692061 
186 1.24873 9.56379 0.689928 
187 1.24473 9.56796 0.68785 
188 1.24065 9.572 0.685824 
189 1.23649 9.57593 0.683845 
190 1.23228 9.57974 0.68191 
191 1.22801 9.58346 0.680014 
192 1.22369 9.58709 0.678155 
193 1.21932 9.59064 0.676328 
194 1.21492 9.5941 0.674533 
195 1.21047 9.5975 0.672764 
196 1.20599 9.60083 0.671022 
197 1.20149 9.60411 0.669302 
198 1.19696 9.60733 0.667604 
199 1.1924 9.6105 0.665925 
200 1.18782 9.61363 0.664264 
201 1.18323 9.61672 0.662618 
202 1.17862 9.61977 0.660987 
203 1.174 9.62279 0.65937 
204 1.16936 9.62578 0.657764 
205 1.16472 9.62874 0.65617 
206 1.16006 9.63167 0.654585 
207 1.1554 9.63458 0.65301 
208 1.15073 9.63747 0.651443 
209 1.14606 9.64034 0.649883 
210 1.14138 9.6432 0.64833 
211 1.13671 9.64604 0.646783 
212 1.13202 9.64886 0.645242 
213 1.12734 9.65166 0.643706 
214 1.12266 9.65446 0.642174 
215 1.11798 9.65724 0.640647 
216 1.1133 9.66002 0.639123 
217 1.10861 9.66278 0.637605 
218 1.10393 9.66554 0.636092 
219 1.09925 9.66832 0.634586 
220 1.09455 9.67111 0.633093 
221 1.08983 9.67396 0.631619 
222 1.08506 9.67692 0.630178 
223 1.08021 9.68007 0.628793 
224 1.07521 9.68357 0.627499 
225 1.06997 9.68764 0.626355 
226 1.06434 9.69265 0.625448 
227 1.05809 9.69914 0.624914 
228 1.05092 9.70793 0.624951 
229 1.04239 9.7202 0.625842 
230 1.03192 9.7376 0.62798 
231 1.01881 9.76238 0.631896 
232 1.0022 9.79746 0.638273 
233 0.98121 9.8465 0.647948 
234 0.955036 9.91376 0.661886 
235 0.923244 10.0039 0.68109 
236 0.886147 10.121 0.706438 
237 0.845304 10.2683 0.738431 
238 0.804052 10.4457 0.776853 
239 0.767888 10.6491 0.820424 
240 0.744455 10.8689 0.866543 
241 0.742904 11.0897 0.911302 
242 0.77259 11.292 0.949875 
243 0.841391 11.4546 0.977265 
244 0.954201 11.5588 0.989178 
245 1.11215 11.5913 0.982749 
246 1.31281 11.5458 0.956855 
247 1.55109 11.4227 0.911994 
248 1.82056 11.2277 0.849859 
249 2.11451 10.9694 0.772813 
250 2.42682 10.6578 0.683441 
251 2.75227 10.3026 0.58422 
252 3.08676 9.9124 0.477354 
253 3.42714 9.49477 0.364705 
254 3.77112 9.05567 0.2478 
255 4.11707 8.59987 0.127876 
256 4.46382 8.13108 0.00593757 
257 4.81058 7.65212 -0.117181 
258 5.15677 7.16519 -0.240753 
259 5.50193 6.672 -0.364102 
260 5.84567 6.17396 -0.486545 
261 6.18752 5.67237 -0.607335 
262 6.5269 5.1686 -0.725597 
263 6.86299 4.66432 -0.840264 
264 7.19459 4.16178 -0.950009 
265 7.51999 3.66413 -1.05318 
266 7.83678 3.17582 -1.14776 
267 8.14174 2.70295 -1.23142 
268 8.43073 2.25357 -1.30157 
269 8.69885 1.8375 -1.35574 
270 8.94084 1.46574 -1.39193 
271 9.15184 1.14898 -1.40928 
272 9.32845 0.89559 -1.40852 
273 9.46966 0.709444 -1.39227 
274 9.57737 0.588627 -1.36472 
275 9.65609 0.525633 -1.3309 
276 9.71192 0.509122 -1.29566 
277 9.75124 0.526477 -1.26283 
278 9.77965 0.566118 -1.23485 
279 9.80133 0.618913 -1.21276 
280 9.819 0.678576 -1.19655 
281 9.83416 0.74134 -1.18554 
282 9.84746 0.805321 -1.17877 
283 9.85904 0.869843 -1.17522 
284 9.86881 0.934905 -1.17397 
285 9.87659 1.0008 -1.17426 
286 9.88226 1.06788 -1.1755 
287 9.88573 1.13647 -1.17726 
288 9.887 1.20677 -1.17924 
289 9.88615 1.27891 -1.18124 
290 9.88329 1.35289 -1.18313 
291 9.87857 1.4287 -1.18486 
292 9.87215 1.50625 -1.18639 
293 9.8642 1.58546 -1.18771 
294 9.85488 1.66622 -1.18882 
295 9.84435 1.74846 -1.18974 
296 9.83273 1.83213 -1.19049 
297 9.82013 1.91721 -1.19108 
298 9.80663 2.0037 -1.19152 
299 9.79229 2.09169 -1.19182 
300 9.77713 2.18128 -1.19199 
301 9.7611 2.27268 -1.192 
302 9.74414 2.36615 -1.19185 
303 9.7261 2.46203 -1.19149 
304 9.70673 2.56079 -1.19086 
305 9.68571 2.66298 -1.18987 
306 9.66255 2.7693 -1.18839 
307 9.63665 2.88057 -1.18625 
308 9.60718 2.99777 -1.18323 
309 9.57311 3.122 -1.17904 
310 9.53316 3.25446 -1.1733 
311 9.48577 3.39647 -1.16558 
312 9.42915 3.54932 -1.15534 
313 9.36125 3.71425 -1.14198 
314 9.27989 3.89228 -1.12481 
315 9.18281 4.08407 -1.10316 
316 9.06792 4.28976 -1.07634 
317 8.93343 4.50881 -1.04376 
318 8.77813 4.73992 -1.00497 
319 8.60156 4.98095 -0.959727 
320 8.40416 5.22906 -0.908071 
321 8.18734 5.4808 -0.850312 
322 7.95336 5.73249 -0.787031 
323 7.70515 5.98043 -0.719032 
324 7.44604 6.22127 -0.647261 
325 7.17948 6.45224 -0.572721 
326 6.90868 6.67127 -0.496384 
327 6.63647 6.87708 -0.419124 
328 6.36513 7.0691 -0.34167 
329 6.09633 7.24737 -0.264584 
330 5.83113 7.41241 -0.18826 
331 5.57008 7.56506 -0.112938 
332 5.31326 7.70635 -0.038725 
333 5.06039 7.8374 0.0343782 
334 4.81092 7.95932 0.106454 
335 4.56408 8.07318 0.177644 
336 4.31894 8.17991 0.24813 
337 4.07449 8.28033 0.318119 
338 3.82964 8.37512 0.387829 
339 3.58324 8.4648 0.45748 
340 3.33416 8.54973 0.52728 
341 3.08125 8.63013 0.59742 
342 2.82341 8.70605 0.668058 
343 2.55963 8.77736 0.739312 
344 2.28899 8.84381 0.81124 
345 2.0108 8.90497 0.883829 
346 1.72462 8.96027 0.956973 
347 1.43039 9.00904 1.03046 
348 1.12849 9.0505 1.10394 
349 0.819871 9.08385 1.17696 
350 0.506105 9.1083 1.24889 
351 0.189429 9.12319 1.319 
352 -0.127297 9.12804 1.38648 
353 -0.440695 9.12266 1.45045 
354 -0.747058 9.10719 1.51006 
355 -1.04262 9.08215 1.56456 
356 -1.32382 9.04844 1.61335 
357 -1.58765 9.00725 1.65602 
358 -1.8318 8.96 1.69241 
359 -2.05488 8.90823 1.7226 
360 -2.25637 8.85343 1.74689 
361 -2.43661 8.79701 1.76572 
362 -2.5966 8.74015 1.77965 
363 -2.73786 8.68382 1.78932 
364 -2.86218 8.62873 1.79532 
365 -2.97148 8.57534 1.79825 
366 -3.06763 8.52393 1.79862 
367 -3.15237 8.47459 1.79687 
368 -3.22722 8.42727 1.79335 
369 -3.29346 8.38186 1.78835 
370 -3.35211 8.33815 1.78206 
371 -3.4039 8.29591 1.77461 
372 -3.44934 8.2549 1.76605 
373 -3.4887 8.21486 1.75642 
374 -3.52204 8.17553 1.74569 
375 -3.5492 8.13667 1.73378 
376 -3.56986 8.09805 1.7206 
377 -3.58354 8.05944 1.70603 
378 -3.58957 8.02063 1.68992 
379 -3.58718 7.9814 1.6721 
380 -3.57543 7.94155 1.6524 
381 -3.55328 7.90088 1.63061 
382 -3.51955 7.85919 1.60653 
383 -3.473 7.81626 1.57995 
384 -3.41228 7.7719 1.55067 
385 -3.33601 7.72588 1.51848 
386 -3.24277 7.67798 1.4832 
387 -3.13116 7.62797 1.44465 
388 -2.99984 7.57562 1.4027 
389 -2.84758 7.52071 1.35725 
390 -2.6733 7.46299 1.30824 
391 -2.47612 7.40225 1.25569 
392 -2.25547 7.33828 1.19965 
393 -2.01108 7.27089 1.14026 
394 -1.74304 7.19993 1.07773 
395 -1.45187 7.12525 1.01234 
396 -1.13849 7.04679 0.944434 
397 -0.80424 6.96451 0.874432 
398 -0.450876 6.87842 0.802793 
399 -0.0805054 6.78861 0.73002 
400 0.30445 6.6952 0.656639 
401 0.701331 6.59841 0.583182 
402 1.10731 6.49849 0.510175 
403 1.51948 6.39576 0.438118 
404 1.93492 6.29062 0.367471 
405 2.35078 6.18348 0.298649 
406 2.76432 6.07484 0.232011 
407 3.173 5.96524 0.167856 
408 3.57445 5.85524 0.106421 
409 3.96654 5.74546 0.0478881 
410 4.34736 5.63654 -0.00761847 
411 4.71526 5.52915 -0.0600223 
412 5.06877 5.42398 -0.10929 
413 5.40667 5.32173 -0.155424 
414 5.72792 5.2231 -0.198456 
415 6.03167 5.12877 -0.238441 
416 6.31724 5.0394 -0.275452 
417 6.58412 4.95564 -0.309573 
418 6.83195 4.87808 -0.340899 
419 7.06053 4.80723 -0.36953 
420 7.2698 4.74355 -0.39557 
421 7.45984 4.68743 -0.419123 
422 7.63085 4.63916 -0.440296 
423 7.78319 4.59894 -0.459194 
424 7.91732 4.56687 -0.475922 
425 8.03381 4.54299 -0.490581 
426 8.13332 4.52721 -0.503271 
427 8.2166 4.5194 -0.514087 
428 8.28444 4.51932 -0.52312 
429 8.3377 4.52672 -0.530457 
430 8.37724 4.54127 -0.536177 
431 8.40392 4.56261 -0.54035 
432 8.4186 4.59037 -0.54304 
433 8.42209 4.62416 -0.5443 
434 8.41516 4.66361 -0.544171 
435 8.39853 4.70834 -0.542683 
436 8.37281 4.75801 -0.539852 
437 8.33858 4.8123 -0.535683 
438 8.29628 4.87092 -0.530162 
439 8.2463 4.93362 -0.523264 
440 8.1889 5.00019 -0.514945 
441 8.12426 5.07044 -0.505148 
442 8.05246 5.14424 -0.493797 
443 7.97349 5.22148 -0.480804 
444 7.88725 5.3021 -0.466065 
445 7.79355 5.38604 -0.44946 
446 7.69213 5.4733 -0.430859 
447 7.58265 5.56385 -0.410122 
448 7.46472 5.65771 -0.387101 
449 7.33793 5.75487 -0.361645 
450 7.20181 5.85533 -0.333604 
451 7.05592 5.95905 -0.302835 
452 6.89982 6.066 -0.269209 
453 6.73313 6.17605 -0.232617 
454 6.55555 6.28907 -0.192977 
455 6.36687 6.40483 -0.150248 
456 6.16704 6.52306 -0.104431 
457 5.95617 6.64339 -0.05558 
458 5.73457 6.76537 -0.00381178 
459 5.50275 6.8885 0.0506935 
460 5.26147 7.01216 0.107688 
461 5.0117 7.1357 0.166858 
462 4.75466 7.25841 0.227823 
463 4.49174 7.37953 0.290151 
464 4.22452 7.49833 0.353364 
465 3.9547 7.61405 0.416951 
466 3.68403 7.72599 0.480387 
467 3.41432 7.83352 0.54315 
468 3.14729 7.93606 0.604734 
469 2.88459 8.03316 0.664669 
470 2.62774 8.12445 0.722532 
471 2.37804 8.20969 0.777956 
472 2.13661 8.28875 0.83064 
473 1.90435 8.36159 0.880351 
474 1.68192 8.42828 0.926923 
475 1.46976 8.48899 0.970258 
476 1.26811 8.54392 1.01032 
477 1.07702 8.59337 1.04711 
478 0.896385 8.63765 1.0807 
479 0.725949 8.67711 1.11118 
480 0.565363 8.71212 1.13869 
481 0.41419 8.74304 1.16336 
482 0.271934 8.77024 1.18537 
483 0.138057 8.79406 1.20488 
484 0.0120042 8.81486 1.22207 
485 -0.106789 8.83295 1.23713 
486 -0.218881 8.84862 1.25021 
487 -0.324814 8.86214 1.2615 
488 -0.425112 8.87377 1.27114 
489 -0.52027 8.88373 1.2793 
490 -0.610754 8.89223 1.2861 
491 -0.697001 8.89945 1.29168 
492 -0.779415 8.90555 1.29616 
493 -0.858366 8.91068 1.29966 
494 -0.934198 8.91496 1.30226 
495 -1.00722 8.91851 1.30407 
496 -1.07772 8.92143 1.30516 
497 -1.14595 8.9238 1.30561 
498 -1.21215 8.9257 1.3055 
499 -1.27652 8.9272 1.30487 
500 -1.33926 8.92835 1.30378 
501 -1.40054 8.9292 1.30229 
502 -1.4605 8.9298 1.30043 
503 -1.5193 8.93019 1.29825 
504 -1.57704 8.93039 1.29578 
505 -1.63384 8.93044 1.29305 
506 -1.6898 8.93035 1.2901 
507 -1.74501 8.93016 1.28693 
508 -1.79954 8.92987 1.28358 
509 -1.85347 8.92951 1.28007 
510 -1.90686 8.92908 1.27642 
511 -1.95977 8.9286 1.27263 
512 -2.01224 8.92807 1.26873 
513 -2.06433 8.92751 1.26472 
514 -2.11606 8.92692 1.26062 
515 -2.16749 8.9263 1.25644 
516 -2.21863 8.92567 1.25218 
517 -2.26952 8.92502 1.24786 
518 -2.32019 8.92437 1.24348 
519 -2.37066 8.9237 1.23904 
520 -2.42094 8.92303 1.23456 
