3,3,520
0.271796 0.0916022 -0.0343713 
0.0916022 0.238766 -0.0168509 
-0.0343713 -0.0168509 0.422792 
0.247717 0.112756 -0.0248974 
0.112756 0.282043 -0.0194421 
-0.0248974 -0.0194421 0.463199 
0.242425 0.127291 -0.0206442 
0.127291 0.313315 -0.0213911 
-0.0206442 -0.0213911 0.498379 
0.242542 0.135438 -0.0188783 
0.135438 0.331263 -0.0225296 
-0.0188783 -0.0225296 0.520127 
0.242946 0.137945 -0.018408 
0.137945 0.336837 -0.0228856 
-0.018408 -0.0228856 0.527061 
0.242409 0.135122 -0.018919 
0.135122 0.33055 -0.0224839 
-0.018919 -0.0224839 0.519194 
0.242266 0.126624 -0.0207544 
0.126624 0.311819 -0.0212962 
-0.0207544 -0.0212962 0.49648 
0.24787 0.111691 -0.0251518 
0.111691 0.279707 -0.0192973 
-0.0251518 -0.0192973 0.460423 
0.273038 0.090174 -0.0349102 
0.090174 0.235767 -0.0166739 
-0.0349102 -0.0166739 0.419715 
0.34471 0.0647593 -0.0548324 
0.0647593 0.189582 -0.0142058 
-0.0548324 -0.0142058 0.399224 
0.49201 0.0426297 -0.0891685 
0.0426297 0.160933 -0.0133341 
-0.0891685 -0.0133341 0.437211 
0.703324 0.0310613 -0.133988 
0.0310613 0.164246 -0.0149018 
-0.133988 -0.0149018 0.545372 
0.907072 0.0293422 -0.175112 
0.0293422 0.188192 -0.0177358 
-0.175112 -0.0177358 0.674703 
1.04133 0.0311669 -0.20153 
0.0311669 0.210455 -0.020025 
-0.20153 -0.020025 0.7677 
1.10518 0.0326745 -0.213913 
0.0326745 0.222413 -0.0212144 
-0.213913 -0.0212144 0.813499 
1.1272 0.0333054 -0.218109 
0.0333054 0.226736 -0.0216547 
-0.218109 -0.0216547 0.829432 
1.13066 0.0334432 -0.218692 
0.0334432 0.227438 -0.0217489 
-0.218692 -0.0217489 0.831823 
1.12717 0.0333857 -0.217918 
0.0333857 0.226755 -0.0217133 
-0.217918 -0.0217133 0.829096 
1.12123 0.0332611 -0.216659 
0.0332611 0.225582 -0.0216336 
-0.216659 -0.0216336 0.824544 
1.11429 0.0331129 -0.215195 
0.0331129 0.224211 -0.021538 
-0.215195 -0.021538 0.81924 
1.10676 0.032954 -0.213606 
0.032954 0.222726 -0.0214348 
-0.213606 -0.0214348 0.813484 
1.09875 0.0327878 -0.211908 
0.0327878 0.221146 -0.0213262 
-0.211908 -0.0213262 0.807341 
1.09027 0.0326158 -0.210104 
0.0326158 0.219476 -0.0212127 
-0.210104 -0.0212127 0.800823 
1.08132 0.032439 -0.20819 
0.032439 0.217715 -0.0210947 
-0.20819 -0.0210947 0.793923 
1.07189 0.0322583 -0.206164 
0.0322583 0.215863 -0.0209725 
-0.206164 -0.0209725 0.786634 
1.06198 0.0320748 -0.204023 
0.0320748 0.21392 -0.0208464 
-0.204023 -0.0208464 0.778948 
1.05159 0.0318898 -0.201763 
0.0318898 0.211885 -0.020717 
-0.201763 -0.020717 0.770856 
1.04071 0.0317046 -0.199383 
0.0317046 0.20976 -0.0205846 
-0.199383 -0.0205846 0.76235 
1.02935 0.0315212 -0.196878 
0.0315212 0.207545 -0.0204499 
-0.196878 -0.0204499 0.753425 
1.0175 0.0313412 -0.194244 
0.0313412 0.20524 -0.0203135 
-0.194244 -0.0203135 0.744071 
1.00517 0.0311671 -0.19148 
0.0311671 0.202849 -0.0201762 
-0.19148 -0.0201762 0.734285 
0.992368 0.0310012 -0.188582 
0.0310012 0.200373 -0.0200389 
-0.188582 -0.0200389 0.724059 
0.979098 0.0308465 -0.185547 
0.0308465 0.197815 -0.0199026 
-0.185547 -0.0199026 0.71339 
0.965373 0.0307062 -0.182373 
0.0307062 0.195179 -0.0197685 
-0.182373 -0.0197685 0.702276 
0.951211 0.0305839 -0.179055 
0.0305839 0.192471 -0.0196379 
-0.179055 -0.0196379 0.690713 
0.936632 0.0304839 -0.175593 
0.0304839 0.189695 -0.0195122 
-0.175593 -0.0195122 0.678703 
0.92166 0.0304106 -0.171984 
0.0304106 0.186859 -0.0193933 
-0.171984 -0.0193933 0.666248 
0.906326 0.0303692 -0.168226 
0.0303692 0.183971 -0.0192828 
-0.168226 -0.0192828 0.653352 
0.890665 0.0303655 -0.164318 
0.0303655 0.181041 -0.019183 
-0.164318 -0.019183 0.640021 
0.87472 0.0304057 -0.160259 
0.0304057 0.178079 -0.0190961 
-0.160259 -0.0190961 0.626265 
0.858539 0.0304969 -0.156048 
0.0304969 0.175098 -0.0190246 
-0.156048 -0.0190246 0.612097 
0.842177 0.0306466 -0.151686 
0.0306466 0.172113 -0.0189715 
-0.151686 -0.0189715 0.597532 
0.8257 0.0308633 -0.147173 
0.0308633 0.169139 -0.0189397 
-0.147173 -0.0189397 0.582588 
0.809177 0.0311559 -0.142512 
0.0311559 0.166194 -0.0189325 
-0.142512 -0.0189325 0.56729 
0.792688 0.0315343 -0.137703 
0.0315343 0.163298 -0.0189536 
-0.137703 -0.0189536 0.551663 
0.776322 0.0320091 -0.132751 
0.0320091 0.160473 -0.0190068 
-0.132751 -0.0190068 0.535739 
0.760176 0.0325914 -0.127659 
0.0325914 0.157742 -0.0190963 
-0.127659 -0.0190963 0.519553 
0.744354 0.0332931 -0.122432 
0.0332931 0.155131 -0.0192262 
-0.122432 -0.0192262 0.503144 
0.728969 0.0341268 -0.117076 
0.0341268 0.152667 -0.0194013 
-0.117076 -0.0194013 0.486556 
0.714143 0.0351055 -0.111597 
0.0351055 0.15038 -0.0196263 
-0.111597 -0.0196263 0.469838 
0.700004 0.0362427 -0.106005 
0.0362427 0.1483 -0.019906 
-0.106005 -0.019906 0.453041 
0.686685 0.0375522 -0.100307 
0.0375522 0.146458 -0.0202454 
-0.100307 -0.0202454 0.436221 
0.674327 0.0390479 -0.0945137 
0.0390479 0.14489 -0.0206496 
-0.0945137 -0.0206496 0.419439 
0.663071 0.0407437 -0.0886356 
0.0407437 0.143626 -0.0211235 
-0.0886356 -0.0211235 0.402757 
0.653061 0.0426533 -0.0826846 
0.0426533 0.142703 -0.0216721 
-0.0826846 -0.0216721 0.386239 
0.644442 0.0447897 -0.0766734 
0.0447897 0.142152 -0.0223 
-0.0766734 -0.0223 0.369954 
0.637355 0.0471653 -0.0706155 
0.0471653 0.142007 -0.0230115 
-0.0706155 -0.0230115 0.353968 
0.631936 0.0497913 -0.064525 
0.0497913 0.142298 -0.0238107 
-0.064525 -0.0238107 0.338349 
0.628312 0.0526777 -0.0584165 
0.0526776 0.143055 -0.024701 
-0.0584165 -0.024701 0.323165 
0.626603 0.0558325 -0.0523052 
0.0558325 0.144304 -0.0256852 
-0.0523052 -0.0256852 0.308479 
0.626912 0.0592621 -0.0462064 
0.0592621 0.146067 -0.0267655 
-0.0462064 -0.0267655 0.294355 
0.629327 0.0629702 -0.0401359 
0.0629702 0.148364 -0.027943 
-0.0401359 -0.027943 0.280851 
0.633917 0.0669581 -0.034109 
0.0669581 0.151206 -0.0292181 
-0.034109 -0.0292181 0.268018 
0.640731 0.0712241 -0.0281411 
0.0712241 0.154604 -0.0305902 
-0.0281411 -0.0305902 0.255903 
0.649792 0.0757634 -0.0222473 
0.0757634 0.158558 -0.0320573 
-0.0222473 -0.0320573 0.244547 
0.661099 0.0805681 -0.0164422 
0.0805681 0.163066 -0.0336167 
-0.0164422 -0.0336167 0.233981 
0.674626 0.0856268 -0.0107395 
0.0856268 0.168115 -0.0352641 
-0.0107395 -0.0352641 0.224229 
0.690318 0.0909248 -0.00515265 
0.0909248 0.17369 -0.0369943 
-0.00515265 -0.0369943 0.215305 
0.708093 0.096444 0.000306163 
0.096444 0.179765 -0.038801 
0.000306163 -0.038801 0.207216 
0.727843 0.102163 0.00562544 
0.102163 0.186309 -0.0406766 
0.00562544 -0.0406766 0.199958 
0.749434 0.108058 0.0107947 
0.108058 0.193286 -0.0426126 
0.0107947 -0.0426126 0.19352 
0.772709 0.114101 0.0158047 
0.114101 0.200653 -0.0445996 
0.0158047 -0.0445996 0.187881 
0.797489 0.120262 0.0206468 
0.120262 0.208361 -0.0466274 
0.0206468 -0.0466274 0.183015 
0.823578 0.126511 0.0253139 
0.126511 0.216359 -0.0486853 
0.0253139 -0.0486853 0.178886 
0.850762 0.132814 0.0297997 
0.132814 0.224588 -0.0507617 
0.0297997 -0.0507617 0.175453 
0.878818 0.139137 0.0340988 
0.139137 0.232992 -0.0528452 
0.0340988 -0.0528452 0.172671 
0.907513 0.145444 0.038207 
0.145444 0.241507 -0.0549238 
0.038207 -0.0549238 0.170489 
0.936609 0.151701 0.0421209 
0.151701 0.250074 -0.0569859 
0.0421209 -0.0569859 0.168855 
0.965871 0.157873 0.0458379 
0.157873 0.258629 -0.0590198 
0.0458379 -0.0590198 0.167715 
0.995062 0.163925 0.0493562 
0.163925 0.267112 -0.0610141 
0.0493562 -0.0610141 0.167012 
1.02395 0.169825 0.0526749 
0.169825 0.275464 -0.0629582 
0.0526749 -0.0629582 0.166692 
1.05232 0.175541 0.0557934 
0.175541 0.283627 -0.0648416 
0.0557934 -0.0648416 0.166699 
1.07996 0.181044 0.0587121 
0.181044 0.291547 -0.0666549 
0.0587121 -0.0666549 0.166982 
1.10667 0.186307 0.0614315 
0.186307 0.299174 -0.0683891 
0.0614315 -0.0683891 0.16749 
1.13227 0.191303 0.0639528 
0.191303 0.306461 -0.0700363 
0.0639528 -0.0700363 0.168175 
1.1566 0.196012 0.0662777 
0.196012 0.313366 -0.0715893 
0.0662777 -0.0715893 0.168994 
1.17951 0.200411 0.068408 
0.200411 0.31985 -0.0730416 
0.068408 -0.0730416 0.169905 
1.20085 0.204485 0.0703459 
0.204485 0.32588 -0.0743878 
0.0703459 -0.0743878 0.170872 
1.22052 0.208217 0.072094 
0.208217 0.331428 -0.0756233 
0.072094 -0.0756233 0.171861 
1.23842 0.211595 0.0736549 
0.211595 0.336467 -0.0767442 
0.0736549 -0.0767442 0.172843 
1.25447 0.214609 0.0750315 
0.214609 0.340978 -0.0777473 
0.0750315 -0.0777473 0.173791 
1.26859 0.217251 0.076227 
0.217251 0.344944 -0.0786304 
0.076227 -0.0786304 0.174683 
1.28074 0.219514 0.0772444 
0.219514 0.348351 -0.0793916 
0.0772444 -0.0793916 0.1755 
1.29087 0.221396 0.0780871 
0.221396 0.351191 -0.0800299 
0.0780871 -0.0800299 0.176224 
1.29896 0.222893 0.0787584 
0.222893 0.353458 -0.0805447 
0.0787584 -0.0805447 0.176843 
1.30499 0.224006 0.0792617 
0.224006 0.355147 -0.0809358 
0.0792617 -0.0809358 0.177345 
1.30895 0.224735 0.0796006 
0.224735 0.356259 -0.0812034 
0.0796006 -0.0812034 0.17772 
1.31084 0.225082 0.0797786 
0.225082 0.356796 -0.0813482 
0.0797786 -0.0813482 0.177962 
1.31068 0.225052 0.0797991 
0.225052 0.356761 -0.0813712 
0.0797991 -0.0813712 0.178066 
1.30848 0.224648 0.0796657 
0.224648 0.35616 -0.0812734 
0.0796657 -0.0812734 0.178027 
1.30427 0.223875 0.079382 
0.223875 0.355002 -0.0810564 
0.079382 -0.0810564 0.177843 
1.29807 0.222741 0.0789514 
0.222741 0.353294 -0.0807215 
0.0789514 -0.0807215 0.177513 
1.28993 0.221252 0.0783775 
0.221252 0.351049 -0.0802704 
0.0783775 -0.0802704 0.177036 
1.27987 0.219417 0.077664 
0.219417 0.348276 -0.0797051 
0.077664 -0.0797051 0.176414 
1.26795 0.217242 0.0768141 
0.217242 0.344991 -0.0790271 
0.0768141 -0.0790271 0.175646 
1.25421 0.214738 0.0758315 
0.214738 0.341206 -0.0782385 
0.0758315 -0.0782385 0.174736 
1.23869 0.211913 0.0747196 
0.211913 0.336937 -0.0773412 
0.0747196 -0.0773412 0.173685 
1.22146 0.208778 0.073482 
0.208778 0.332201 -0.0763371 
0.073482 -0.0763371 0.172498 
1.20257 0.205344 0.0721223 
0.205344 0.327014 -0.0752283 
0.0721223 -0.0752283 0.171177 
1.18209 0.201622 0.0706438 
0.201622 0.321396 -0.0740167 
0.0706438 -0.0740167 0.169729 
1.16008 0.197623 0.0690503 
0.197623 0.315366 -0.0727043 
0.0690503 -0.0727043 0.168158 
1.1366 0.19336 0.0673452 
0.19336 0.308945 -0.0712932 
0.0673452 -0.0712932 0.166469 
1.11173 0.188846 0.0655321 
0.188846 0.302156 -0.0697855 
0.0655321 -0.0697855 0.164671 
1.08556 0.184095 0.0636148 
0.184095 0.295022 -0.0681832 
0.0636148 -0.0681832 0.16277 
1.05815 0.179122 0.0615967 
0.179122 0.287568 -0.0664885 
0.0615967 -0.0664885 0.160775 
1.0296 0.173941 0.0594817 
0.173941 0.27982 -0.0647036 
0.0594817 -0.0647036 0.158696 
0.999994 0.168568 0.0572735 
0.168568 0.271808 -0.0628307 
0.0572735 -0.0628307 0.156543 
0.969435 0.163021 0.0549757 
0.163021 0.263559 -0.0608721 
0.0549757 -0.0608721 0.154329 
0.938022 0.157317 0.0525922 
0.157317 0.255107 -0.0588301 
0.0525922 -0.0588301 0.152066 
0.905862 0.151474 0.0501266 
0.151474 0.246483 -0.0567072 
0.0501266 -0.0567072 0.14977 
0.873065 0.145511 0.0475829 
0.145511 0.237722 -0.0545059 
0.0475829 -0.0545059 0.147457 
0.839749 0.139448 0.0449647 
0.139448 0.228861 -0.0522288 
0.0449647 -0.0522288 0.145143 
0.806034 0.133305 0.0422758 
0.133305 0.219936 -0.0498785 
0.0422758 -0.0498785 0.142849 
0.772045 0.127104 0.0395197 
0.127104 0.210985 -0.0474579 
0.0395197 -0.0474579 0.140594 
0.737911 0.120865 0.0367002 
0.120865 0.20205 -0.0449699 
0.0367002 -0.0449699 0.138401 
0.703763 0.114611 0.0338208 
0.114611 0.19317 -0.0424175 
0.0338208 -0.0424175 0.136293 
0.669733 0.108363 0.0308848 
0.108363 0.184387 -0.0398036 
0.0308848 -0.0398036 0.134294 
0.635957 0.102143 0.0278957 
0.102143 0.175741 -0.0371316 
0.0278957 -0.0371316 0.13243 
0.602566 0.0959724 0.0248565 
0.0959724 0.167274 -0.0344047 
0.0248565 -0.0344047 0.130728 
0.569694 0.0898731 0.0217705 
0.0898731 0.159025 -0.0316262 
0.0217705 -0.0316262 0.129214 
0.537469 0.0838656 0.0186405 
0.0838656 0.151036 -0.0287997 
0.0186405 -0.0287997 0.127916 
0.506017 0.0779697 0.0154695 
0.0779697 0.143343 -0.0259287 
0.0154695 -0.0259287 0.12686 
0.475456 0.0722043 0.0122601 
0.0722043 0.135982 -0.023017 
0.0122601 -0.023017 0.126074 
0.445899 0.0665871 0.00901502 
0.0665871 0.128988 -0.0200683 
0.00901502 -0.0200683 0.125583 
0.417448 0.0611342 0.00573684 
0.0611342 0.122389 -0.0170865 
0.00573684 -0.0170865 0.125411 
0.390197 0.0558601 0.00242814 
0.0558601 0.116215 -0.0140756 
0.00242814 -0.0140756 0.12558 
0.364228 0.0507778 -0.000908485 
0.0507777 0.110487 -0.0110397 
-0.000908485 -0.0110397 0.126111 
0.339611 0.0458979 -0.00427039 
0.0458979 0.105225 -0.00798308 
-0.00427039 -0.00798308 0.127019 
0.316403 0.0412293 -0.00765486 
0.0412293 0.100445 -0.00491007 
-0.00765486 -0.00491007 0.128321 
0.294648 0.0367789 -0.011059 
0.0367789 0.0961552 -0.00182512 
-0.011059 -0.00182512 0.130025 
0.274376 0.0325513 -0.0144797 
0.0325513 0.0923627 0.00126717 
-0.0144797 0.00126717 0.132138 
0.255601 0.0285491 -0.0179137 
0.0285491 0.089068 0.00436214 
-0.0179137 0.00436214 0.134663 
0.238326 0.0247729 -0.0213575 
0.0247729 0.0862671 0.00745499 
-0.0213575 0.00745499 0.137598 
0.22254 0.0212216 -0.0248072 
0.0212216 0.0839519 0.0105408 
-0.0248072 0.0105408 0.140938 
0.208218 0.0178919 -0.0282586 
0.0178919 0.0821099 0.0136148 
-0.0282586 0.0136148 0.144672 
0.195326 0.0147792 -0.0317073 
0.0147792 0.0807247 0.0166717 
-0.0317073 0.0166717 0.148785 
0.183817 0.0118775 -0.0351487 
0.0118775 0.0797764 0.0197068 
-0.0351487 0.0197068 0.15326 
0.173636 0.00917944 -0.0385777 
0.00917944 0.0792422 0.0227148 
-0.0385777 0.0227148 0.158076 
0.164719 0.00667659 -0.0419891 
0.00667659 0.0790966 0.0256909 
-0.0419891 0.0256909 0.163206 
0.156999 0.00435984 -0.0453775 
0.00435984 0.0793121 0.0286302 
-0.0453775 0.0286302 0.168626 
0.1504 0.00221941 -0.0487374 
0.00221941 0.0798596 0.031528 
-0.0487374 0.031528 0.174303 
0.144844 0.000245124 -0.0520631 
0.000245123 0.0807092 0.0343795 
-0.0520631 0.0343795 0.180208 
0.140253 -0.00157342 -0.0553491 
-0.00157342 0.0818305 0.0371805 
-0.0553491 0.0371805 0.186308 
0.136544 -0.00324665 -0.0585897 
-0.00324665 0.0831927 0.0399268 
-0.0585897 0.0399268 0.192569 
0.13364 -0.0047849 -0.0617795 
-0.0047849 0.0847658 0.0426144 
-0.0617795 0.0426144 0.198959 
0.131459 -0.00619831 -0.0649134 
-0.00619831 0.0865204 0.0452399 
-0.0649134 0.0452399 0.205444 
0.129927 -0.00749662 -0.0679863 
-0.00749662 0.0884281 0.0477999 
-0.0679863 0.0477999 0.211993 
0.12897 -0.0086892 -0.0709936 
-0.0086892 0.0904621 0.0502917 
-0.0709936 0.0502917 0.218574 
0.128518 -0.00978491 -0.073931 
-0.00978491 0.0925969 0.0527127 
-0.073931 0.0527127 0.225157 
0.128507 -0.0107921 -0.0767947 
-0.0107921 0.0948089 0.0550608 
-0.0767947 0.0550608 0.231716 
0.128875 -0.0117185 -0.0795813 
-0.0117185 0.0970765 0.0573343 
-0.0795813 0.0573343 0.238224 
0.129565 -0.0125714 -0.0822877 
-0.0125714 0.0993796 0.059532 
-0.0822877 0.059532 0.244658 
0.130528 -0.0133573 -0.0849116 
-0.0133573 0.1017 0.0616528 
-0.0849116 0.0616528 0.250997 
0.131715 -0.0140825 -0.0874509 
-0.0140825 0.104023 0.0636963 
-0.0874509 0.0636963 0.25722 
0.133084 -0.0147523 -0.0899042 
-0.0147523 0.106333 0.0656622 
-0.0899042 0.0656622 0.263312 
0.134599 -0.0153719 -0.0922704 
-0.0153719 0.108618 0.0675507 
-0.0922704 0.0675507 0.269258 
0.136225 -0.0159457 -0.094549 
-0.0159457 0.110867 0.0693623 
-0.094549 0.0693623 0.275046 
0.137934 -0.0164779 -0.0967397 
-0.0164779 0.113072 0.0710978 
-0.0967397 0.0710978 0.280665 
0.139699 -0.0169723 -0.0988429 
-0.0169723 0.115225 0.0727581 
-0.0988429 0.0727581 0.286108 
0.141498 -0.017432 -0.100859 
-0.017432 0.11732 0.0743446 
-0.100859 0.0743446 0.291368 
0.143313 -0.01786 -0.10279 
-0.01786 0.119352 0.0758587 
-0.10279 0.0758587 0.296441 
0.145127 -0.0182591 -0.104635 
-0.0182591 0.121317 0.0773022 
-0.104635 0.0773022 0.301324 
0.146927 -0.0186316 -0.106398 
-0.0186316 0.123212 0.0786768 
-0.106398 0.0786768 0.306016 
0.148701 -0.0189797 -0.108079 
-0.0189797 0.125036 0.0799846 
-0.108079 0.0799846 0.310516 
0.150441 -0.0193052 -0.109682 
-0.0193052 0.126787 0.0812276 
-0.109682 0.0812276 0.314825 
0.152139 -0.01961 -0.111207 
-0.01961 0.128466 0.082408 
-0.111207 0.082408 0.318946 
0.153789 -0.0198955 -0.112657 
-0.0198955 0.130071 0.0835279 
-0.112657 0.0835279 0.322881 
0.155386 -0.0201631 -0.114035 
-0.0201631 0.131604 0.0845898 
-0.114035 0.0845898 0.326634 
0.156928 -0.0204142 -0.115343 
-0.0204142 0.133066 0.0855957 
-0.115343 0.0855957 0.330209 
0.158412 -0.0206499 -0.116583 
-0.0206499 0.134458 0.0865481 
-0.116583 0.0865481 0.333611 
0.159837 -0.0208713 -0.117759 
-0.0208713 0.135782 0.0874492 
-0.117759 0.0874492 0.336845 
0.161202 -0.0210792 -0.118873 
-0.0210792 0.137041 0.0883012 
-0.118873 0.0883012 0.339916 
0.162507 -0.0212746 -0.119927 
-0.0212746 0.138235 0.0891065 
-0.119927 0.0891065 0.34283 
0.163753 -0.0214583 -0.120924 
-0.0214583 0.139367 0.0898672 
-0.120924 0.0898672 0.345594 
0.16494 -0.0216311 -0.121867 
-0.0216311 0.14044 0.0905854 
-0.121867 0.0905854 0.348212 
0.16607 -0.0217935 -0.122759 
-0.0217935 0.141455 0.0912633 
-0.122759 0.0912633 0.350691 
0.167144 -0.0219463 -0.1236 
-0.0219463 0.142416 0.0919028 
-0.1236 0.0919028 0.353036 
0.168164 -0.0220901 -0.124395 
-0.0220901 0.143324 0.0925059 
-0.124395 0.0925059 0.355255 
0.169131 -0.0222254 -0.125145 
-0.0222254 0.144183 0.0930745 
-0.125145 0.0930745 0.357351 
0.170047 -0.0223527 -0.125853 
-0.0223527 0.144993 0.0936105 
-0.125853 0.0936105 0.359333 
0.170915 -0.0224724 -0.126521 
-0.0224724 0.145759 0.0941155 
-0.126521 0.0941155 0.361204 
0.171736 -0.0225851 -0.12715 
-0.0225851 0.146481 0.0945913 
-0.12715 0.0945913 0.36297 
0.172512 -0.0226912 -0.127744 
-0.0226912 0.147162 0.0950395 
-0.127744 0.0950395 0.364637 
0.173246 -0.022791 -0.128303 
-0.022791 0.147805 0.0954615 
-0.128303 0.0954615 0.36621 
0.173939 -0.022885 -0.12883 
-0.022885 0.148411 0.0958589 
-0.12883 0.0958589 0.367693 
0.174594 -0.0229734 -0.129327 
-0.0229734 0.148982 0.0962331 
-0.129327 0.0962331 0.369092 
0.175212 -0.0230566 -0.129795 
-0.0230566 0.14952 0.0965853 
-0.129795 0.0965853 0.370411 
0.175795 -0.023135 -0.130236 
-0.023135 0.150027 0.0969169 
-0.130236 0.0969169 0.371654 
0.176345 -0.0232087 -0.130651 
-0.0232087 0.150504 0.0972289 
-0.130651 0.0972289 0.372826 
0.176863 -0.0232781 -0.131041 
-0.0232781 0.150954 0.0975226 
-0.131041 0.0975226 0.37393 
0.177353 -0.0233434 -0.131409 
-0.0233434 0.151378 0.0977991 
-0.131409 0.0977991 0.37497 
0.177814 -0.0234049 -0.131756 
-0.0234049 0.151777 0.0980592 
-0.131756 0.0980592 0.375951 
0.178248 -0.0234628 -0.132082 
-0.0234628 0.152153 0.0983041 
-0.132082 0.0983041 0.376874 
0.178658 -0.0235172 -0.13239 
-0.0235172 0.152506 0.0985345 
-0.13239 0.0985345 0.377744 
0.179044 -0.0235685 -0.132679 
-0.0235685 0.15284 0.0987514 
-0.132679 0.0987514 0.378563 
0.179408 -0.0236168 -0.132951 
-0.0236168 0.153153 0.0989555 
-0.132951 0.0989555 0.379335 
0.17975 -0.0236623 -0.133208 
-0.0236623 0.153449 0.0991476 
-0.133208 0.0991476 0.380062 
0.180073 -0.0237051 -0.133449 
-0.0237051 0.153727 0.0993285 
-0.133449 0.0993285 0.380747 
0.180378 -0.0237454 -0.133677 
-0.0237454 0.153989 0.0994987 
-0.133677 0.0994987 0.381392 
0.180664 -0.0237833 -0.133891 
-0.0237833 0.154236 0.0996589 
-0.133891 0.0996589 0.381999 
0.180935 -0.0238191 -0.134092 
-0.0238191 0.154468 0.0998098 
-0.134092 0.0998098 0.382572 
0.181189 -0.0238527 -0.134282 
-0.0238527 0.154687 0.0999518 
-0.134282 0.0999518 0.383111 
0.181429 -0.0238844 -0.134461 
-0.0238844 0.154893 0.100085 
-0.134461 0.100085 0.383618 
0.181654 -0.0239142 -0.134629 
-0.0239142 0.155087 0.100211 
-0.134629 0.100211 0.384097 
0.181867 -0.0239423 -0.134788 
-0.0239423 0.155269 0.10033 
-0.134788 0.10033 0.384547 
0.182067 -0.0239688 -0.134937 
-0.0239688 0.155441 0.100441 
-0.134937 0.100441 0.384971 
0.182256 -0.0239936 -0.135077 
-0.0239936 0.155603 0.100546 
-0.135077 0.100546 0.385369 
0.182432 -0.024017 -0.135209 
-0.024017 0.155754 0.100644 
-0.135209 0.100644 0.385744 
0.182598 -0.0240389 -0.135332 
-0.0240389 0.155897 0.100736 
-0.135332 0.100736 0.386095 
0.182753 -0.0240593 -0.135447 
-0.0240593 0.156029 0.100822 
-0.135447 0.100822 0.386422 
0.182896 -0.0240781 -0.135553 
-0.0240781 0.156152 0.100902 
-0.135553 0.100902 0.386724 
0.183025 -0.0240952 -0.13565 
-0.0240952 0.156263 0.100974 
-0.13565 0.100974 0.386999 
0.18314 -0.0241103 -0.135735 
-0.0241103 0.156361 0.101037 
-0.135735 0.101037 0.387241 
0.183234 -0.0241228 -0.135805 
-0.0241228 0.156442 0.10109 
-0.135805 0.10109 0.387441 
0.183301 -0.0241316 -0.135855 
-0.0241316 0.156499 0.101127 
-0.135855 0.101127 0.387581 
0.183327 -0.0241351 -0.135874 
-0.0241351 0.156522 0.101141 
-0.135874 0.101141 0.387637 
0.183292 -0.0241309 -0.135849 
-0.0241309 0.156493 0.101123 
-0.135849 0.101123 0.387564 
0.183165 -0.0241149 -0.135755 
-0.0241149 0.156387 0.101053 
-0.135755 0.101053 0.387296 
0.182898 -0.0240816 -0.135557 
-0.0240816 0.156164 0.100905 
-0.135557 0.100905 0.386731 
0.18242 -0.0240234 -0.135202 
-0.0240234 0.155768 0.10064 
-0.135202 0.10064 0.385719 
0.181629 -0.0239314 -0.134613 
-0.0239314 0.155123 0.1002 
-0.134613 0.1002 0.384043 
0.180384 -0.0237973 -0.133686 
-0.0237973 0.154137 0.0995061 
-0.133686 0.0995061 0.381408 
0.178504 -0.0236199 -0.13228 
-0.0236199 0.152711 0.0984503 
-0.13228 0.0984503 0.377421 
0.175767 -0.0234186 -0.130223 
-0.0234186 0.15078 0.0968976 
-0.130223 0.0968976 0.371609 
0.171936 -0.0232605 -0.127321 
-0.0232605 0.148394 0.0946909 
-0.127321 0.0946909 0.363453 
0.166811 -0.0233068 -0.123393 
-0.0233068 0.145859 0.0916694 
-0.123393 0.0916694 0.352501 
0.160323 -0.0238807 -0.118327 
-0.0238807 0.143966 0.0877056 
-0.118327 0.0877056 0.338555 
0.152668 -0.0255505 -0.112172 
-0.0255505 0.144268 0.0827621 
-0.112172 0.0827621 0.321946 
0.144451 -0.029192 -0.105232 
-0.029192 0.149313 0.0769576 
-0.105232 0.0769576 0.303822 
0.136762 -0.0359742 -0.0981301 
-0.0359742 0.162653 0.0706172 
-0.0981301 0.0706172 0.286327 
0.1311 -0.0472011 -0.0917785 
-0.0472011 0.188391 0.06427 
-0.0917785 0.06427 0.272453 
0.129082 -0.0639924 -0.0872134 
-0.0639924 0.230225 0.0585648 
-0.0872134 0.0585648 0.265481 
0.132005 -0.0868901 -0.0853286 
-0.0868901 0.29021 0.0541165 
-0.0853286 0.0541165 0.268091 
0.140432 -0.115569 -0.0866129 
-0.115569 0.367807 0.0513432 
-0.0866129 0.0513432 0.281535 
0.154014 -0.148814 -0.0910178 
-0.148814 0.459733 0.050367 
-0.0910178 0.050367 0.305262 
0.171623 -0.18479 -0.0980122 
-0.18479 0.560716 0.0510211 
-0.0980122 0.0510211 0.337157 
0.19171 -0.221466 -0.106776 
-0.221466 0.66477 0.052942 
-0.106776 0.052942 0.37423 
0.212689 -0.257013 -0.116424 
-0.257013 0.766399 0.0556915 
-0.116424 0.0556915 0.413385 
0.233217 -0.290042 -0.126181 
-0.290042 0.861366 0.0588559 
-0.126181 0.0588559 0.451977 
0.252324 -0.319674 -0.135464 
-0.319674 0.946921 0.0621029 
-0.135464 0.0621029 0.488073 
0.26941 -0.345475 -0.143889 
-0.345475 1.02165 0.0651968 
-0.143889 0.0651968 0.520456 
0.284173 -0.367346 -0.151245 
-0.367346 1.08513 0.0679887 
-0.151245 0.0679887 0.5485 
0.296519 -0.385394 -0.15744 
-0.385394 1.13759 0.0703961 
-0.15744 0.0703961 0.571987 
0.306477 -0.399829 -0.162461 
-0.399829 1.1796 0.072381 
-0.162461 0.072381 0.590943 
0.314136 -0.410894 -0.166329 
-0.410894 1.21179 0.0739322 
-0.166329 0.0739322 0.605515 
0.319592 -0.418809 -0.16908 
-0.418809 1.2348 0.0750513 
-0.16908 0.0750513 0.615873 
0.322923 -0.423744 -0.170742 
-0.423744 1.24908 0.0757441 
-0.170742 0.0757441 0.62215 
0.324167 -0.425799 -0.171329 
-0.425799 1.25491 0.0760149 
-0.171329 0.0760149 0.624408 
0.323314 -0.424996 -0.170827 
-0.424996 1.25233 0.0758644 
-0.170827 0.0758644 0.622607 
0.320299 -0.421282 -0.169198 
-0.421282 1.24115 0.075289 
-0.169198 0.075289 0.616602 
0.315002 -0.414528 -0.166376 
-0.414528 1.22097 0.0742848 
-0.166376 0.0742848 0.606136 
0.307262 -0.404551 -0.162271 
-0.404551 1.1912 0.0728535 
-0.162271 0.0728535 0.590853 
0.296896 -0.391149 -0.156785 
-0.391149 1.15117 0.0710157 
-0.156785 0.0710157 0.570337 
0.283739 -0.374156 -0.149825 
-0.374156 1.10032 0.0688307 
-0.149825 0.0688307 0.544176 
0.267717 -0.353548 -0.141347 
-0.353548 1.03842 0.0664284 
-0.141347 0.0664284 0.512078 
0.248944 -0.329587 -0.131404 
-0.329587 0.96604 0.0640513 
-0.131404 0.0640513 0.474057 
0.227869 -0.303014 -0.120221 
-0.303014 0.885067 0.0621048 
-0.120221 0.0621048 0.43068 
0.205416 -0.275248 -0.108269 
-0.275248 0.799306 0.0612 
-0.108269 0.0612 0.383338 
0.183086 -0.248512 -0.0963244 
-0.248512 0.714844 0.0621573 
-0.0963244 0.0621573 0.33446 
0.162911 -0.225734 -0.0854375 
-0.225734 0.639844 0.0659293 
-0.0854375 0.0659293 0.287484 
0.14716 -0.210104 -0.0767905 
-0.210104 0.583349 0.0734035 
-0.0767905 0.0734035 0.246426 
0.1378 -0.204271 -0.0714145 
-0.204271 0.553078 0.0851062 
-0.0714145 0.0851062 0.214994 
0.135861 -0.209431 -0.069863 
-0.209431 0.5529 0.100911 
-0.069863 0.100911 0.195523 
0.141035 -0.224787 -0.0720009 
-0.224787 0.581244 0.119924 
-0.0720009 0.119924 0.18822 
0.151762 -0.247729 -0.0770442 
-0.247729 0.631501 0.140649 
-0.0770442 0.140649 0.19118 
0.165779 -0.274694 -0.0838402 
-0.274694 0.694291 0.161394 
-0.0838402 0.161394 0.20118 
0.180824 -0.302235 -0.091231 
-0.302235 0.760354 0.180703 
-0.091231 0.180703 0.214777 
0.195166 -0.327789 -0.098324 
-0.327789 0.822669 0.197628 
-0.098324 0.197628 0.229173 
0.207787 -0.349926 -0.10459 
-0.349926 0.87718 0.211773 
-0.10459 0.211773 0.242564 
0.218301 -0.368194 -0.10982 
-0.368194 0.922428 0.223183 
-0.10982 0.223183 0.254078 
0.226743 -0.382779 -0.114025 
-0.382779 0.958686 0.232163 
-0.114025 0.232163 0.263498 
0.233371 -0.394193 -0.117329 
-0.394193 0.987124 0.239127 
-0.117329 0.239127 0.270978 
0.23852 -0.40304 -0.119897 
-0.40304 1.0092 0.244496 
-0.119897 0.244496 0.276827 
0.242512 -0.409892 -0.121889 
-0.409892 1.0263 0.24864 
-0.121889 0.24864 0.28138 
0.245624 -0.415228 -0.123441 
-0.415228 1.03963 0.251861 
-0.123441 0.251861 0.284936 
0.248073 -0.419426 -0.124664 
-0.419426 1.05012 0.254394 
-0.124664 0.254394 0.287741 
0.250027 -0.422773 -0.125639 
-0.422773 1.05849 0.256412 
-0.125639 0.256412 0.28998 
0.251607 -0.425477 -0.126428 
-0.425477 1.06525 0.258043 
-0.126428 0.258043 0.291792 
0.252901 -0.42769 -0.127074 
-0.42769 1.07078 0.259377 
-0.127074 0.259377 0.293276 
0.25397 -0.429518 -0.127608 
-0.429518 1.07535 0.26048 
-0.127608 0.26048 0.294504 
0.254859 -0.431036 -0.128052 
-0.431036 1.07914 0.261396 
-0.128052 0.261396 0.295525 
0.255598 -0.432297 -0.128422 
-0.432297 1.0823 0.262157 
-0.128422 0.262157 0.296374 
0.256207 -0.433336 -0.128726 
-0.433336 1.08489 0.262784 
-0.128726 0.262784 0.297074 
0.256697 -0.434172 -0.128971 
-0.434172 1.08698 0.263288 
-0.128971 0.263288 0.297638 
0.257077 -0.434818 -0.12916 
-0.434818 1.0886 0.263678 
-0.12916 0.263678 0.298073 
0.257345 -0.435273 -0.129294 
-0.435273 1.08973 0.263952 
-0.129294 0.263952 0.298378 
0.257498 -0.435528 -0.129368 
-0.435528 1.09037 0.264105 
-0.129368 0.264105 0.298548 
0.257527 -0.435567 -0.129379 
-0.435567 1.09046 0.264126 
-0.129379 0.264126 0.29857 
0.257415 -0.43536 -0.129317 
-0.43536 1.08992 0.263996 
-0.129317 0.263996 0.298423 
0.257143 -0.434866 -0.129171 
-0.434866 1.08866 0.263691 
-0.129171 0.263691 0.298079 
0.256686 -0.434032 -0.128925 
-0.434032 1.08654 0.263176 
-0.128925 0.263176 0.2975 
0.256012 -0.43279 -0.12856 
-0.43279 1.08336 0.262407 
-0.12856 0.262407 0.296639 
0.25509 -0.431055 -0.128052 
-0.431055 1.07891 0.261329 
-0.128052 0.261329 0.295433 
0.253887 -0.428723 -0.127372 
-0.428723 1.07289 0.259872 
-0.127372 0.259872 0.29381 
0.252376 -0.425678 -0.126488 
-0.425678 1.06496 0.257955 
-0.126488 0.257955 0.291682 
0.250551 -0.421787 -0.125366 
-0.421787 1.05472 0.255479 
-0.125366 0.255479 0.288948 
0.24844 -0.416911 -0.123973 
-0.416911 1.04171 0.252333 
-0.123973 0.252333 0.285499 
0.246134 -0.410914 -0.122281 
-0.410914 1.0254 0.248393 
-0.122281 0.248393 0.281217 
0.243823 -0.403686 -0.120276 
-0.403686 1.00525 0.24353 
-0.120276 0.24353 0.275992 
0.241854 -0.39517 -0.117968 
-0.39517 0.980725 0.237617 
-0.117968 0.237617 0.269732 
0.240792 -0.385404 -0.115407 
-0.385404 0.951347 0.230544 
-0.115407 0.230544 0.262389 
0.241508 -0.37457 -0.112703 
-0.37457 0.916778 0.222233 
-0.112703 0.222233 0.253982 
0.245251 -0.363053 -0.110043 
-0.363053 0.876911 0.21267 
-0.110043 0.21267 0.244633 
0.253727 -0.351499 -0.107716 
-0.351499 0.831982 0.201923 
-0.107716 0.201923 0.234606 
0.269115 -0.340855 -0.10612 
-0.340855 0.782667 0.190171 
-0.10612 0.190171 0.224324 
0.294014 -0.332372 -0.105759 
-0.332372 0.730153 0.177716 
-0.105759 0.177716 0.21439 
0.331282 -0.327551 -0.107222 
-0.327551 0.676142 0.164988 
-0.107222 0.164988 0.205561 
0.383735 -0.328017 -0.111127 
-0.328017 0.622762 0.15252 
-0.111127 0.15252 0.198697 
0.453747 -0.335323 -0.118038 
-0.335323 0.572384 0.140898 
-0.118038 0.140898 0.194663 
0.542796 -0.350714 -0.12838 
-0.350714 0.52735 0.130695 
-0.12838 0.130695 0.19421 
0.651064 -0.374891 -0.142345 
-0.374891 0.489665 0.122396 
-0.142345 0.122396 0.197853 
0.777207 -0.407849 -0.159834 
-0.407849 0.460726 0.116325 
-0.159834 0.116325 0.205776 
0.918366 -0.448827 -0.180447 
-0.448827 0.441152 0.11261 
-0.180447 0.11261 0.217792 
1.07044 -0.496386 -0.203523 
-0.496386 0.430754 0.111176 
-0.203523 0.111176 0.233366 
1.22854 -0.548602 -0.22822 
-0.548602 0.428634 0.111772 
-0.22822 0.111772 0.251698 
1.38758 -0.603311 -0.253621 
-0.603311 0.433394 0.114024 
-0.253621 0.114024 0.271837 
1.54273 -0.658361 -0.278832 
-0.658361 0.443366 0.117494 
-0.278832 0.117494 0.292804 
1.68985 -0.711811 -0.303059 
-0.711811 0.456844 0.12174 
-0.303059 0.12174 0.313686 
1.82568 -0.762051 -0.325659 
-0.762051 0.472244 0.126357 
-0.325659 0.126357 0.333711 
1.9479 -0.807857 -0.346155 
-0.807857 0.488216 0.130998 
-0.346155 0.130998 0.352273 
2.05505 -0.848379 -0.364226 
-0.848379 0.503677 0.135389 
-0.364226 0.135389 0.368938 
2.14637 -0.883083 -0.379685 
-0.883083 0.517814 0.139324 
-0.379685 0.139324 0.383423 
2.22167 -0.911688 -0.392447 
-0.911688 0.53005 0.142655 
-0.392447 0.142655 0.39557 
2.28107 -0.934082 -0.402498 
-0.934082 0.539996 0.145278 
-0.402498 0.145278 0.405315 
2.32496 -0.950259 -0.409869 
-0.950259 0.547408 0.147124 
-0.409869 0.147124 0.412654 
2.35376 -0.960259 -0.414606 
-0.960259 0.552139 0.148145 
-0.414606 0.148145 0.417625 
2.36792 -0.96412 -0.416759 
-0.96412 0.554112 0.148301 
-0.416759 0.148301 0.420288 
2.36782 -0.961852 -0.416371 
-0.961852 0.553289 0.147556 
-0.416371 0.147556 0.420717 
2.35379 -0.953411 -0.413466 
-0.953411 0.549659 0.14587 
-0.413466 0.14587 0.418991 
2.32604 -0.938693 -0.408053 
-0.938693 0.543231 0.143195 
-0.408053 0.143195 0.415202 
2.28478 -0.917531 -0.400128 
-0.917531 0.534035 0.139472 
-0.400128 0.139472 0.409459 
2.23023 -0.889707 -0.389682 
-0.889707 0.522136 0.134634 
-0.389682 0.134634 0.401904 
2.16268 -0.854966 -0.37671 
-0.854966 0.507648 0.1286 
-0.37671 0.1286 0.392729 
2.08264 -0.813048 -0.361231 
-0.813048 0.490756 0.121282 
-0.361231 0.121282 0.382202 
1.99096 -0.763727 -0.34331 
-0.763727 0.471753 0.112592 
-0.34331 0.112592 0.370688 
1.88894 -0.706863 -0.323073 
-0.706863 0.451061 0.102442 
-0.323073 0.102442 0.358678 
1.77848 -0.642457 -0.30074 
-0.642457 0.429267 0.0907603 
-0.30074 0.0907603 0.346809 
1.66215 -0.570719 -0.276639 
-0.570719 0.407131 0.0774983 
-0.276639 0.0774983 0.335869 
1.54326 -0.492126 -0.251223 
-0.492126 0.385589 0.0626476 
-0.251223 0.0626476 0.326783 
1.42577 -0.407474 -0.225065 
-0.407474 0.36572 0.0462535 
-0.225065 0.0462535 0.320572 
1.31409 -0.317898 -0.198842 
-0.317898 0.348675 0.0284279 
-0.198842 0.0284279 0.318274 
1.21273 -0.224861 -0.173295 
-0.224861 0.335577 0.00935927 
-0.173295 0.00935927 0.320837 
1.12587 -0.130096 -0.149162 
-0.130096 0.327389 -0.0106848 
-0.149162 -0.0106848 0.328989 
1.05688 -0.035503 -0.127114 
-0.035503 0.32478 -0.0313641 
-0.127114 -0.0313641 0.343111 
1.00785 0.0569862 -0.107679 
0.0569862 0.328018 -0.052282 
-0.107679 -0.052282 0.363145 
0.979327 0.145554 -0.0911938 
0.145554 0.336907 -0.0730122 
-0.0911938 -0.0730122 0.388558 
0.970278 0.228636 -0.0777704 
0.228636 0.350809 -0.0931302 
-0.0777704 -0.0931302 0.418382 
0.978292 0.305021 -0.0673119 
0.305021 0.36872 -0.112246 
-0.0673119 -0.112246 0.451322 
0.99998 0.373907 -0.0595473 
0.373907 0.389415 -0.130034 
-0.0595473 -0.130034 0.485914 
1.03148 0.4349 -0.0540902 
0.4349 0.411601 -0.14625 
-0.0540902 -0.14625 0.520699 
1.06895 0.487977 -0.050501 
0.487977 0.434065 -0.160743 
-0.050501 -0.160743 0.554367 
1.10894 0.533411 -0.0483417 
0.533411 0.455781 -0.173449 
-0.0483417 -0.173449 0.585862 
1.14864 0.571695 -0.0472156 
0.571695 0.475964 -0.184382 
-0.0472156 -0.184382 0.614429 
1.18598 0.603453 -0.0467904 
0.603453 0.494088 -0.193618 
-0.0467904 -0.193618 0.639613 
1.21958 0.629378 -0.0468051 
0.629378 0.509862 -0.201275 
-0.0468051 -0.201275 0.661224 
1.24866 0.650169 -0.0470669 
0.650169 0.523182 -0.207495 
-0.0470669 -0.207495 0.679278 
1.27294 0.666494 -0.0474418 
0.666494 0.534086 -0.21243 
-0.0474418 -0.21243 0.693934 
1.29242 0.678964 -0.047843 
0.678964 0.542705 -0.216232 
-0.047843 -0.216232 0.705442 
1.30734 0.688113 -0.0482187 
0.688113 0.549217 -0.21904 
-0.0482187 -0.21904 0.714092 
1.31806 0.694399 -0.0485428 
0.694399 0.553823 -0.220978 
-0.0485428 -0.220978 0.720179 
1.32496 0.698198 -0.0488067 
0.698198 0.556717 -0.222154 
-0.0488067 -0.222154 0.723984 
1.32842 0.699806 -0.0490142 
0.699806 0.558078 -0.222652 
-0.0490142 -0.222652 0.725751 
1.32882 0.699449 -0.0491776 
0.699449 0.558059 -0.222539 
-0.0491776 -0.222539 0.725689 
1.32648 0.697285 -0.0493157 
0.697285 0.556788 -0.221864 
-0.0493157 -0.221864 0.723964 
1.32166 0.693408 -0.0494536 
0.693408 0.554362 -0.220656 
-0.0494536 -0.220656 0.720701 
1.31463 0.687861 -0.0496225 
0.687861 0.550857 -0.218929 
-0.0496225 -0.218929 0.715992 
1.30559 0.680632 -0.0498611 
0.680632 0.546326 -0.216682 
-0.0498611 -0.216682 0.709897 
1.29477 0.671662 -0.050217 
0.671662 0.540806 -0.213899 
-0.050217 -0.213899 0.702451 
1.28239 0.660852 -0.0507493 
0.660852 0.534328 -0.210553 
-0.0507493 -0.210553 0.693674 
1.26869 0.648059 -0.0515307 
0.648059 0.526915 -0.206605 
-0.0515307 -0.206605 0.683576 
1.25398 0.633105 -0.0526505 
0.633105 0.518596 -0.202004 
-0.0526505 -0.202004 0.672163 
1.23863 0.615777 -0.0542173 
0.615777 0.509409 -0.196692 
-0.0542173 -0.196692 0.659449 
1.22311 0.595828 -0.0563614 
0.595828 0.499412 -0.1906 
-0.0563614 -0.1906 0.645461 
1.208 0.57299 -0.0592372 
0.57299 0.488687 -0.183652 
-0.0592372 -0.183652 0.63025 
1.19399 0.546969 -0.0630241 
0.546969 0.477348 -0.175769 
-0.0630241 -0.175769 0.613897 
1.18193 0.51746 -0.0679261 
0.51746 0.465551 -0.166866 
-0.0679261 -0.166866 0.596522 
1.1728 0.484157 -0.0741695 
0.484157 0.453498 -0.156859 
-0.0741695 -0.156859 0.578289 
1.16769 0.446764 -0.0819979 
0.446764 0.44144 -0.145667 
-0.0819979 -0.145667 0.559412 
1.1678 0.405012 -0.0916643 
0.405012 0.429681 -0.133213 
-0.0916643 -0.133213 0.540153 
1.17437 0.35868 -0.103419 
0.35868 0.418578 -0.119435 
-0.103419 -0.119435 0.520824 
1.18864 0.307616 -0.117496 
0.307616 0.408531 -0.104285 
-0.117496 -0.104285 0.501779 
1.21174 0.251761 -0.134092 
0.251761 0.399981 -0.0877382 
-0.134092 -0.0877382 0.483401 
1.24463 0.19117 -0.153349 
0.19117 0.393391 -0.0697958 
-0.153349 -0.0697958 0.466089 
1.28794 0.126038 -0.175329 
0.126038 0.389232 -0.05049 
-0.175329 -0.05049 0.45024 
1.34193 0.0567091 -0.200001 
0.0567091 0.387968 -0.0298877 
-0.200001 -0.0298877 0.436223 
1.40636 -0.016309 -0.227216 
-0.016309 0.390027 -0.0080905 
-0.227216 -0.0080905 0.424361 
1.48043 -0.0923504 -0.256703 
-0.0923504 0.395794 0.0147655 
-0.256703 0.0147655 0.414907 
1.56276 -0.170603 -0.288067 
-0.170603 0.405586 0.0385141 
-0.288067 0.0385141 0.408027 
1.6514 -0.250138 -0.320793 
-0.250138 0.419647 0.0629658 
-0.320793 0.0629658 0.403794 
1.74389 -0.32994 -0.35427 
-0.32994 0.438145 0.0879169 
-0.35427 0.0879169 0.40218 
1.83738 -0.408965 -0.387816 
-0.408965 0.461172 0.113161 
-0.387816 0.113161 0.403063 
1.92876 -0.486185 -0.420715 
-0.486185 0.488757 0.138501 
-0.420715 0.138501 0.406243 
2.01488 -0.560651 -0.452259 
-0.560651 0.520879 0.163761 
-0.452259 0.163761 0.41146 
2.0927 -0.631542 -0.48179 
-0.631542 0.557488 0.1888 
-0.48179 0.1888 0.418422 
2.15952 -0.69821 -0.508738 
-0.69821 0.598521 0.213519 
-0.508738 0.213519 0.426829 
2.21309 -0.76022 -0.532657 
-0.76022 0.643923 0.237867 
-0.532657 0.237867 0.436398 
2.25179 -0.817365 -0.553249 
-0.817365 0.693657 0.261846 
-0.553249 0.261846 0.446891 
2.27468 -0.869675 -0.570379 
-0.869675 0.747714 0.285508 
-0.570379 0.285508 0.458125 
2.28156 -0.917405 -0.584075 
-0.917405 0.806109 0.30895 
-0.584075 0.30895 0.469985 
2.27294 -0.961018 -0.594528 
-0.961018 0.868881 0.332309 
-0.594528 0.332309 0.482428 
2.24999 -1.00114 -0.602065 
-1.00114 0.936074 0.355746 
-0.602065 0.355746 0.495473 
2.21445 -1.03852 -0.60713 
-1.03852 1.00772 0.379438 
-0.60713 0.379438 0.509197 
2.16851 -1.07399 -0.610254 
-1.07399 1.08382 0.403559 
-0.610254 0.403559 0.523718 
2.11465 -1.10839 -0.612016 
-1.10839 1.16431 0.428272 
-0.612016 0.428272 0.539172 
2.05552 -1.14254 -0.61301 
-1.14254 1.24907 0.453711 
-0.61301 0.453711 0.5557 
1.99378 -1.17718 -0.613813 
-1.17718 1.33786 0.479971 
-0.613813 0.479971 0.573426 
1.93195 -1.21295 -0.614951 
-1.21295 1.43033 0.507098 
-0.614951 0.507098 0.592441 
1.87232 -1.25031 -0.616878 
-1.25031 1.52603 0.535088 
-0.616878 0.535088 0.612789 
1.81688 -1.28958 -0.619955 
-1.28958 1.62439 0.563876 
-0.619955 0.563876 0.634454 
1.76717 -1.33089 -0.624438 
-1.33089 1.72471 0.593344 
-0.624438 0.593344 0.657363 
1.72436 -1.37421 -0.630476 
-1.37421 1.82623 0.623325 
-0.630476 0.623325 0.681379 
1.68914 -1.41934 -0.638108 
-1.41934 1.92807 0.653604 
-0.638108 0.653604 0.706307 
1.6618 -1.46593 -0.64728 
-1.46593 2.02936 0.683936 
-0.64728 0.683936 0.731908 
1.64225 -1.51354 -0.657848 
-1.51354 2.12918 0.714052 
-0.657848 0.714052 0.7579 
1.63009 -1.56162 -0.669603 
-1.56162 2.22663 0.743671 
-0.669603 0.743671 0.783981 
1.62466 -1.6096 -0.682287 
-1.6096 2.32085 0.772515 
-0.682287 0.772515 0.809835 
1.6251 -1.65686 -0.695607 
-1.65686 2.41105 0.800313 
-0.695607 0.800313 0.835151 
1.63044 -1.70282 -0.70926 
-1.70282 2.49651 0.826818 
-0.70926 0.826818 0.859629 
1.63967 -1.74691 -0.722942 
-1.74691 2.57662 0.851808 
-0.722942 0.851808 0.882995 
1.65175 -1.78861 -0.736364 
-1.78861 2.65088 0.875088 
-0.736364 0.875088 0.905001 
1.66571 -1.82748 -0.749261 
-1.82748 2.71887 0.896502 
-0.749261 0.896502 0.925438 
1.68063 -1.86314 -0.761397 
-1.86314 2.78029 0.915922 
-0.761397 0.915922 0.94413 
1.69571 -1.89526 -0.772568 
-1.89526 2.83493 0.933251 
-0.772568 0.933251 0.960936 
1.71022 -1.9236 -0.782605 
-1.9236 2.88265 0.948422 
-0.782605 0.948422 0.97575 
1.72356 -1.94797 -0.79137 
-1.94797 2.92338 0.96139 
-0.79137 0.96139 0.988494 
1.73525 -1.96821 -0.798754 
-1.96821 2.95712 0.972126 
-0.798754 0.972126 0.999114 
1.74486 -1.98423 -0.804672 
-1.98423 2.98385 0.980614 
-0.804672 0.980614 1.00758 
1.7521 -1.99593 -0.809062 
-1.99593 3.00363 0.986846 
-0.809062 0.986846 1.01386 
1.75672 -2.00324 -0.811875 
-2.00324 3.01647 0.990815 
-0.811875 0.990815 1.01795 
1.75855 -2.00609 -0.813076 
-2.00609 3.02242 0.992512 
-0.813076 0.992512 1.01984 
1.75748 -2.00442 -0.812639 
-2.00442 3.02147 0.991922 
-0.812639 0.991922 1.01953 
1.75345 -1.99813 -0.810544 
-1.99813 3.01361 0.98902 
-0.810544 0.98902 1.01702 
1.74644 -1.98712 -0.806775 
-1.98712 2.99881 0.983768 
-0.806775 0.983768 1.01228 
1.73649 -1.97125 -0.801323 
-1.97125 2.97699 0.976119 
-0.801323 0.976119 1.00533 
1.7237 -1.95038 -0.794183 
-1.95038 2.94807 0.966009 
-0.794183 0.966009 0.996142 
1.70821 -1.92431 -0.785358 
-1.92431 2.91193 0.953365 
-0.785358 0.953365 0.984719 
1.69027 -1.89284 -0.774865 
-1.89284 2.86845 0.938101 
-0.774865 0.938101 0.971063 
1.67019 -1.85576 -0.762735 
-1.85576 2.81752 0.920125 
-0.762735 0.920125 0.955192 
1.64841 -1.81281 -0.749027 
-1.81281 2.75907 0.899343 
-0.749027 0.899343 0.937143 
1.6255 -1.76377 -0.733824 
-1.76377 2.69305 0.875662 
-0.733824 0.875662 0.916986 
1.60219 -1.70841 -0.717252 
-1.70841 2.61949 0.848998 
-0.717252 0.848998 0.894828 
1.57936 -1.64653 -0.699481 
-1.64653 2.53852 0.819284 
-0.699481 0.819284 0.870827 
1.55813 -1.57796 -0.680735 
-1.57796 2.45039 0.786478 
-0.680735 0.786478 0.845197 
1.5398 -1.50261 -0.661296 
-1.50261 2.35551 0.750572 
-0.661296 0.750572 0.818219 
1.52586 -1.42046 -0.641511 
-1.42046 2.25443 0.711598 
-0.641511 0.711598 0.790246 
1.51801 -1.33156 -0.62179 
-1.33156 2.14791 0.669641 
-0.62179 0.669641 0.761704 
1.5181 -1.23612 -0.6026 
-1.23612 2.03689 0.624841 
-0.6026 0.624841 0.733091 
1.5281 -1.13443 -0.584462 
-1.13443 1.92252 0.5774 
-0.584462 0.5774 0.704967 
1.55 -1.02694 -0.567928 
-1.02694 1.80608 0.527586 
-0.567928 0.527586 0.677941 
1.58573 -0.914226 -0.553568 
-0.914226 1.68902 0.475725 
-0.553568 0.475725 0.652649 
1.63708 -0.796997 -0.541939 
-0.796997 1.57287 0.422203 
-0.541939 0.422203 0.629729 
1.70557 -0.676084 -0.533561 
-0.676084 1.45919 0.367456 
-0.533561 0.367456 0.609792 
1.79232 -0.552417 -0.528884 
-0.552417 1.3495 0.311952 
-0.528884 0.311952 0.593385 
1.89799 -0.427003 -0.528266 
-0.427003 1.24524 0.256184 
-0.528266 0.256184 0.580969 
2.02269 -0.300894 -0.531942 
-0.300894 1.14768 0.200648 
-0.531942 0.200648 0.572885 
2.16594 -0.175148 -0.540014 
-0.175148 1.05785 0.145828 
-0.540014 0.145828 0.569335 
2.32667 -0.0508046 -0.552442 
-0.0508046 0.976548 0.0921785 
-0.552442 0.0921785 0.570377 
2.50325 0.0711582 -0.569043 
0.0711582 0.904265 0.0401127 
-0.569043 0.0401127 0.575915 
2.69358 0.189845 -0.589508 
0.189845 0.841216 -0.0100117 
-0.589508 -0.0100117 0.585716 
2.89518 0.304473 -0.613417 
0.304473 0.787336 -0.0578993 
-0.613417 -0.0578993 0.599426 
3.10533 0.41438 -0.640267 
0.41438 0.742316 -0.10332 
-0.640267 -0.10332 0.61659 
3.32117 0.51904 -0.669501 
0.51904 0.705647 -0.146111 
-0.669501 -0.146111 0.636687 
3.53986 0.618062 -0.700534 
0.618062 0.676663 -0.186171 
-0.700534 -0.186171 0.659156 
3.75868 0.711187 -0.732783 
0.711187 0.65459 -0.223459 
-0.732783 -0.223459 0.683424 
3.97513 0.798278 -0.765695 
0.798278 0.638603 -0.257985 
-0.765695 -0.257985 0.708937 
4.18698 0.879309 -0.798755 
0.879309 0.627855 -0.2898 
-0.798755 -0.2898 0.735172 
4.39234 0.954346 -0.83151 
0.954346 0.621524 -0.318993 
-0.83151 -0.318993 0.761658 
4.58968 1.02354 -0.863572 
1.02354 0.61883 -0.345677 
-0.863572 -0.345677 0.787983 
4.77781 1.08709 -0.894621 
1.08709 0.619064 -0.369985 
-0.894621 -0.369985 0.813801 
4.95587 1.14526 -0.924406 
1.14526 0.621587 -0.392063 
-0.924406 -0.392063 0.83883 
5.1233 1.19834 -0.952741 
1.19834 0.625845 -0.412063 
-0.952741 -0.412063 0.862853 
5.27983 1.24665 -0.979497 
1.24665 0.631365 -0.43014 
-0.979497 -0.43014 0.885708 
5.42541 1.29049 -1.0046 
1.29049 0.637751 -0.446447 
-1.0046 -0.446447 0.907287 
5.56017 1.33021 -1.02801 
1.33021 0.644678 -0.461133 
-1.02801 -0.461133 0.927525 
5.68441 1.36612 -1.04973 
1.36612 0.651887 -0.47434 
-1.04973 -0.47434 0.946395 
5.79853 1.39853 -1.0698 
1.39853 0.659172 -0.486203 
-1.0698 -0.486203 0.963898 
5.90302 1.42774 -1.08827 
1.42774 0.666377 -0.496849 
-1.08827 -0.496849 0.980062 
5.99841 1.45405 -1.10521 
1.45405 0.673387 -0.506395 
-1.10521 -0.506395 0.994931 
6.08529 1.47771 -1.12069 
1.47771 0.680117 -0.514949 
-1.12069 -0.514949 1.00856 
6.16425 1.49897 -1.13481 
1.49897 0.686512 -0.52261 
-1.13481 -0.52261 1.02102 
6.23586 1.51806 -1.14766 
1.51806 0.692536 -0.52947 
-1.14766 -0.52947 1.03238 
6.30072 1.5352 -1.15933 
1.5352 0.69817 -0.535609 
-1.15933 -0.535609 1.04271 
6.35938 1.55057 -1.1699 
1.55057 0.70341 -0.541104 
-1.1699 -0.541104 1.0521 
6.41236 1.56436 -1.17947 
1.56436 0.708258 -0.546021 
-1.17947 -0.546021 1.0606 
6.46018 1.57673 -1.18813 
1.57673 0.712725 -0.550421 
-1.18813 -0.550421 1.0683 
6.5033 1.58781 -1.19595 
1.58781 0.716828 -0.554359 
-1.19595 -0.554359 1.07526 
6.54215 1.59775 -1.203 
1.59775 0.720584 -0.557883 
-1.203 -0.557883 1.08155 
6.57714 1.60666 -1.20936 
1.60666 0.724014 -0.561038 
-1.20936 -0.561038 1.08722 
6.60864 1.61465 -1.21509 
1.61465 0.72714 -0.563863 
-1.21509 -0.563863 1.09234 
6.637 1.62181 -1.22026 
1.62181 0.729985 -0.566394 
-1.22026 -0.566394 1.09696 
6.66251 1.62824 -1.22491 
1.62824 0.732569 -0.56866 
-1.22491 -0.56866 1.10112 
6.68546 1.634 -1.2291 
1.634 0.734914 -0.570692 
-1.2291 -0.570692 1.10487 
6.70611 1.63917 -1.23287 
1.63917 0.737039 -0.572513 
-1.23287 -0.572513 1.10824 
6.72469 1.64382 -1.23627 
1.64382 0.738964 -0.574146 
-1.23627 -0.574146 1.11128 
6.74141 1.64798 -1.23932 
1.64798 0.740706 -0.575611 
-1.23932 -0.575611 1.11402 
6.75645 1.65173 -1.24208 
1.65173 0.742282 -0.576927 
-1.24208 -0.576927 1.11649 
6.76999 1.65509 -1.24455 
1.65509 0.743707 -0.578108 
-1.24455 -0.578108 1.11871 
6.78218 1.65811 -1.24679 
1.65811 0.744995 -0.579169 
-1.24679 -0.579169 1.12071 
6.79315 1.66083 -1.2488 
1.66083 0.74616 -0.580123 
-1.2488 -0.580123 1.12251 
6.80304 1.66328 -1.25061 
1.66328 0.747212 -0.58098 
-1.25061 -0.58098 1.12414 
6.81194 1.66548 -1.25224 
1.66548 0.748163 -0.581752 
-1.25224 -0.581752 1.1256 
6.81997 1.66746 -1.25371 
1.66746 0.749023 -0.582446 
-1.25371 -0.582446 1.12692 
6.82721 1.66924 -1.25504 
1.66924 0.7498 -0.583072 
-1.25504 -0.583072 1.12811 
6.83373 1.67085 -1.25624 
1.67085 0.750502 -0.583635 
-1.25624 -0.583635 1.12919 
6.83963 1.6723 -1.25732 
1.6723 0.751137 -0.584143 
-1.25732 -0.584143 1.13016 
6.84494 1.67361 -1.25829 
1.67361 0.751711 -0.584601 
-1.25829 -0.584601 1.13103 
6.84975 1.67479 -1.25917 
1.67479 0.75223 -0.585015 
-1.25917 -0.585015 1.13182 
6.85409 1.67586 -1.25997 
1.67586 0.7527 -0.585388 
-1.25997 -0.585388 1.13254 
6.85801 1.67682 -1.26069 
1.67682 0.753125 -0.585725 
-1.26069 -0.585725 1.13319 
6.86156 1.67769 -1.26134 
1.67769 0.753511 -0.58603 
-1.26134 -0.58603 1.13377 
