3,3,520
0.651466 0.0648473 -0.109458 
0.0648473 0.555692 0.258548 
-0.109458 0.258548 0.749172 
0.749475 0.0724541 -0.130808 
0.0724541 0.628293 0.314318 
-0.130808 0.314318 0.866014 
0.829661 0.0790406 -0.147401 
0.0790406 0.689663 0.356947 
-0.147401 0.356947 0.960896 
0.887338 0.0839219 -0.159002 
0.0839219 0.734561 0.386455 
-0.159002 0.386455 1.02887 
0.923273 0.0870192 -0.166109 
0.0870192 0.762804 0.404421 
-0.166109 0.404421 1.07111 
0.939434 0.0884396 -0.169264 
0.0884396 0.775599 0.412348 
-0.169264 0.412348 1.09006 
0.937055 0.0882736 -0.168756 
0.0882736 0.77381 0.411009 
-0.168756 0.411009 1.0872 
0.916034 0.086531 -0.164542 
0.086531 0.757409 0.400263 
-0.164542 0.400263 1.06238 
0.875081 0.0831651 -0.156257 
0.0831651 0.725624 0.379072 
-0.156257 0.379072 1.01398 
0.812758 0.0782016 -0.143353 
0.0782016 0.67792 0.345772 
-0.143353 0.345772 0.940031 
0.730229 0.072055 -0.12549 
0.072055 0.616481 0.29892 
-0.12549 0.29892 0.841341 
0.636609 0.0660966 -0.103398 
0.0660966 0.550874 0.239255 
-0.103398 0.239255 0.727569 
0.555087 0.0631982 -0.0800527 
0.0631982 0.502928 0.172654 
-0.0800527 0.172654 0.624398 
0.520119 0.0671008 -0.0608467 
0.0671008 0.502906 0.111294 
-0.0608467 0.111294 0.570937 
0.553966 0.079456 -0.0506896 
0.079456 0.567169 0.0680944 
-0.0506896 0.0680944 0.593841 
0.63987 0.0969794 -0.0496727 
0.0969794 0.674922 0.0467656 
-0.0496727 0.0467656 0.676734 
0.734016 0.113608 -0.0533214 
0.113608 0.782355 0.0402974 
-0.0533214 0.0402974 0.772234 
0.80464 0.125519 -0.0572906 
0.125519 0.860171 0.039721 
-0.0572906 0.039721 0.84494 
0.846282 0.132544 -0.0598913 
0.132544 0.905447 0.0401701 
-0.0598913 0.0401701 0.887877 
0.867141 0.136215 -0.0612027 
0.136215 0.928081 0.0402781 
-0.0612027 0.0402781 0.909189 
0.87635 0.138022 -0.0617333 
0.138022 0.938153 0.0400017 
-0.0617333 0.0400017 0.918339 
0.879803 0.1389 -0.0618708 
0.1389 0.942038 0.0395199 
-0.0618708 0.0395199 0.921489 
0.880513 0.139324 -0.0618226 
0.139324 0.942972 0.0389565 
-0.0618226 0.0389565 0.921795 
0.879814 0.139504 -0.0616822 
0.139504 0.942384 0.0383705 
-0.0616822 0.0383705 0.920655 
0.878245 0.139525 -0.0614872 
0.139525 0.940852 0.0377851 
-0.0614872 0.0377851 0.918633 
0.876009 0.13942 -0.0612518 
0.13942 0.938593 0.0372088 
-0.0612518 0.0372088 0.91594 
0.873183 0.139201 -0.0609812 
0.139201 0.935691 0.0366438 
-0.0609812 0.0366438 0.912658 
0.869802 0.138874 -0.0606777 
0.138874 0.932182 0.0360907 
-0.0606777 0.0360907 0.908821 
0.865888 0.138444 -0.0603427 
0.138444 0.928091 0.0355495 
-0.0603427 0.0355495 0.904453 
0.86146 0.137914 -0.0599773 
0.137914 0.923439 0.03502 
-0.0599773 0.03502 0.899571 
0.856535 0.137287 -0.0595826 
0.137287 0.918244 0.034502 
-0.0595826 0.034502 0.894193 
0.851133 0.136567 -0.0591598 
0.136567 0.912527 0.0339953 
-0.0591598 0.0339953 0.88834 
0.845272 0.135758 -0.05871 
0.135758 0.906309 0.0334996 
-0.05871 0.0334996 0.88203 
0.838973 0.134863 -0.0582346 
0.134863 0.899612 0.0330149 
-0.0582346 0.0330149 0.875283 
0.832256 0.133885 -0.0577346 
0.133885 0.892458 0.0325409 
-0.0577346 0.0325409 0.868119 
0.82514 0.13283 -0.0572113 
0.13283 0.884868 0.0320776 
-0.0572113 0.0320776 0.86056 
0.817647 0.131699 -0.0566662 
0.131699 0.876865 0.0316249 
-0.0566662 0.0316249 0.852625 
0.809798 0.130499 -0.0561003 
0.130499 0.868472 0.0311826 
-0.0561003 0.0311826 0.844337 
0.801613 0.129231 -0.0555151 
0.129231 0.859712 0.0307507 
-0.0555151 0.0307507 0.835716 
0.793114 0.127901 -0.0549119 
0.127901 0.850608 0.0303291 
-0.0549119 0.0303291 0.826783 
0.784321 0.126511 -0.054292 
0.126511 0.841181 0.0299179 
-0.054292 0.0299179 0.81756 
0.775256 0.125066 -0.0536566 
0.125066 0.831455 0.0295169 
-0.0536566 0.0295169 0.808068 
0.765938 0.12357 -0.0530071 
0.12357 0.821452 0.0291262 
-0.0530071 0.0291262 0.798328 
0.756388 0.122025 -0.0523446 
0.122025 0.811194 0.0287457 
-0.0523446 0.0287457 0.788359 
0.746625 0.120437 -0.0516706 
0.120437 0.800702 0.0283755 
-0.0516706 0.0283755 0.778183 
0.736671 0.118808 -0.0509862 
0.118808 0.789998 0.0280156 
-0.0509862 0.0280156 0.767819 
0.726543 0.117142 -0.0502926 
0.117142 0.779103 0.027666 
-0.0502926 0.027666 0.757287 
0.716261 0.115442 -0.0495911 
0.115442 0.768037 0.0273267 
-0.0495911 0.0273267 0.746606 
0.705842 0.113711 -0.0488827 
0.113711 0.75682 0.0269979 
-0.0488827 0.0269979 0.735794 
0.695305 0.111954 -0.0481686 
0.111954 0.745471 0.0266795 
-0.0481686 0.0266795 0.72487 
0.684667 0.110172 -0.0474499 
0.110172 0.734009 0.0263717 
-0.0474499 0.0263717 0.713851 
0.673943 0.108369 -0.0467276 
0.108369 0.722452 0.0260744 
-0.0467276 0.0260744 0.702753 
0.663151 0.106548 -0.0460027 
0.106548 0.710816 0.0257878 
-0.0460027 0.0257878 0.691593 
0.652306 0.104711 -0.0452763 
0.104711 0.69912 0.025512 
-0.0452763 0.025512 0.680388 
0.641422 0.102862 -0.0445493 
0.102862 0.687378 0.025247 
-0.0445493 0.025247 0.669151 
0.630514 0.101002 -0.0438225 
0.101002 0.675606 0.024993 
-0.0438225 0.024993 0.657897 
0.619595 0.0991344 -0.0430969 
0.0991344 0.663819 0.0247501 
-0.0430969 0.0247501 0.646641 
0.608677 0.0972612 -0.0423733 
0.0972612 0.652031 0.0245184 
-0.0423733 0.0245184 0.635394 
0.597773 0.0953846 -0.0416524 
0.0953846 0.640254 0.0242979 
-0.0416524 0.0242979 0.62417 
0.586895 0.0935066 -0.040935 
0.0935066 0.628502 0.0240889 
-0.040935 0.0240889 0.61298 
0.576054 0.091629 -0.0402217 
0.091629 0.616786 0.0238915 
-0.0402217 0.0238915 0.601835 
0.565258 0.0897539 -0.0395134 
0.0897539 0.605117 0.0237058 
-0.0395134 0.0237058 0.590747 
0.554519 0.0878827 -0.0388105 
0.0878827 0.593505 0.0235319 
-0.0388105 0.0235319 0.579724 
0.543845 0.0860171 -0.0381137 
0.0860171 0.581961 0.0233702 
-0.0381137 0.0233702 0.568776 
0.533245 0.0841585 -0.0374236 
0.0841585 0.570493 0.0232206 
-0.0374236 0.0232206 0.557912 
0.522726 0.0823083 -0.0367406 
0.0823083 0.559109 0.0230835 
-0.0367406 0.0230835 0.547139 
0.512295 0.0804676 -0.0360653 
0.0804676 0.547818 0.0229589 
-0.0360653 0.0229589 0.536465 
0.50196 0.0786376 -0.035398 
0.0786376 0.536627 0.0228472 
-0.035398 0.0228472 0.525897 
0.491726 0.0768193 -0.0347393 
0.0768193 0.525542 0.0227486 
-0.0347393 0.0227486 0.515442 
0.481599 0.0750137 -0.0340894 
0.0750137 0.514569 0.0226632 
-0.0340894 0.0226632 0.505105 
0.471583 0.0732214 -0.0334489 
0.0732214 0.503714 0.0225914 
-0.0334489 0.0225914 0.494892 
0.461685 0.0714433 -0.0328179 
0.0714433 0.492982 0.0225334 
-0.0328179 0.0225334 0.484807 
0.451907 0.06968 -0.0321969 
0.06968 0.482377 0.0224895 
-0.0321969 0.0224895 0.474855 
0.442254 0.0679319 -0.031586 
0.0679319 0.471904 0.0224601 
-0.031586 0.0224601 0.46504 
0.432728 0.0661996 -0.0309856 
0.0661996 0.461565 0.0224453 
-0.0309856 0.0224453 0.455365 
0.423333 0.0644834 -0.0303959 
0.0644834 0.451364 0.0224456 
-0.0303959 0.0224456 0.445834 
0.414072 0.0627836 -0.0298172 
0.0627836 0.441304 0.0224614 
-0.0298172 0.0224614 0.436451 
0.404946 0.0611005 -0.0292496 
0.0611005 0.431386 0.0224929 
-0.0292496 0.0224929 0.427216 
0.395958 0.0594342 -0.0286933 
0.0594342 0.421614 0.0225408 
-0.0286933 0.0225408 0.418133 
0.387109 0.0577847 -0.0281486 
0.0577847 0.411989 0.0226053 
-0.0281486 0.0226053 0.409203 
0.3784 0.0561521 -0.0276155 
0.0561521 0.402511 0.0226869 
-0.0276155 0.0226869 0.400429 
0.369833 0.0545363 -0.0270943 
0.0545363 0.393183 0.0227862 
-0.0270943 0.0227862 0.391812 
0.361409 0.0529373 -0.026585 
0.0529373 0.384004 0.0229036 
-0.026585 0.0229036 0.383352 
0.353127 0.0513549 -0.0260879 
0.0513549 0.374977 0.0230397 
-0.0260879 0.0230397 0.375052 
0.34499 0.049789 -0.0256031 
0.049789 0.366101 0.0231951 
-0.0256031 0.0231951 0.366912 
0.336996 0.0482391 -0.0251306 
0.0482391 0.357375 0.0233704 
-0.0251306 0.0233704 0.358933 
0.329147 0.0467052 -0.0246708 
0.0467052 0.348802 0.0235663 
-0.0246708 0.0235663 0.351116 
0.321442 0.0451869 -0.0242236 
0.0451869 0.34038 0.0237834 
-0.0242236 0.0237834 0.343461 
0.313882 0.0436838 -0.0237892 
0.0436838 0.33211 0.0240225 
-0.0237892 0.0240225 0.33597 
0.306465 0.0421955 -0.0233678 
0.0421955 0.32399 0.0242843 
-0.0233678 0.0242843 0.328641 
0.299193 0.0407216 -0.0229595 
0.0407216 0.316022 0.0245696 
-0.0229595 0.0245696 0.321477 
0.292065 0.0392616 -0.0225645 
0.0392616 0.308204 0.0248793 
-0.0225645 0.0248793 0.314477 
0.285081 0.0378151 -0.0221829 
0.0378151 0.300537 0.0252142 
-0.0221829 0.0252142 0.307642 
0.27824 0.0363816 -0.021815 
0.0363816 0.293019 0.0255754 
-0.021815 0.0255754 0.300972 
0.271543 0.0349606 -0.0214609 
0.0349606 0.285652 0.0259637 
-0.0214609 0.0259637 0.294469 
0.264989 0.0335515 -0.0211209 
0.0335515 0.278433 0.0263803 
-0.0211209 0.0263803 0.288133 
0.258579 0.0321539 -0.0207951 
0.0321539 0.271365 0.0268261 
-0.0207951 0.0268261 0.281965 
0.252311 0.0307671 -0.020484 
0.0307671 0.264445 0.0273023 
-0.020484 0.0273023 0.275965 
0.246187 0.0293907 -0.0201876 
0.0293907 0.257675 0.0278101 
-0.0201876 0.0278101 0.270135 
0.240206 0.028024 -0.0199064 
0.028024 0.251054 0.0283508 
-0.0199064 0.0283508 0.264476 
0.234368 0.0266665 -0.0196407 
0.0266665 0.244582 0.0289255 
-0.0196407 0.0289255 0.258989 
0.228675 0.0253176 -0.0193907 
0.0253176 0.238261 0.0295356 
-0.0193907 0.0295356 0.253676 
0.223125 0.0239768 -0.0191571 
0.0239768 0.23209 0.0301826 
-0.0191571 0.0301826 0.248538 
0.21772 0.0226435 -0.0189401 
0.0226435 0.226071 0.0308679 
-0.0189401 0.0308679 0.243578 
0.212461 0.0213172 -0.0187402 
0.0213172 0.220204 0.0315929 
-0.0187402 0.0315929 0.238797 
0.207348 0.0199973 -0.018558 
0.0199973 0.21449 0.0323593 
-0.018558 0.0323593 0.234197 
0.202382 0.0186833 -0.018394 
0.0186833 0.208931 0.0331687 
-0.018394 0.0331687 0.229783 
0.197565 0.0173747 -0.0182488 
0.0173747 0.20353 0.0340228 
-0.0182488 0.0340228 0.225555 
0.192897 0.016071 -0.0181231 
0.016071 0.198286 0.0349233 
-0.0181231 0.0349233 0.221517 
0.188379 0.0147717 -0.0180176 
0.0147717 0.193203 0.035872 
-0.0180176 0.035872 0.217673 
0.184014 0.0134762 -0.0179331 
0.0134762 0.188282 0.0368709 
-0.0179331 0.0368709 0.214025 
0.179802 0.0121842 -0.0178703 
0.0121842 0.183527 0.0379219 
-0.0178703 0.0379219 0.210578 
0.175745 0.0108951 -0.0178302 
0.0108951 0.178941 0.039027 
-0.0178302 0.039027 0.207334 
0.171845 0.00960856 -0.0178138 
0.00960856 0.174525 0.0401883 
-0.0178138 0.0401883 0.204299 
0.168103 0.00832411 -0.0178221 
0.00832411 0.170285 0.0414079 
-0.0178221 0.0414079 0.201477 
0.164521 0.00704131 -0.0178562 
0.00704131 0.166222 0.0426883 
-0.0178562 0.0426883 0.198872 
0.1611 0.00575977 -0.0179172 
0.00575977 0.162342 0.0440316 
-0.0179172 0.0440316 0.196488 
0.157843 0.00447904 -0.0180066 
0.00447904 0.158648 0.0454403 
-0.0180066 0.0454403 0.194331 
0.154751 0.00319872 -0.0181255 
0.00319872 0.155144 0.0469169 
-0.0181255 0.0469169 0.192405 
0.151825 0.00191839 -0.0182756 
0.00191839 0.151835 0.048464 
-0.0182756 0.048464 0.190715 
0.149066 0.000637613 -0.0184583 
0.000637613 0.148725 0.0500844 
-0.0184583 0.0500844 0.189267 
0.146476 -0.000644044 -0.0186754 
-0.000644044 0.145819 0.0517808 
-0.0186754 0.0517808 0.188066 
0.144056 -0.00192706 -0.0189285 
-0.00192706 0.143122 0.0535561 
-0.0189285 0.0535561 0.187117 
0.141806 -0.00321191 -0.0192195 
-0.00321191 0.140639 0.0554134 
-0.0192195 0.0554134 0.186424 
0.139727 -0.00449913 -0.0195504 
-0.00449913 0.138374 0.0573559 
-0.0195504 0.0573559 0.185995 
0.137819 -0.00578927 -0.0199233 
-0.00578927 0.136334 0.0593868 
-0.0199233 0.0593868 0.185833 
0.136082 -0.00708295 -0.0203403 
-0.00708295 0.134523 0.0615095 
-0.0203403 0.0615095 0.185944 
0.134515 -0.00838082 -0.0208037 
-0.00838082 0.132946 0.0637276 
-0.0208037 0.0637276 0.186333 
0.133117 -0.00968361 -0.021316 
-0.00968361 0.131608 0.0660448 
-0.021316 0.0660448 0.187005 
0.131887 -0.0109921 -0.0218795 
-0.0109921 0.130514 0.0684648 
-0.0218795 0.0684648 0.187964 
0.130822 -0.0123072 -0.0224969 
-0.0123072 0.129669 0.0709917 
-0.0224969 0.0709917 0.189216 
0.129922 -0.0136297 -0.0231709 
-0.0136297 0.129077 0.0736295 
-0.0231709 0.0736295 0.190765 
0.129182 -0.0149608 -0.0239041 
-0.0149608 0.128744 0.0763824 
-0.0239041 0.0763824 0.192615 
0.1286 -0.0163014 -0.0246994 
-0.0163014 0.128673 0.0792547 
-0.0246994 0.0792547 0.19477 
0.128172 -0.0176529 -0.0255597 
-0.0176529 0.128868 0.082251 
-0.0255597 0.082251 0.197233 
0.127895 -0.0190164 -0.0264879 
-0.0190164 0.129333 0.0853757 
-0.0264879 0.0853757 0.200009 
0.127762 -0.0203934 -0.0274869 
-0.0203934 0.130072 0.0886335 
-0.0274869 0.0886335 0.203101 
0.127771 -0.0217852 -0.0285597 
-0.0217852 0.131087 0.0920291 
-0.0285597 0.0920291 0.206511 
0.127915 -0.0231934 -0.0297092 
-0.0231934 0.132382 0.0955671 
-0.0297092 0.0955671 0.210242 
0.128189 -0.0246195 -0.0309383 
-0.0246195 0.133958 0.0992524 
-0.0309383 0.0992524 0.214296 
0.128587 -0.0260652 -0.0322498 
-0.0260652 0.135817 0.10309 
-0.0322498 0.10309 0.218675 
0.129103 -0.0275321 -0.0336466 
-0.0275321 0.137961 0.107083 
-0.0336466 0.107083 0.223381 
0.129731 -0.029022 -0.0351312 
-0.029022 0.140391 0.111238 
-0.0351312 0.111238 0.228415 
0.130465 -0.0305367 -0.0367062 
-0.0305367 0.143108 0.115558 
-0.0367062 0.115558 0.233777 
0.131299 -0.0320777 -0.038374 
-0.0320777 0.146112 0.120048 
-0.038374 0.120048 0.239469 
0.132225 -0.033647 -0.0401368 
-0.033647 0.149401 0.124712 
-0.0401368 0.124712 0.245489 
0.133239 -0.0352462 -0.0419966 
-0.0352462 0.152976 0.129553 
-0.0419966 0.129553 0.251838 
0.134333 -0.0368768 -0.0439551 
-0.0368768 0.156835 0.134575 
-0.0439551 0.134575 0.258514 
0.135503 -0.0385407 -0.0460139 
-0.0385407 0.160977 0.139781 
-0.0460139 0.139781 0.265517 
0.136741 -0.0402392 -0.0481742 
-0.0402392 0.165398 0.145173 
-0.0481742 0.145173 0.272844 
0.138043 -0.0419737 -0.0504369 
-0.0419737 0.170096 0.150754 
-0.0504369 0.150754 0.280494 
0.139403 -0.0437455 -0.0528028 
-0.0437455 0.175067 0.156526 
-0.0528028 0.156526 0.288462 
0.140817 -0.0455558 -0.0552721 
-0.0455558 0.180308 0.162489 
-0.0552721 0.162489 0.296747 
0.14228 -0.0474057 -0.0578449 
-0.0474057 0.185814 0.168644 
-0.0578449 0.168644 0.305344 
0.143787 -0.0492958 -0.0605208 
-0.0492958 0.191581 0.174992 
-0.0605208 0.174992 0.314249 
0.145334 -0.0512269 -0.0632993 
-0.0512269 0.197603 0.181532 
-0.0632993 0.181532 0.323456 
0.146919 -0.0531996 -0.0661792 
-0.0531996 0.203874 0.188262 
-0.0661792 0.188262 0.332961 
0.148538 -0.055214 -0.0691594 
-0.055214 0.210389 0.195181 
-0.0691594 0.195181 0.342758 
0.150187 -0.0572702 -0.072238 
-0.0572702 0.217139 0.202287 
-0.072238 0.202287 0.352839 
0.151865 -0.0593683 -0.0754132 
-0.0593683 0.224119 0.209576 
-0.0754132 0.209576 0.363197 
0.153569 -0.0615078 -0.0786825 
-0.0615078 0.231321 0.217045 
-0.0786825 0.217045 0.373826 
0.155297 -0.0636883 -0.0820435 
-0.0636883 0.238736 0.22469 
-0.0820435 0.22469 0.384716 
0.157047 -0.0659092 -0.0854932 
-0.0659092 0.246357 0.232506 
-0.0854932 0.232506 0.395858 
0.158817 -0.0681694 -0.0890285 
-0.0681694 0.254175 0.240487 
-0.0890285 0.240487 0.407244 
0.160607 -0.070468 -0.0926458 
-0.070468 0.262181 0.248628 
-0.0926458 0.248628 0.418863 
0.162415 -0.0728036 -0.0963417 
-0.0728036 0.270366 0.256921 
-0.0963417 0.256921 0.430705 
0.16424 -0.0751749 -0.100112 
-0.0751749 0.278719 0.265361 
-0.100112 0.265361 0.442759 
0.166082 -0.0775803 -0.103953 
-0.0775803 0.287232 0.273939 
-0.103953 0.273939 0.455014 
0.167938 -0.0800181 -0.10786 
-0.0800181 0.295895 0.282648 
-0.10786 0.282648 0.467457 
0.169809 -0.0824862 -0.111829 
-0.0824862 0.304696 0.29148 
-0.111829 0.29148 0.480077 
0.171694 -0.0849828 -0.115855 
-0.0849828 0.313627 0.300425 
-0.115855 0.300425 0.492861 
0.173592 -0.0875057 -0.119934 
-0.0875057 0.322675 0.309475 
-0.119934 0.309475 0.505797 
0.175502 -0.0900527 -0.124061 
-0.0900527 0.331831 0.318621 
-0.124061 0.318621 0.51887 
0.177423 -0.0926214 -0.12823 
-0.0926214 0.341084 0.327853 
-0.12823 0.327853 0.532067 
0.179355 -0.0952093 -0.132437 
-0.0952093 0.350423 0.337162 
-0.132437 0.337162 0.545376 
0.181297 -0.0978141 -0.136678 
-0.0978141 0.359836 0.346537 
-0.136678 0.346537 0.558781 
0.183248 -0.100433 -0.140946 
-0.100433 0.369313 0.355969 
-0.140946 0.355969 0.572268 
0.185206 -0.103064 -0.145238 
-0.103064 0.378843 0.365447 
-0.145238 0.365447 0.585824 
0.187171 -0.105703 -0.149547 
-0.105703 0.388415 0.374961 
-0.149547 0.374961 0.599434 
0.189142 -0.108349 -0.153869 
-0.108349 0.398018 0.384501 
-0.153869 0.384501 0.613083 
0.191118 -0.110998 -0.158199 
-0.110998 0.40764 0.394057 
-0.158199 0.394057 0.626756 
0.193097 -0.113648 -0.162532 
-0.113648 0.417272 0.403618 
-0.162532 0.403618 0.64044 
0.195077 -0.116296 -0.166863 
-0.116296 0.426901 0.413174 
-0.166863 0.413174 0.65412 
0.197058 -0.11894 -0.171187 
-0.11894 0.436518 0.422714 
-0.171187 0.422714 0.667781 
0.199037 -0.121576 -0.175499 
-0.121576 0.446112 0.432229 
-0.175499 0.432229 0.681408 
0.201014 -0.124201 -0.179794 
-0.124201 0.455672 0.441708 
-0.179794 0.441708 0.694988 
0.202987 -0.126814 -0.184068 
-0.126814 0.465188 0.451141 
-0.184068 0.451141 0.708506 
0.204953 -0.129411 -0.188316 
-0.129411 0.47465 0.460519 
-0.188316 0.460519 0.721947 
0.206911 -0.13199 -0.192534 
-0.13199 0.484048 0.469831 
-0.192534 0.469831 0.735299 
0.20886 -0.134548 -0.196717 
-0.134548 0.493371 0.479068 
-0.196717 0.479068 0.748547 
0.210797 -0.137083 -0.20086 
-0.137083 0.50261 0.48822 
-0.20086 0.48822 0.761677 
0.21272 -0.139591 -0.20496 
-0.139591 0.511756 0.497279 
-0.20496 0.497279 0.774677 
0.214628 -0.142071 -0.209013 
-0.142071 0.520798 0.506234 
-0.209013 0.506234 0.787533 
0.216519 -0.14452 -0.213013 
-0.14452 0.529729 0.515077 
-0.213013 0.515077 0.800232 
0.21839 -0.146935 -0.216958 
-0.146935 0.538539 0.5238 
-0.216958 0.5238 0.812761 
0.22024 -0.149315 -0.220843 
-0.149315 0.54722 0.532393 
-0.220843 0.532393 0.825109 
0.222066 -0.151657 -0.224665 
-0.151657 0.555762 0.540849 
-0.224665 0.540849 0.837262 
0.223868 -0.153958 -0.22842 
-0.153958 0.564158 0.549159 
-0.22842 0.549159 0.84921 
0.225642 -0.156217 -0.232105 
-0.156217 0.572399 0.557315 
-0.232105 0.557315 0.860941 
0.227387 -0.158431 -0.235716 
-0.158431 0.580479 0.565311 
-0.235716 0.565311 0.872443 
0.229101 -0.160599 -0.239249 
-0.160599 0.588389 0.573138 
-0.239249 0.573138 0.883706 
0.230781 -0.162718 -0.242702 
-0.162718 0.596121 0.580788 
-0.242702 0.580788 0.894719 
0.232427 -0.164787 -0.246072 
-0.164787 0.60367 0.588257 
-0.246072 0.588257 0.905472 
0.234036 -0.166803 -0.249356 
-0.166803 0.611027 0.595535 
-0.249356 0.595535 0.915955 
0.235607 -0.168765 -0.25255 
-0.168765 0.618187 0.602619 
-0.25255 0.602619 0.92616 
0.237137 -0.170671 -0.255652 
-0.170671 0.625144 0.609499 
-0.255652 0.609499 0.936075 
0.238625 -0.17252 -0.25866 
-0.17252 0.63189 0.616172 
-0.25866 0.616172 0.945693 
0.240069 -0.174309 -0.26157 
-0.174309 0.638421 0.622631 
-0.26157 0.622631 0.955005 
0.241468 -0.176038 -0.264381 
-0.176038 0.64473 0.628871 
-0.264381 0.628871 0.964003 
0.242821 -0.177704 -0.26709 
-0.177704 0.650813 0.634886 
-0.26709 0.634886 0.97268 
0.244124 -0.179307 -0.269696 
-0.179307 0.656664 0.640672 
-0.269696 0.640672 0.981027 
0.245378 -0.180845 -0.272195 
-0.180845 0.662278 0.646223 
-0.272195 0.646223 0.989038 
0.246581 -0.182317 -0.274586 
-0.182317 0.667651 0.651536 
-0.274586 0.651536 0.996706 
0.247731 -0.183722 -0.276867 
-0.183722 0.672778 0.656606 
-0.276867 0.656606 1.00402 
0.248828 -0.185058 -0.279037 
-0.185058 0.677656 0.661428 
-0.279037 0.661428 1.01099 
0.249869 -0.186325 -0.281093 
-0.186325 0.68228 0.665999 
-0.281093 0.665999 1.01759 
0.250854 -0.187521 -0.283035 
-0.187521 0.686646 0.670316 
-0.283035 0.670316 1.02382 
0.251782 -0.188646 -0.28486 
-0.188646 0.690752 0.674375 
-0.28486 0.674375 1.02969 
0.252652 -0.189699 -0.286568 
-0.189699 0.694594 0.678173 
-0.286568 0.678173 1.03517 
0.253462 -0.190678 -0.288157 
-0.190678 0.698169 0.681707 
-0.288157 0.681707 1.04028 
0.254213 -0.191584 -0.289625 
-0.191584 0.701475 0.684975 
-0.289625 0.684975 1.045 
0.254903 -0.192415 -0.290973 
-0.192415 0.704509 0.687973 
-0.290973 0.687973 1.04934 
0.255531 -0.19317 -0.292198 
-0.19317 0.707267 0.6907 
-0.292198 0.6907 1.05328 
0.256097 -0.193851 -0.293301 
-0.193851 0.70975 0.693154 
-0.293301 0.693154 1.05683 
0.2566 -0.194454 -0.29428 
-0.194454 0.711955 0.695333 
-0.29428 0.695333 1.05998 
0.257039 -0.194981 -0.295134 
-0.194981 0.713878 0.697234 
-0.295134 0.697234 1.06273 
0.257415 -0.195431 -0.295863 
-0.195431 0.715521 0.698858 
-0.295863 0.698858 1.06507 
0.257726 -0.195803 -0.296466 
-0.195803 0.716879 0.7002 
-0.296466 0.7002 1.06702 
0.257971 -0.196097 -0.296942 
-0.196097 0.717951 0.70126 
-0.296942 0.70126 1.06855 
0.258148 -0.19631 -0.297287 
-0.19631 0.71873 0.702029 
-0.297287 0.702029 1.06966 
0.258253 -0.19644 -0.297498 
-0.19644 0.719202 0.702496 
-0.297498 0.702496 1.07033 
0.258272 -0.196476 -0.297558 
-0.196476 0.719333 0.702626 
-0.297558 0.702626 1.07052 
0.258178 -0.196396 -0.297436 
-0.196396 0.719043 0.702342 
-0.297436 0.702342 1.07009 
0.257906 -0.196154 -0.297058 
-0.196154 0.718156 0.701471 
-0.297058 0.701471 1.06879 
0.257323 -0.195646 -0.296267 
-0.195646 0.716298 0.699646 
-0.296267 0.699646 1.06606 
0.256165 -0.194674 -0.294756 
-0.194674 0.712742 0.696149 
-0.294756 0.696149 1.06079 
0.253964 -0.192886 -0.291958 
-0.192886 0.706203 0.689687 
-0.291958 0.689687 1.05101 
0.249999 -0.18975 -0.286937 
-0.18975 0.694733 0.678216 
-0.286937 0.678216 1.03352 
0.243413 -0.184662 -0.278343 
-0.184662 0.676143 0.659121 
-0.278343 0.659121 1.00412 
0.233792 -0.177437 -0.264643 
-0.177437 0.649807 0.63042 
-0.264643 0.63042 0.959131 
0.222473 -0.169392 -0.244858 
-0.169392 0.620658 0.593689 
-0.244858 0.593689 0.899424 
0.214222 -0.164691 -0.219762 
-0.164691 0.604166 0.557999 
-0.219762 0.557999 0.835979 
0.217497 -0.170478 -0.192721 
-0.170478 0.626785 0.541062 
-0.192721 0.541062 0.791971 
0.241153 -0.194037 -0.16888 
-0.194037 0.715417 0.562734 
-0.16888 0.562734 0.794656 
0.288721 -0.237998 -0.15261 
-0.237998 0.879675 0.632834 
-0.15261 0.632834 0.859211 
0.355309 -0.297847 -0.145283 
-0.297847 1.10271 0.743859 
-0.145283 0.743859 0.978407 
0.430113 -0.364168 -0.145228 
-0.364168 1.34954 0.875375 
-0.145228 0.875375 1.12755 
0.501622 -0.427087 -0.149334 
-0.427087 1.58355 1.00453 
-0.149334 1.00453 1.27786 
0.561191 -0.479257 -0.154606 
-0.479257 1.7775 1.1136 
-0.154606 1.1136 1.4065 
0.603723 -0.516381 -0.158861 
-0.516381 1.91552 1.19178 
-0.158861 1.19178 1.49923 
0.626708 -0.536354 -0.160712 
-0.536354 1.98981 1.23345 
-0.160712 1.23345 1.54843 
0.629007 -0.538185 -0.15932 
-0.538185 1.99674 1.23581 
-0.15932 1.23581 1.55024 
0.610094 -0.52133 -0.154144 
-0.52133 1.93433 1.19727 
-0.154144 1.19727 1.50252 
0.570013 -0.485595 -0.144821 
-0.485595 1.80192 1.11723 
-0.144821 1.11723 1.40457 
0.510132 -0.431701 -0.131183 
-0.431701 1.60229 0.997212 
-0.131183 0.997212 1.25854 
0.434652 -0.362454 -0.113383 
-0.362454 1.34603 0.843426 
-0.113383 0.843426 1.07268 
0.352282 -0.284083 -0.0920337 
-0.284083 1.05655 0.669652 
-0.0920337 0.669652 0.864835 
0.276392 -0.206485 -0.0681939 
-0.206485 0.770976 0.497642 
-0.0681939 0.497642 0.662794 
0.221483 -0.140772 -0.0430563 
-0.140771 0.530902 0.351584 
-0.0430563 0.351584 0.49698 
0.196357 -0.09441 -0.0175644 
-0.09441 0.364128 0.247427 
-0.0175644 0.247427 0.386639 
0.199302 -0.0677405 0.00760647 
-0.0677405 0.271557 0.185517 
0.00760647 0.185517 0.330549 
0.220399 -0.0554087 0.031727 
-0.0554087 0.23261 0.154084 
0.031727 0.154084 0.311941 
0.2485 -0.0508943 0.0539123 
-0.0508944 0.222365 0.139227 
0.0539123 0.139227 0.311818 
0.276121 -0.049646 0.0734043 
-0.049646 0.223461 0.131517 
0.0734043 0.131517 0.31765 
0.299964 -0.0494367 0.0898352 
-0.0494367 0.227457 0.126505 
0.0898352 0.126505 0.32386 
0.319277 -0.0494505 0.103221 
-0.0494506 0.231337 0.122628 
0.103221 0.122628 0.328821 
0.334302 -0.0494588 0.113792 
-0.0494588 0.234337 0.119438 
0.113792 0.119438 0.332357 
0.345469 -0.0494081 0.121832 
-0.0494082 0.236347 0.116777 
0.121832 0.116777 0.334563 
0.353111 -0.0492776 0.12759 
-0.0492776 0.237351 0.114523 
0.12759 0.114523 0.33547 
0.357421 -0.0490454 0.131249 
-0.0490454 0.237304 0.112547 
0.131249 0.112547 0.335006 
0.358483 -0.0486888 0.132928 
-0.0486888 0.23613 0.110726 
0.132928 0.110726 0.333044 
0.356314 -0.048189 0.132691 
-0.048189 0.233746 0.108957 
0.132691 0.108957 0.329443 
0.350893 -0.047536 0.130558 
-0.047536 0.230079 0.107163 
0.130558 0.107163 0.324077 
0.342195 -0.0467331 0.126522 
-0.0467332 0.225088 0.105302 
0.126522 0.105302 0.316851 
0.330225 -0.0458031 0.120553 
-0.0458031 0.218776 0.103369 
0.120553 0.103369 0.307726 
0.315059 -0.0447955 0.112623 
-0.0447955 0.211223 0.101406 
0.112623 0.101406 0.296747 
0.296906 -0.0437982 0.102716 
-0.0437982 0.202615 0.0995147 
0.102716 0.0995147 0.284082 
0.276177 -0.0429503 0.0908598 
-0.0429503 0.193288 0.0978706 
0.0908598 0.0978706 0.270072 
0.253566 -0.042456 0.0771534 
-0.042456 0.183781 0.0967381 
0.0771534 0.0967381 0.255286 
0.230116 -0.0425948 0.0617918 
-0.0425948 0.174863 0.0964803 
0.0617918 0.0964803 0.240555 
0.207239 -0.0437203 0.0450871 
-0.0437203 0.16754 0.0975512 
0.0450871 0.0975512 0.226983 
0.186656 -0.0462383 0.027468 
-0.0462383 0.162999 0.100461 
0.027468 0.100461 0.215875 
0.170213 -0.0505558 0.00944977 
-0.0505558 0.162463 0.105707 
0.00944977 0.105707 0.208586 
0.159583 -0.0570025 -0.00842334 
-0.0570025 0.166975 0.113666 
-0.00842334 0.113666 0.206279 
0.155914 -0.06574 -0.0256532 
-0.06574 0.177145 0.124489 
-0.0256532 0.124489 0.209662 
0.159547 -0.0766904 -0.0418555 
-0.0766904 0.192959 0.138018 
-0.0418555 0.138018 0.218785 
0.169926 -0.0895175 -0.0567955 
-0.0895175 0.213726 0.153783 
-0.0567955 0.153783 0.233005 
0.185748 -0.103679 -0.0703833 
-0.103679 0.238221 0.171076 
-0.0703833 0.171076 0.251135 
0.205299 -0.118528 -0.0826374 
-0.118528 0.264948 0.189097 
-0.0826374 0.189097 0.271727 
0.226837 -0.13344 -0.0936401 
-0.13344 0.292442 0.207093 
-0.0936401 0.207093 0.293378 
0.248879 -0.147896 -0.103501 
-0.147896 0.319495 0.224468 
-0.103501 0.224468 0.314943 
0.270347 -0.161537 -0.112334 
-0.161537 0.345259 0.240825 
-0.112334 0.240825 0.335628 
0.290577 -0.17416 -0.12025 
-0.17416 0.369244 0.255956 
-0.12025 0.255956 0.35498 
0.309237 -0.185686 -0.127352 
-0.185686 0.391245 0.269798 
-0.127352 0.269798 0.372806 
0.32623 -0.196129 -0.133733 
-0.196129 0.411252 0.282384 
-0.133733 0.282384 0.389088 
0.341597 -0.205549 -0.139478 
-0.205549 0.429365 0.293798 
-0.139478 0.293798 0.403901 
0.355448 -0.21403 -0.14466 
-0.21403 0.445732 0.304141 
-0.14466 0.304141 0.417361 
0.367914 -0.221661 -0.14934 
-0.221661 0.460512 0.313514 
-0.14934 0.313514 0.429589 
0.379126 -0.228524 -0.153568 
-0.228524 0.473852 0.322005 
-0.153568 0.322005 0.440693 
0.389201 -0.234689 -0.157387 
-0.234689 0.48588 0.32969 
-0.157387 0.32969 0.450766 
0.398236 -0.240217 -0.160828 
-0.240217 0.496701 0.336628 
-0.160828 0.336628 0.459881 
0.406311 -0.245157 -0.163916 
-0.245157 0.5064 0.342866 
-0.163916 0.342866 0.468094 
0.413493 -0.249546 -0.166673 
-0.249546 0.515043 0.348442 
-0.166673 0.348442 0.475449 
0.419833 -0.253417 -0.169112 
-0.253417 0.522685 0.353383 
-0.169112 0.353383 0.481981 
0.425373 -0.256794 -0.171247 
-0.256794 0.529367 0.357711 
-0.171247 0.357711 0.487714 
0.430146 -0.259696 -0.173087 
-0.259696 0.535123 0.361444 
-0.173087 0.361444 0.492669 
0.434179 -0.26214 -0.17464 
-0.26214 0.539976 0.364594 
-0.17464 0.364594 0.496861 
0.43749 -0.264134 -0.175909 
-0.264134 0.543945 0.36717 
-0.175909 0.36717 0.5003 
0.440097 -0.265688 -0.176899 
-0.265688 0.547043 0.369177 
-0.176899 0.369177 0.502993 
0.442006 -0.266803 -0.17761 
-0.266803 0.549273 0.370616 
-0.17761 0.370616 0.504944 
0.443224 -0.26748 -0.178042 
-0.26748 0.550637 0.371486 
-0.178042 0.371486 0.506152 
0.443751 -0.267716 -0.178193 
-0.267716 0.551128 0.371782 
-0.178193 0.371782 0.506613 
0.443583 -0.267502 -0.178058 
-0.267502 0.550733 0.371496 
-0.178058 0.371496 0.50632 
0.442712 -0.26683 -0.177632 
-0.26683 0.549436 0.370615 
-0.177632 0.370615 0.505264 
0.441129 -0.265684 -0.176906 
-0.265684 0.547212 0.369125 
-0.176906 0.369125 0.503433 
0.438821 -0.264048 -0.175871 
-0.264048 0.544035 0.367008 
-0.175871 0.367008 0.500813 
0.435775 -0.261901 -0.174517 
-0.261901 0.539872 0.364245 
-0.174517 0.364245 0.497393 
0.431976 -0.259219 -0.172832 
-0.259219 0.534689 0.360815 
-0.172832 0.360815 0.49316 
0.427414 -0.255976 -0.170804 
-0.255976 0.528449 0.356697 
-0.170804 0.356697 0.48811 
0.422082 -0.252145 -0.168421 
-0.252145 0.521117 0.351872 
-0.168421 0.351872 0.482243 
0.415981 -0.247697 -0.165672 
-0.247697 0.51266 0.346324 
-0.165672 0.346324 0.47557 
0.409123 -0.242603 -0.162548 
-0.242603 0.503052 0.340043 
-0.162548 0.340043 0.46812 
0.401536 -0.236837 -0.159042 
-0.236837 0.492279 0.333028 
-0.159042 0.333028 0.459942 
0.393267 -0.230375 -0.155156 
-0.230375 0.48034 0.325288 
-0.155156 0.325288 0.45111 
0.384392 -0.2232 -0.150893 
-0.2232 0.467255 0.316853 
-0.150893 0.316853 0.441736 
0.375016 -0.2153 -0.146268 
-0.2153 0.453074 0.30777 
-0.146268 0.30777 0.43197 
0.365285 -0.206678 -0.141307 
-0.206678 0.437878 0.298113 
-0.141307 0.298113 0.422014 
0.355386 -0.197348 -0.136046 
-0.197348 0.421788 0.287984 
-0.136046 0.287984 0.412123 
0.345559 -0.187341 -0.130539 
-0.187341 0.404974 0.27752 
-0.130539 0.27752 0.402614 
0.33609 -0.176709 -0.124854 
-0.176709 0.387652 0.266896 
-0.124854 0.266896 0.393866 
0.32732 -0.165523 -0.119076 
-0.165523 0.370094 0.256321 
-0.119076 0.256321 0.386319 
0.319631 -0.153878 -0.113307 
-0.153878 0.352623 0.246041 
-0.113307 0.246041 0.380467 
0.313445 -0.141893 -0.107664 
-0.141893 0.335605 0.236334 
-0.107664 0.236334 0.376845 
0.309199 -0.129707 -0.102274 
-0.129707 0.319444 0.227498 
-0.102274 0.227498 0.376006 
0.307332 -0.117474 -0.0972725 
-0.117474 0.304559 0.219838 
-0.0972725 0.219838 0.378491 
0.308253 -0.105363 -0.0927924 
-0.105363 0.291369 0.213653 
-0.0927924 0.213653 0.384799 
0.312311 -0.0935459 -0.0889591 
-0.0935459 0.280262 0.209213 
-0.0889591 0.209213 0.395345 
0.319768 -0.0821885 -0.0858811 
-0.0821885 0.271573 0.206743 
-0.0858811 0.206743 0.410423 
0.33077 -0.0714448 -0.0836419 
-0.0714448 0.265559 0.206401 
-0.0836419 0.206401 0.430172 
0.345327 -0.0614463 -0.0822938 
-0.0614463 0.262373 0.208263 
-0.0822938 0.208263 0.454552 
0.363304 -0.0522957 -0.0818529 
-0.0522957 0.262056 0.212318 
-0.0818529 0.212318 0.483331 
0.384423 -0.0440618 -0.0822981 
-0.0440618 0.26453 0.218463 
-0.0822981 0.218463 0.516095 
0.408276 -0.036778 -0.0835727 
-0.036778 0.269606 0.22651 
-0.0835727 0.22651 0.552262 
0.434351 -0.0304433 -0.0855892 
-0.0304433 0.276997 0.2362 
-0.0855892 0.2362 0.591123 
0.462067 -0.0250259 -0.0882365 
-0.0250259 0.286342 0.247223 
-0.0882365 0.247223 0.631884 
0.490811 -0.020469 -0.0913883 
-0.020469 0.297234 0.259237 
-0.0913883 0.259237 0.673714 
0.519973 -0.0166972 -0.0949118 
-0.0166972 0.309247 0.271894 
-0.0949118 0.271894 0.7158 
0.54898 -0.0136239 -0.0986764 
-0.0136239 0.321965 0.284855 
-0.0986764 0.284855 0.757379 
0.577322 -0.0111576 -0.10256 
-0.0111576 0.334998 0.297814 
-0.10256 0.297814 0.797782 
0.604568 -0.00920745 -0.106455 
-0.00920745 0.348003 0.310502 
-0.106455 0.310502 0.836448 
0.630375 -0.00768755 -0.110269 
-0.00768755 0.360691 0.322699 
-0.110269 0.322699 0.872935 
0.654489 -0.00651967 -0.11393 
-0.00651967 0.372831 0.334234 
-0.11393 0.334234 0.906923 
0.67674 -0.00563501 -0.117381 
-0.00563501 0.384251 0.344983 
-0.117381 0.344983 0.938204 
0.697034 -0.00497477 -0.120586 
-0.00497477 0.394832 0.354866 
-0.120586 0.354866 0.966671 
0.715337 -0.00448996 -0.123518 
-0.00448996 0.404497 0.363838 
-0.123518 0.363838 0.992296 
0.731666 -0.00414083 -0.126166 
-0.00414083 0.413213 0.371886 
-0.126166 0.371886 1.01512 
0.746076 -0.00389584 -0.128527 
-0.00389584 0.420973 0.379019 
-0.128527 0.379019 1.03523 
0.758648 -0.00373065 -0.130606 
-0.00373065 0.427793 0.385264 
-0.130606 0.385264 1.05276 
0.769478 -0.00362709 -0.132412 
-0.00362709 0.433706 0.390659 
-0.132412 0.390659 1.06783 
0.778672 -0.00357222 -0.133958 
-0.00357222 0.438755 0.395248 
-0.133958 0.395248 1.08059 
0.786336 -0.00355761 -0.135258 
-0.00355761 0.442986 0.399077 
-0.135258 0.399077 1.09121 
0.792573 -0.00357874 -0.13633 
-0.00357874 0.446452 0.402194 
-0.13633 0.402194 1.09982 
0.797483 -0.0036346 -0.13719 
-0.0036346 0.4492 0.404644 
-0.13719 0.404644 1.10655 
0.801155 -0.0037276 -0.137853 
-0.0037276 0.451281 0.406469 
-0.137853 0.406469 1.11152 
0.803673 -0.00386357 -0.138336 
-0.00386357 0.45274 0.407708 
-0.138336 0.407708 1.11483 
0.805112 -0.004052 -0.138657 
-0.004052 0.453622 0.408395 
-0.138657 0.408395 1.11659 
0.80554 -0.00430657 -0.138832 
-0.00430657 0.453972 0.408562 
-0.138832 0.408562 1.11686 
0.805024 -0.00464579 -0.13888 
-0.00464579 0.453834 0.408238 
-0.13888 0.408238 1.11571 
0.803629 -0.005094 -0.138822 
-0.005094 0.453256 0.407452 
-0.138822 0.407452 1.11321 
0.801426 -0.00568249 -0.138682 
-0.00568249 0.45229 0.406234 
-0.138682 0.406234 1.10941 
0.798492 -0.00645102 -0.138489 
-0.00645102 0.450999 0.404617 
-0.138489 0.404617 1.10437 
0.794922 -0.00744949 -0.13828 
-0.00744949 0.449459 0.402641 
-0.13828 0.402641 1.09816 
0.790829 -0.00873997 -0.138098 
-0.00873997 0.447761 0.400352 
-0.138098 0.400352 1.09087 
0.78636 -0.0103989 -0.137999 
-0.0103989 0.446024 0.397813 
-0.137999 0.397813 1.08259 
0.781696 -0.0125196 -0.138051 
-0.0125196 0.444393 0.395101 
-0.138051 0.395101 1.07347 
0.777067 -0.0152147 -0.138338 
-0.0152147 0.443048 0.392315 
-0.138338 0.392315 1.0637 
0.772759 -0.0186189 -0.138962 
-0.0186189 0.442214 0.389579 
-0.138962 0.389579 1.0535 
0.769127 -0.0228914 -0.140048 
-0.0228914 0.442163 0.387045 
-0.140048 0.387045 1.04316 
0.766596 -0.0282178 -0.141741 
-0.0282178 0.44322 0.384902 
-0.141741 0.384902 1.03307 
0.76568 -0.0348119 -0.144215 
-0.0348119 0.445771 0.383375 
-0.144215 0.383375 1.02365 
0.766974 -0.0429157 -0.147667 
-0.0429157 0.450266 0.382728 
-0.147667 0.382728 1.01545 
0.771169 -0.0527992 -0.152323 
-0.0527992 0.457215 0.383268 
-0.152323 0.383268 1.0091 
0.779038 -0.0647575 -0.158431 
-0.0647575 0.467192 0.385341 
-0.158431 0.385341 1.0053 
0.791435 -0.0791063 -0.166264 
-0.0791063 0.48082 0.389331 
-0.166264 0.389331 1.00487 
0.809278 -0.0961751 -0.176109 
-0.0961751 0.498768 0.395649 
-0.176109 0.395649 1.00866 
0.833524 -0.116298 -0.188261 
-0.116298 0.52173 0.404729 
-0.188261 0.404729 1.01761 
0.865144 -0.139801 -0.203017 
-0.139801 0.550401 0.417011 
-0.203017 0.417011 1.03265 
0.905082 -0.16699 -0.220659 
-0.16699 0.585452 0.432927 
-0.220659 0.432927 1.05474 
0.954214 -0.198132 -0.241442 
-0.198132 0.627502 0.452878 
-0.241442 0.452878 1.08476 
1.0133 -0.233442 -0.265583 
-0.233442 0.677075 0.477218 
-0.265583 0.477218 1.1235 
1.08295 -0.273061 -0.29324 
-0.273061 0.734577 0.506229 
-0.29324 0.506229 1.17164 
1.16354 -0.317045 -0.324502 
-0.317045 0.800252 0.540101 
-0.324502 0.540101 1.22965 
1.25523 -0.365352 -0.359377 
-0.365352 0.874161 0.578914 
-0.359377 0.578914 1.29777 
1.35786 -0.417828 -0.39778 
-0.417828 0.956156 0.622624 
-0.39778 0.622624 1.37602 
1.47102 -0.474206 -0.43953 
-0.474206 1.04587 0.671052 
-0.43953 0.671052 1.46411 
1.59393 -0.534102 -0.484348 
-0.534102 1.14269 0.723879 
-0.484348 0.723879 1.56146 
1.72557 -0.597027 -0.53186 
-0.597027 1.24583 0.780655 
-0.53186 0.780655 1.66724 
1.8646 -0.662386 -0.581603 
-0.662386 1.35424 0.8408 
-0.581603 0.8408 1.78032 
2.00944 -0.729504 -0.633042 
-0.729504 1.46674 0.903627 
-0.633042 0.903627 1.89936 
2.15833 -0.797637 -0.685577 
-0.797637 1.58199 0.968354 
-0.685577 0.968354 2.02279 
2.30933 -0.865993 -0.738566 
-0.865993 1.69853 1.03413 
-0.738566 1.03413 2.14892 
2.46041 -0.933753 -0.791339 
-0.933753 1.81485 1.10007 
-0.791339 1.10007 2.27593 
2.60951 -1.00009 -0.843214 
-1.00009 1.92941 1.16524 
-0.843214 1.16524 2.40198 
2.75457 -1.0642 -0.893518 
-1.0642 2.04067 1.22874 
-0.893518 1.22874 2.52519 
2.89356 -1.12528 -0.941596 
-1.12528 2.14713 1.28968 
-0.941596 1.28968 2.64373 
3.02456 -1.18259 -0.986825 
-1.18259 2.24739 1.3472 
-0.986825 1.3472 2.75586 
3.14578 -1.23545 -1.02862 
-1.23545 2.34009 1.40049 
-1.02862 1.40049 2.85993 
3.25553 -1.28322 -1.06646 
-1.28322 2.42403 1.44884 
-1.06646 1.44884 2.95442 
3.35234 -1.32534 -1.09986 
-1.32534 2.4981 1.49157 
-1.09986 1.49157 3.03795 
3.43486 -1.3613 -1.1284 
-1.3613 2.56133 1.5281 
-1.1284 1.5281 3.1093 
3.50194 -1.39067 -1.15171 
-1.39067 2.61288 1.55793 
-1.15171 1.55793 3.16743 
3.55262 -1.41311 -1.16951 
-1.41311 2.65205 1.58063 
-1.16951 1.58063 3.21144 
3.58612 -1.42833 -1.18153 
-1.42833 2.67827 1.59587 
-1.18153 1.59587 3.24064 
3.60184 -1.43612 -1.18762 
-1.43612 2.69113 1.6034 
-1.18762 1.6034 3.2545 
3.5994 -1.43634 -1.18765 
-1.43634 2.69037 1.60307 
-1.18765 1.60307 3.25268 
3.57861 -1.42894 -1.18159 
-1.42894 2.67585 1.59481 
-1.18159 1.59481 3.23504 
3.5395 -1.41396 -1.16946 
-1.41396 2.64763 1.57867 
-1.16946 1.57867 3.20163 
3.48234 -1.3915 -1.15136 
-1.3915 2.60593 1.55478 
-1.15136 1.55478 3.15272 
3.40761 -1.36179 -1.12748 
-1.36179 2.55113 1.5234 
-1.12748 1.5234 3.08883 
3.3161 -1.32513 -1.09809 
-1.32513 2.48385 1.4849 
-1.09809 1.4849 3.01069 
3.20884 -1.28196 -1.06353 
-1.28196 2.40487 1.43978 
-1.06353 1.43978 2.91931 
3.08713 -1.23279 -1.02428 
-1.23279 2.31519 1.38866 
-1.02428 1.38866 2.81593 
2.95259 -1.17828 -0.980863 
-1.17828 2.21605 1.33229 
-0.980863 1.33229 2.70207 
2.8071 -1.11918 -0.933921 
-1.11918 2.10886 1.27153 
-0.933921 1.27153 2.57948 
2.65277 -1.05634 -0.88417 
-1.05634 1.99522 1.20737 
-0.88417 1.20737 2.45014 
2.49196 -0.990711 -0.832397 
-0.990711 1.87693 1.14087 
-0.832397 1.14087 2.31623 
2.32719 -0.923301 -0.779443 
-0.923301 1.75586 1.07319 
-0.779443 1.07319 2.18003 
2.16106 -0.855164 -0.726178 
-0.855164 1.63398 1.00547 
-0.726178 1.00547 2.04392 
1.99623 -0.787364 -0.673476 
-0.787364 1.51328 0.938912 
-0.673476 0.938912 1.91027 
1.83525 -0.720937 -0.622183 
-0.720937 1.39565 0.874625 
-0.622183 0.874625 1.78134 
1.68052 -0.656861 -0.573089 
-0.656861 1.2829 0.813651 
-0.573089 0.813651 1.65924 
1.53419 -0.596011 -0.526893 
-0.596011 1.17661 0.756898 
-0.526893 0.756898 1.54579 
1.39807 -0.539133 -0.484179 
-0.539133 1.07812 0.705114 
-0.484179 0.705114 1.44248 
1.27358 -0.48682 -0.4454 
-0.48682 0.988467 0.658856 
-0.4454 0.658856 1.35044 
1.1617 -0.439487 -0.410857 
-0.439487 0.908344 0.618472 
-0.410857 0.618472 1.27034 
1.06296 -0.397377 -0.380703 
-0.397377 0.838118 0.584107 
-0.380703 0.584107 1.20246 
0.977469 -0.360555 -0.354945 
-0.360555 0.777827 0.555704 
-0.354945 0.555704 1.14668 
0.904917 -0.328931 -0.33346 
-0.328931 0.727209 0.533032 
-0.33346 0.533032 1.10249 
0.844672 -0.302277 -0.316012 
-0.302277 0.685753 0.515708 
-0.316012 0.515708 1.06911 
0.795831 -0.280253 -0.302278 
-0.280253 0.652746 0.503238 
-0.302278 0.503238 1.04552 
0.757298 -0.262444 -0.291874 
-0.262444 0.627338 0.495052 
-0.291874 0.495052 1.03055 
0.727863 -0.248383 -0.284382 
-0.248383 0.608595 0.490539 
-0.284382 0.490539 1.02295 
0.706271 -0.237582 -0.27937 
-0.237582 0.595556 0.489084 
-0.27937 0.489084 1.02147 
0.691283 -0.229555 -0.276419 
-0.229555 0.587277 0.490089 
-0.276419 0.490089 1.02488 
0.681721 -0.223839 -0.275129 
-0.223839 0.582864 0.493 
-0.275129 0.493 1.03205 
0.676506 -0.220006 -0.275139 
-0.220006 0.581502 0.497318 
-0.275139 0.497318 1.04199 
0.674674 -0.217669 -0.27613 
-0.217669 0.582469 0.50261 
-0.27613 0.50261 1.05379 
0.675392 -0.216494 -0.277826 
-0.216494 0.585142 0.508508 
-0.277826 0.508508 1.06673 
0.677955 -0.216194 -0.279998 
-0.216194 0.588999 0.514713 
-0.279998 0.514713 1.0802 
0.681784 -0.216532 -0.28246 
-0.216532 0.593615 0.520986 
-0.28246 0.520986 1.09372 
0.686413 -0.217314 -0.285063 
-0.217314 0.598649 0.527146 
-0.285063 0.527146 1.10693 
0.691477 -0.218386 -0.287695 
-0.218386 0.603841 0.53306 
-0.287695 0.53306 1.11956 
0.696698 -0.219629 -0.290273 
-0.219629 0.608994 0.538636 
-0.290273 0.538636 1.13143 
0.701874 -0.220951 -0.292738 
-0.220951 0.61397 0.543816 
-0.292738 0.543816 1.14243 
0.70686 -0.222287 -0.29505 
-0.222287 0.618672 0.548569 
-0.29505 0.548569 1.15251 
0.71156 -0.22359 -0.297186 
-0.22359 0.623041 0.552885 
-0.297186 0.552885 1.16164 
0.715915 -0.224828 -0.299136 
-0.224828 0.627045 0.556767 
-0.299136 0.556767 1.16985 
0.719896 -0.225981 -0.300896 
-0.225981 0.630673 0.560233 
-0.300896 0.560233 1.17717 
0.723493 -0.227038 -0.30247 
-0.227038 0.633929 0.563305 
-0.30247 0.563305 1.18366 
0.726711 -0.227995 -0.303868 
-0.227995 0.636826 0.566012 
-0.303868 0.566012 1.18936 
0.729567 -0.228853 -0.305101 
-0.228853 0.639385 0.568384 
-0.305101 0.568384 1.19436 
0.732082 -0.229614 -0.306181 
-0.229614 0.641631 0.570451 
-0.306181 0.570451 1.19872 
0.734284 -0.230284 -0.307122 
-0.230284 0.64359 0.572244 
-0.307122 0.572244 1.20249 
0.736198 -0.230869 -0.307938 
-0.230869 0.645289 0.573792 
-0.307938 0.573792 1.20575 
0.737851 -0.231377 -0.30864 
-0.231377 0.646754 0.575122 
-0.30864 0.575122 1.20855 
0.739268 -0.231814 -0.30924 
-0.231814 0.648007 0.576255 
-0.30924 0.576255 1.21093 
0.74047 -0.232185 -0.309748 
-0.232185 0.649069 0.577213 
-0.309748 0.577213 1.21295 
0.741475 -0.232496 -0.310172 
-0.232496 0.649955 0.578011 
-0.310172 0.578011 1.21463 
0.742292 -0.23275 -0.310517 
-0.23275 0.650675 0.578658 
-0.310517 0.578658 1.21599 
0.742924 -0.232946 -0.310783 
-0.232946 0.651232 0.579159 
-0.310783 0.579159 1.21704 
0.743365 -0.233083 -0.310969 
-0.233083 0.651621 0.579508 
-0.310969 0.579508 1.21778 
0.743593 -0.233153 -0.311065 
-0.233153 0.651821 0.579688 
-0.311065 0.579688 1.21816 
0.743567 -0.233144 -0.311055 
-0.233144 0.651799 0.57967 
-0.311055 0.57967 1.21812 
0.743226 -0.233035 -0.310911 
-0.233035 0.651499 0.579404 
-0.310911 0.579404 1.21756 
0.742474 -0.232797 -0.310595 
-0.232797 0.650836 0.578814 
-0.310595 0.578814 1.21632 
0.741179 -0.232386 -0.310048 
-0.232386 0.64969 0.577793 
-0.310048 0.577793 1.21418 
0.739158 -0.231741 -0.309191 
-0.231741 0.647898 0.576194 
-0.309191 0.576194 1.21082 
0.736173 -0.230783 -0.307919 
-0.230783 0.645238 0.573818 
-0.307919 0.573818 1.20583 
0.731926 -0.229407 -0.306095 
-0.229407 0.641426 0.570405 
-0.306095 0.570405 1.19866 
0.726058 -0.227479 -0.303547 
-0.227479 0.636106 0.56563 
-0.303547 0.56563 1.18864 
0.718174 -0.224837 -0.300068 
-0.224837 0.628854 0.559095 
-0.300068 0.559095 1.17494 
0.707878 -0.221289 -0.29542 
-0.221289 0.619189 0.550339 
-0.29542 0.550339 1.15659 
0.694857 -0.216624 -0.289352 
-0.216624 0.606609 0.538858 
-0.289352 0.538858 1.13256 
0.678997 -0.210622 -0.281621 
-0.210622 0.590645 0.524143 
-0.281621 0.524143 1.10181 
0.660556 -0.203081 -0.272033 
-0.203081 0.57096 0.50575 
-0.272033 0.50575 1.06345 
0.640359 -0.193851 -0.260497 
-0.193851 0.547453 0.483386 
-0.260497 0.483386 1.01693 
0.619986 -0.182868 -0.247079 
-0.182868 0.520394 0.45701 
-0.247079 0.45701 0.962266 
0.601871 -0.1702 -0.232056 
-0.1702 0.490524 0.426929 
-0.232056 0.426929 0.900207 
0.589241 -0.156068 -0.215935 
-0.156068 0.459085 0.393851 
-0.215935 0.393851 0.832378 
0.585814 -0.140847 -0.199431 
-0.140847 0.427759 0.358873 
-0.199431 0.358873 0.761212 
0.595266 -0.125043 -0.18339 
-0.125043 0.398466 0.323378 
-0.18339 0.323378 0.689725 
0.620561 -0.109224 -0.16867 
-0.109224 0.373088 0.288858 
-0.16867 0.288858 0.621109 
0.66334 -0.0939543 -0.156007 
-0.0939543 0.353158 0.2567 
-0.156007 0.2567 0.558273 
0.723546 -0.0797123 -0.145909 
-0.0797123 0.339622 0.227997 
-0.145909 0.227997 0.503429 
0.799418 -0.0668453 -0.138596 
-0.0668453 0.332738 0.20343 
-0.138596 0.20343 0.45786 
0.887828 -0.0555471 -0.134011 
-0.0555471 0.332113 0.183241 
-0.134011 0.183241 0.421883 
0.984839 -0.0458682 -0.131876 
-0.0458682 0.336871 0.167296 
-0.131876 0.167296 0.395003 
1.08631 -0.0377462 -0.131776 
-0.0377462 0.345855 0.155191 
-0.131776 0.155191 0.376164 
1.18839 -0.0310436 -0.133239 
-0.0310436 0.357833 0.146366 
-0.133239 0.146366 0.364015 
1.28785 -0.0255837 -0.135806 
-0.0255837 0.371648 0.140212 
-0.135806 0.140212 0.357141 
1.38222 -0.0211792 -0.139068 
-0.0211792 0.386309 0.136146 
-0.139068 0.136146 0.354213 
1.46979 -0.017651 -0.142689 
-0.017651 0.401032 0.133649 
-0.142689 0.133649 0.354086 
1.5495 -0.0148385 -0.146412 
-0.0148385 0.415235 0.132288 
-0.146412 0.132288 0.355822 
1.62085 -0.0126047 -0.150046 
-0.0126047 0.428514 0.131718 
-0.150046 0.131718 0.358688 
1.6837 -0.010836 -0.153459 
-0.010836 0.44061 0.13167 
-0.153459 0.13167 0.362135 
1.73818 -0.00944085 -0.156565 
-0.00944085 0.451372 0.131943 
-0.156565 0.131943 0.365763 
1.78458 -0.00834648 -0.15931 
-0.00834648 0.460726 0.13239 
-0.15931 0.13239 0.369289 
1.82327 -0.00749627 -0.161665 
-0.00749627 0.468649 0.132905 
-0.161665 0.132905 0.372516 
1.85463 -0.00684678 -0.163616 
-0.00684678 0.47515 0.133413 
-0.163616 0.133413 0.375315 
1.879 -0.00636536 -0.165158 
-0.00636536 0.480251 0.133862 
-0.165158 0.133862 0.3776 
1.89671 -0.0060282 -0.166291 
-0.0060282 0.483982 0.134216 
-0.166291 0.134216 0.379318 
1.90799 -0.00581892 -0.167019 
-0.00581892 0.486368 0.134454 
-0.167019 0.134454 0.380437 
1.91298 -0.00572743 -0.167342 
-0.00572743 0.487428 0.134563 
-0.167342 0.134563 0.380939 
1.91178 -0.00574939 -0.167264 
-0.00574939 0.487172 0.134536 
-0.167264 0.134536 0.380817 
1.90434 -0.00588582 -0.166783 
-0.00588582 0.485596 0.134376 
-0.166783 0.134376 0.380072 
1.89058 -0.00614327 -0.165897 
-0.00614327 0.482688 0.13409 
-0.165897 0.13409 0.378716 
1.87031 -0.00653415 -0.164605 
-0.00653415 0.478426 0.133695 
-0.164605 0.133695 0.376771 
1.84325 -0.00707759 -0.162903 
-0.00707759 0.472782 0.133218 
-0.162903 0.133218 0.374277 
1.80908 -0.00780063 -0.160793 
-0.00780063 0.465728 0.132699 
-0.160793 0.132699 0.371297 
1.76743 -0.00873985 -0.158283 
-0.00873985 0.457245 0.132199 
-0.158283 0.132199 0.367933 
