4,183
1 0.562509 8.84374 -1.90549 
2 0.530154 8.07835 -1.70426 
3 0.497331 7.2924 -1.49888 
4 0.464168 6.4918 -1.29074 
5 0.430695 5.6794 -1.08065 
6 0.396839 4.85597 -0.869146 
7 0.362393 4.02091 -0.65682 
8 0.326934 3.17344 -0.444908 
9 0.289725 2.31585 -0.236594 
10 0.249691 1.46177 -0.0396783 
11 0.205829 0.652794 0.1294 
12 0.158656 -0.0250361 0.24447 
13 0.112233 -0.464157 0.28255 
14 0.0733577 -0.625713 0.249799 
15 0.0463996 -0.593113 0.183795 
16 0.0305929 -0.490939 0.120571 
17 0.022854 -0.394085 0.0740887 
18 0.0207531 -0.323055 0.0430518 
19 0.023185 -0.273951 0.0220673 
20 0.0300022 -0.238109 0.00666918 
21 0.0415954 -0.208745 -0.00577952 
22 0.0585869 -0.181843 -0.0164692 
23 0.0815224 -0.155552 -0.025644 
24 0.110451 -0.129552 -0.0329751 
25 0.144404 -0.104623 -0.0378645 
26 0.181033 -0.0822408 -0.0397713 
27 0.216847 -0.0639877 -0.038549 
28 0.248255 -0.0508591 -0.0346287 
29 0.272891 -0.042835 -0.0288941 
30 0.29028 -0.0390093 -0.022324 
31 0.301493 -0.0381029 -0.0156732 
32 0.308289 -0.0389471 -0.00936192 
33 0.312389 -0.0407095 -0.00354209 
34 0.315134 -0.0428943 0.00178178 
35 0.317439 -0.0452499 0.00665629 
36 0.319885 -0.0476706 0.0111269 
37 0.322829 -0.0501273 0.0152193 
38 0.326494 -0.0526286 0.018938 
39 0.331033 -0.055201 0.0222719 
40 0.336556 -0.0578816 0.0252013 
41 0.343153 -0.0607151 0.0277031 
42 0.350893 -0.0637531 0.0297554 
43 0.359823 -0.0670537 0.0313412 
44 0.369968 -0.0706806 0.0324512 
45 0.381319 -0.0747012 0.033087 
46 0.39383 -0.0791838 0.0332629 
47 0.407411 -0.0841949 0.0330082 
48 0.421928 -0.0897938 0.0323675 
49 0.437198 -0.0960294 0.0314007 
50 0.453001 -0.102935 0.0301811 
51 0.469081 -0.110524 0.0287918 
52 0.485164 -0.11879 0.0273215 
53 0.500971 -0.127704 0.0258587 
54 0.516236 -0.137215 0.0244862 
55 0.530718 -0.147256 0.0232759 
56 0.544216 -0.157745 0.0222846 
57 0.556576 -0.168594 0.0215514 
58 0.567695 -0.179711 0.021097 
59 0.577521 -0.191006 0.0209239 
60 0.586044 -0.202396 0.0210187 
61 0.593295 -0.213808 0.0213548 
62 0.599333 -0.225179 0.0218952 
63 0.604237 -0.236457 0.0225957 
64 0.6081 -0.247602 0.0234081 
65 0.61102 -0.258586 0.0242822 
66 0.613097 -0.26939 0.0251678 
67 0.614426 -0.280003 0.0260164 
68 0.615095 -0.290426 0.0267818 
69 0.615187 -0.300662 0.0274208 
70 0.614775 -0.310727 0.0278936 
71 0.613922 -0.320639 0.0281641 
72 0.612688 -0.330428 0.0281997 
73 0.611123 -0.340128 0.0279718 
74 0.609273 -0.349784 0.0274563 
75 0.607179 -0.359449 0.026634 
76 0.60488 -0.369185 0.025492 
77 0.602408 -0.379061 0.0240258 
78 0.599795 -0.38915 0.0222412 
79 0.597063 -0.399526 0.0201578 
80 0.594225 -0.410256 0.017812 
81 0.591279 -0.421389 0.0152605 
82 0.588204 -0.432943 0.0125826 
83 0.584954 -0.444896 0.0098806 
84 0.581454 -0.45717 0.00727718 
85 0.577598 -0.469623 0.00490897 
86 0.573258 -0.482051 0.00291615 
87 0.568283 -0.4942 0.00142858 
88 0.562525 -0.505777 0.000550881 
89 0.555842 -0.516487 0.000348774 
90 0.548124 -0.526056 0.000839811 
91 0.539301 -0.534263 0.00198988 
92 0.529349 -0.540959 0.00371628 
93 0.518296 -0.546076 0.00589599 
94 0.506216 -0.549627 0.00837719 
95 0.493219 -0.551699 0.0109917 
96 0.479446 -0.552436 0.0135665 
97 0.465058 -0.552026 0.0159338 
98 0.450227 -0.550684 0.0179383 
99 0.435131 -0.548639 0.0194436 
100 0.419946 -0.546122 0.0203367 
101 0.404848 -0.543361 0.0205327 
102 0.39 -0.540565 0.0199786 
103 0.375555 -0.537926 0.0186573 
104 0.361647 -0.535604 0.0165914 
105 0.348388 -0.533726 0.0138445 
106 0.335859 -0.532379 0.0105213 
107 0.324111 -0.531605 0.00676379 
108 0.313156 -0.5314 0.00274338 
109 0.302972 -0.531715 -0.00135009 
110 0.293503 -0.532466 -0.00532279 
111 0.284665 -0.533538 -0.00899202 
112 0.276361 -0.534799 -0.0122 
113 0.268482 -0.536113 -0.0148243 
114 0.260927 -0.537349 -0.0167841 
115 0.253605 -0.53839 -0.0180402 
116 0.246444 -0.539139 -0.0185918 
117 0.23939 -0.539517 -0.0184696 
118 0.232413 -0.539468 -0.0177279 
119 0.225499 -0.53895 -0.0164361 
120 0.218654 -0.537934 -0.0146723 
121 0.21189 -0.536403 -0.0125176 
122 0.205233 -0.534344 -0.0100532 
123 0.198709 -0.531753 -0.0073586 
124 0.192347 -0.52863 -0.00451141 
125 0.186175 -0.524981 -0.00158773 
126 0.180218 -0.520819 0.00133677 
127 0.174495 -0.516169 0.00418584 
128 0.169017 -0.511066 0.00688211 
129 0.163789 -0.505562 0.00934694 
130 0.158805 -0.499721 0.0115011 
131 0.15405 -0.493625 0.0132664 
132 0.149497 -0.48737 0.0145676 
133 0.145108 -0.481066 0.0153353 
134 0.140834 -0.474831 0.0155095 
135 0.136611 -0.46879 0.0150427 
136 0.132365 -0.463067 0.0139038 
137 0.128007 -0.457779 0.0120812 
138 0.123434 -0.453031 0.00958612 
139 0.11853 -0.448905 0.00645578 
140 0.113165 -0.445456 0.00275578 
141 0.107195 -0.4427 -0.00141733 
142 0.100473 -0.440606 -0.00593419 
143 0.0928502 -0.439081 -0.0106318 
144 0.0841986 -0.437962 -0.0153146 
145 0.0744299 -0.437006 -0.0197594 
146 0.0635273 -0.435884 -0.0237256 
147 0.0515805 -0.434185 -0.0269725 
148 0.0388189 -0.431436 -0.0292849 
149 0.0256332 -0.427145 -0.0305043 
150 0.012571 -0.420855 -0.0305605 
151 0.00029964 -0.41221 -0.029496 
152 -0.0104656 -0.401019 -0.0274722 
153 -0.0190544 -0.387295 -0.0247538 
154 -0.0249318 -0.371251 -0.0216723 
155 -0.0277623 -0.353263 -0.0185773 
156 -0.0274322 -0.333809 -0.01579 
157 -0.0240316 -0.313398 -0.013569 
158 -0.017807 -0.292508 -0.0120932 
159 -0.00910387 -0.271549 -0.0114614 
160 0.0016878 -0.250842 -0.0117029 
161 0.0141743 -0.23062 -0.0127922 
162 0.0279817 -0.211031 -0.0146629 
163 0.0427594 -0.192152 -0.0172142 
164 0.0581557 -0.173989 -0.0203042 
165 0.0737471 -0.156477 -0.023722 
166 0.0888869 -0.139493 -0.0271289 
167 0.102433 -0.122902 -0.0299676 
168 0.112378 -0.106711 -0.0313788 
169 0.115646 -0.0913844 -0.0302615 
170 0.108734 -0.0781823 -0.0257127 
171 0.0897861 -0.0690706 -0.0178695 
172 0.0608976 -0.0657377 -0.00843099 
173 0.0277163 -0.0683931 8.16099e-05 
174 -0.00390819 -0.0756997 0.00579291 
175 -0.0306298 -0.0857947 0.00815047 
176 -0.0517074 -0.097181 0.0075478 
177 -0.0678063 -0.108963 0.00470174 
178 -0.0799794 -0.120706 0.000285665 
179 -0.0891797 -0.132242 -0.00518244 
180 -0.0961182 -0.143534 -0.0113297 
181 -0.101268 -0.154614 -0.017881 
182 -0.104909 -0.16556 -0.0246039 
183 -0.10718 -0.176517 -0.0312468 
