4,183
1 -0.03103 0.083051 -0.121693 
2 0.021183 1.0511 -0.258741 
3 0.0733056 2.04586 -0.400143 
4 0.126063 3.06018 -0.545178 
5 0.180634 4.09396 -0.694653 
6 0.239336 5.15209 -0.851191 
7 0.306782 6.24044 -1.01997 
8 0.390962 7.3493 -1.20838 
9 0.500035 8.40483 -1.41867 
10 0.626107 9.21985 -1.62739 
11 0.732088 9.63033 -1.78342 
12 0.788275 9.73752 -1.86513 
13 0.803344 9.75882 -1.89923 
14 0.797773 9.79715 -1.91453 
15 0.783889 9.86321 -1.92354 
16 0.767005 9.94422 -1.92918 
17 0.749736 10.028 -1.93091 
18 0.734463 10.1049 -1.92685 
19 0.724659 10.1655 -1.9144 
20 0.725571 10.199 -1.89101 
21 0.743545 10.1956 -1.856 
22 0.782743 10.1542 -1.81315 
23 0.840779 10.0878 -1.77083 
24 0.908907 10.0181 -1.73729 
25 0.978065 9.96091 -1.71557 
26 1.04364 9.92018 -1.7037 
27 1.10511 9.89238 -1.69807 
28 1.16365 9.87244 -1.69573 
29 1.22054 9.85657 -1.69494 
30 1.27661 9.84256 -1.69478 
31 1.33234 9.82931 -1.69487 
32 1.38792 9.81635 -1.69505 
33 1.44346 9.8035 -1.69526 
34 1.49898 9.79067 -1.69548 
35 1.5545 9.77786 -1.6957 
36 1.61001 9.76506 -1.69593 
37 1.66551 9.75227 -1.69615 
38 1.721 9.73949 -1.69638 
39 1.77649 9.72674 -1.69662 
40 1.83195 9.71402 -1.69686 
41 1.8874 9.70136 -1.69712 
42 1.94283 9.68877 -1.69741 
43 1.99823 9.67631 -1.69772 
44 2.05364 9.664 -1.69808 
45 2.10907 9.65192 -1.69851 
46 2.16461 9.64013 -1.69904 
47 2.2204 9.62871 -1.6997 
48 2.27669 9.61775 -1.70053 
49 2.33389 9.60728 -1.70159 
50 2.39268 9.5973 -1.70292 
51 2.45404 9.58768 -1.70456 
52 2.51935 9.57806 -1.70653 
53 2.59041 9.56783 -1.70878 
54 2.6693 9.55603 -1.7112 
55 2.75808 9.54137 -1.71358 
56 2.85831 9.5224 -1.7156 
57 2.97056 9.49778 -1.71692 
58 3.09399 9.4666 -1.7172 
59 3.22648 9.42865 -1.7162 
60 3.36507 9.38445 -1.71384 
61 3.50663 9.33506 -1.71017 
62 3.6485 9.28176 -1.70536 
63 3.78876 9.22584 -1.69962 
64 3.92626 9.16835 -1.69319 
65 4.0605 9.11013 -1.68625 
66 4.19143 9.05174 -1.67895 
67 4.31926 8.99355 -1.67141 
68 4.44433 8.93582 -1.66371 
69 4.56702 8.87871 -1.65589 
70 4.68771 8.82235 -1.64797 
71 4.80671 8.76687 -1.63994 
72 4.92434 8.71241 -1.63179 
73 5.04083 8.6591 -1.62347 
74 5.15641 8.60704 -1.61491 
75 5.27129 8.55624 -1.60603 
76 5.38565 8.50642 -1.59674 
77 5.49974 8.45679 -1.58697 
78 5.61381 8.40586 -1.5767 
79 5.72817 8.35123 -1.56603 
80 5.8431 8.28986 -1.55524 
81 5.95882 8.21886 -1.54472 
82 6.0754 8.1366 -1.53494 
83 6.19273 8.04332 -1.52621 
84 6.3106 7.94101 -1.51869 
85 6.42878 7.83245 -1.51228 
86 6.54711 7.7203 -1.5068 
87 6.66553 7.60654 -1.50205 
88 6.78403 7.49243 -1.49787 
89 6.90266 7.37861 -1.49416 
90 7.02152 7.26536 -1.49092 
91 7.14068 7.15275 -1.48826 
92 7.26021 7.04075 -1.48635 
93 7.38011 6.92934 -1.48554 
94 7.50023 6.81854 -1.48627 
95 7.62017 6.70849 -1.48916 
96 7.73912 6.59951 -1.49491 
97 7.85565 6.49212 -1.5042 
98 7.96758 6.38704 -1.51739 
99 8.07218 6.28507 -1.53412 
100 8.16664 6.18683 -1.55293 
101 8.24921 6.09236 -1.57127 
102 8.32005 6.00096 -1.58608 
103 8.38141 5.91125 -1.59479 
104 8.43684 5.82166 -1.59619 
105 8.48984 5.7308 -1.59052 
106 8.54307 5.63777 -1.57905 
107 8.59801 5.54205 -1.56347 
108 8.65519 5.44343 -1.5455 
109 8.71451 5.34183 -1.52665 
110 8.77546 5.23723 -1.50824 
111 8.83735 5.12965 -1.4914 
112 8.89936 5.01915 -1.47707 
113 8.96061 4.90594 -1.46601 
114 9.02026 4.79039 -1.45872 
115 9.07755 4.6731 -1.45535 
116 9.13193 4.55489 -1.45561 
117 9.18312 4.4367 -1.45879 
118 9.23125 4.31944 -1.46388 
119 9.27669 4.20382 -1.46973 
120 9.32004 4.09024 -1.4753 
121 9.36196 3.97879 -1.47981 
122 9.40302 3.86926 -1.48284 
123 9.44367 3.76126 -1.48428 
124 9.48416 3.65435 -1.48426 
125 9.52465 3.5481 -1.48305 
126 9.56515 3.44216 -1.48098 
127 9.60562 3.33625 -1.47841 
128 9.64596 3.23019 -1.47567 
129 9.68606 3.12386 -1.47306 
130 9.72578 3.01725 -1.4709 
131 9.76496 2.91039 -1.46944 
132 9.80343 2.80338 -1.46895 
133 9.841 2.69638 -1.46965 
134 9.87748 2.58958 -1.47176 
135 9.91268 2.48325 -1.47545 
136 9.94638 2.37766 -1.48087 
137 9.97841 2.27311 -1.48808 
138 10.0086 2.16993 -1.49708 
139 10.0367 2.06842 -1.50779 
140 10.0628 1.96886 -1.52003 
141 10.0867 1.87148 -1.53355 
142 10.1083 1.77645 -1.54798 
143 10.1279 1.68387 -1.5629 
144 10.1454 1.59378 -1.57783 
145 10.161 1.50614 -1.59226 
146 10.1748 1.42084 -1.60569 
147 10.1871 1.33777 -1.61761 
148 10.198 1.25675 -1.62759 
149 10.2078 1.17766 -1.63526 
150 10.2167 1.10036 -1.64033 
151 10.2248 1.02478 -1.6426 
152 10.2323 0.950892 -1.642 
153 10.2393 0.878732 -1.63853 
154 10.2459 0.808391 -1.63231 
155 10.2523 0.740011 -1.62357 
156 10.2585 0.673774 -1.6126 
157 10.2645 0.609885 -1.59977 
158 10.2704 0.548554 -1.5855 
159 10.2762 0.489978 -1.57024 
160 10.2819 0.434324 -1.55447 
161 10.2876 0.381715 -1.53864 
162 10.2932 0.332218 -1.52319 
163 10.2987 0.28584 -1.50854 
164 10.3043 0.242524 -1.49506 
165 10.3097 0.202148 -1.48304 
166 10.3152 0.164531 -1.47276 
167 10.3206 0.129438 -1.46441 
168 10.3261 0.096588 -1.45814 
169 10.3315 0.0656596 -1.45405 
170 10.3369 0.0363005 -1.45218 
171 10.3424 0.00813423 -1.45255 
172 10.348 -0.0192338 -1.45513 
173 10.3536 -0.0462101 -1.45987 
174 10.3593 -0.0732082 -1.46669 
175 10.3651 -0.100644 -1.47549 
176 10.371 -0.128933 -1.48615 
177 10.377 -0.158484 -1.49853 
178 10.3832 -0.189696 -1.5125 
179 10.3896 -0.222954 -1.52789 
180 10.3962 -0.258623 -1.54454 
181 10.403 -0.297042 -1.56226 
182 10.41 -0.338517 -1.58087 
183 10.4172 -0.383311 -1.60017 
