4,249
1 0.362542 9.09623 -0.802982 
2 0.328622 8.35489 -0.73308 
3 0.291427 7.50585 -0.651754 
4 0.252467 6.59622 -0.563931 
5 0.212543 5.65011 -0.472115 
6 0.17212 4.67957 -0.377517 
7 0.131546 3.6902 -0.280627 
8 0.0912461 2.68532 -0.181618 
9 0.0520663 1.67422 -0.0811639 
10 0.0159666 0.69591 0.0171314 
11 -0.0132446 -0.133323 0.101645 
12 -0.0317709 -0.622316 0.152407 
13 -0.0417483 -0.710673 0.162156 
14 -0.0502755 -0.594472 0.1506 
15 -0.060873 -0.466834 0.138125 
16 -0.0728626 -0.380117 0.130654 
17 -0.0847622 -0.322995 0.127213 
18 -0.0954791 -0.27912 0.126136 
19 -0.104178 -0.23936 0.12647 
20 -0.109978 -0.200016 0.127868 
21 -0.111773 -0.160224 0.130312 
22 -0.10824 -0.120671 0.133925 
23 -0.0982147 -0.0832614 0.13879 
24 -0.0816012 -0.0509249 0.144723 
25 -0.0604734 -0.0267478 0.151074 
26 -0.0390982 -0.0122221 0.156838 
27 -0.0219118 -0.0060382 0.16116 
28 -0.0110823 -0.00499463 0.16379 
29 -0.00612038 -0.00605048 0.165032 
30 -0.00525974 -0.0074432 0.165376 
31 -0.0067765 -0.0085398 0.165228 
32 -0.00949476 -0.00927972 0.16484 
33 -0.012757 -0.00977409 0.164341 
34 -0.0162425 -0.0101333 0.163789 
35 -0.0198104 -0.0104259 0.163207 
36 -0.0234041 -0.0106853 0.162599 
37 -0.0270017 -0.0109243 0.161964 
38 -0.0305944 -0.0111458 0.161299 
39 -0.0341771 -0.0113482 0.160595 
40 -0.0377455 -0.0115276 0.159846 
41 -0.0412943 -0.0116786 0.159042 
42 -0.0448171 -0.0117946 0.158173 
43 -0.0483054 -0.0118675 0.157224 
44 -0.0517484 -0.0118875 0.156182 
45 -0.0551324 -0.0118432 0.15503 
46 -0.0584404 -0.0117209 0.153747 
47 -0.0616508 -0.0115048 0.152313 
48 -0.0647376 -0.0111767 0.150705 
49 -0.0676689 -0.0107157 0.148895 
50 -0.0704065 -0.0100989 0.146859 
51 -0.0729055 -0.0093009 0.144567 
52 -0.0751137 -0.0082948 0.141992 
53 -0.0769719 -0.00705279 0.139108 
54 -0.0784141 -0.00554734 0.135893 
55 -0.0793694 -0.00375265 0.13233 
56 -0.0797633 -0.00164658 0.128408 
57 -0.079521 0.000787316 0.124127 
58 -0.0785709 0.00355749 0.119497 
59 -0.0768487 0.0066623 0.114543 
60 -0.0743022 0.0100883 0.109302 
61 -0.0708954 0.0138092 0.103823 
62 -0.0666115 0.0177859 0.0981665 
63 -0.0614555 0.0219672 0.0923999 
64 -0.0554543 0.0262925 0.0865943 
65 -0.0486546 0.0306944 0.0808192 
66 -0.0411201 0.0351026 0.0751378 
67 -0.0329264 0.0394474 0.0696022 
68 -0.0241553 0.0436639 0.0642505 
69 -0.0148897 0.0476941 0.0591036 
70 -0.005208 0.0514893 0.0541647 
71 0.00481923 0.055011 0.0494179 
72 0.0151328 0.0582313 0.0448293 
73 0.025686 0.0611319 0.040347 
74 0.0364458 0.0637033 0.0359014 
75 0.0473927 0.0659429 0.0314056 
76 0.0585202 0.0678531 0.0267544 
77 0.0698349 0.069439 0.021823 
78 0.0813566 0.0707058 0.0164651 
79 0.0931187 0.0716552 0.0105106 
80 0.105171 0.0722816 0.00376284 
81 0.117581 0.0725671 -0.00400236 
82 0.130442 0.0724746 -0.0130374 
83 0.143875 0.0719401 -0.0236195 
84 0.158036 0.0708636 -0.0360427 
85 0.173126 0.0690991 -0.0506032 
86 0.189394 0.0664446 -0.0675762 
87 0.207138 0.062635 -0.0871821 
88 0.226706 0.0573398 -0.109544 
89 0.248479 0.0501698 -0.134638 
90 0.272847 0.0406952 -0.162247 
91 0.300179 0.0284776 -0.191921 
92 0.330773 0.0131142 -0.222968 
93 0.364816 -0.00571167 -0.254476 
94 0.402348 -0.0281826 -0.285376 
95 0.443238 -0.0543138 -0.314541 
96 0.487196 -0.0839418 -0.340895 
97 0.533798 -0.116739 -0.363519 
98 0.58253 -0.152253 -0.381726 
99 0.632843 -0.189949 -0.395099 
100 0.684199 -0.229267 -0.40348 
101 0.736099 -0.269656 -0.406934 
102 0.788105 -0.310604 -0.405695 
103 0.839839 -0.351646 -0.4001 
104 0.890967 -0.392363 -0.390544 
105 0.941181 -0.432368 -0.377432 
106 0.990172 -0.471289 -0.361154 
107 1.03759 -0.508741 -0.342071 
108 1.08302 -0.544312 -0.320513 
109 1.12594 -0.577533 -0.29678 
110 1.16571 -0.607871 -0.271162 
111 1.20152 -0.634719 -0.243955 
112 1.23241 -0.657407 -0.215481 
113 1.25727 -0.675233 -0.186115 
114 1.27493 -0.687511 -0.156302 
115 1.2842 -0.693654 -0.126561 
116 1.28405 -0.693263 -0.0974813 
117 1.27375 -0.68623 -0.0696891 
118 1.253 -0.672806 -0.0438018 
119 1.22208 -0.653627 -0.0203642 
120 1.18181 -0.629677 0.000211738 
121 1.13354 -0.602183 0.0176921 
122 1.07892 -0.572469 0.0320372 
123 1.01976 -0.541806 0.0433872 
124 0.957793 -0.511281 0.0520214 
125 0.894518 -0.481722 0.0583059 
126 0.831135 -0.453671 0.0626406 
127 0.768511 -0.427402 0.0654164 
128 0.707204 -0.402964 0.0669859 
129 0.647523 -0.380235 0.067648 
130 0.589588 -0.358978 0.0676436 
131 0.533395 -0.338884 0.0671584 
132 0.478876 -0.319613 0.0663304 
133 0.425939 -0.300816 0.0652581 
134 0.374506 -0.282156 0.0640106 
135 0.324536 -0.263327 0.062635 
136 0.276045 -0.244061 0.061164 
137 0.229115 -0.224144 0.0596227 
138 0.183897 -0.203424 0.0580326 
139 0.140605 -0.181827 0.0564166 
140 0.0995045 -0.15936 0.0548009 
141 0.06089 -0.13612 0.0532169 
142 0.0250542 -0.112297 0.051701 
143 -0.00774674 -0.0881591 0.0502937 
144 -0.0373292 -0.0640373 0.0490363 
145 -0.0636125 -0.0402962 0.0479682 
146 -0.0866378 -0.0173006 0.0471226 
147 -0.106572 0.00461942 0.0465238 
148 -0.123693 0.0251977 0.0461848 
149 -0.138366 0.0442513 0.0461069 
150 -0.151003 0.0616882 0.0462804 
151 -0.162033 0.0775017 0.0466868 
152 -0.171867 0.0917575 0.0473014 
153 -0.180872 0.104574 0.048096 
154 -0.189363 0.116104 0.0490413 
155 -0.197595 0.126515 0.0501092 
156 -0.205764 0.135972 0.0512737 
157 -0.214013 0.144634 0.0525119 
158 -0.222444 0.152638 0.053804 
159 -0.231122 0.160106 0.0551336 
160 -0.240085 0.167135 0.056487 
161 -0.249353 0.173803 0.0578531 
162 -0.25893 0.180169 0.0592227 
163 -0.268814 0.186278 0.0605885 
164 -0.278993 0.192158 0.0619442 
165 -0.289452 0.197829 0.0632847 
166 -0.300173 0.203302 0.0646056 
167 -0.311137 0.208578 0.0659031 
168 -0.322322 0.213655 0.0671736 
169 -0.333705 0.218528 0.068414 
170 -0.345261 0.223188 0.0696215 
171 -0.356966 0.227623 0.0707935 
172 -0.368792 0.231822 0.0719276 
173 -0.380712 0.235773 0.0730217 
174 -0.392696 0.239463 0.0740741 
175 -0.404715 0.242881 0.0750836 
176 -0.416739 0.246016 0.0760495 
177 -0.428737 0.248858 0.0769717 
178 -0.440679 0.2514 0.0778514 
179 -0.452534 0.253634 0.0786908 
180 -0.464274 0.255557 0.0794939 
181 -0.475871 0.257167 0.0802666 
182 -0.4873 0.258465 0.0810176 
183 -0.498539 0.259453 0.0817584 
184 -0.509567 0.260139 0.0825047 
185 -0.52037 0.260531 0.0832767 
186 -0.530936 0.260642 0.0840996 
187 -0.541259 0.260487 0.0850046 
188 -0.551337 0.260085 0.0860291 
189 -0.561173 0.259458 0.0872169 
190 -0.570776 0.258628 0.0886176 
191 -0.580158 0.257619 0.0902856 
192 -0.589336 0.256456 0.0922781 
193 -0.598328 0.255161 0.0946523 
194 -0.60715 0.253751 0.0974608 
195 -0.615821 0.25224 0.100747 
196 -0.62435 0.250628 0.104537 
197 -0.632738 0.248909 0.108836 
198 -0.640978 0.247059 0.113617 
199 -0.649046 0.245039 0.118815 
200 -0.656903 0.242795 0.124324 
201 -0.664491 0.240254 0.129994 
202 -0.671738 0.237332 0.135629 
203 -0.678558 0.233933 0.140997 
204 -0.684852 0.229955 0.145836 
205 -0.690522 0.225299 0.14987 
206 -0.695469 0.219873 0.152823 
207 -0.699603 0.213599 0.154438 
208 -0.702853 0.206418 0.154492 
209 -0.705166 0.198293 0.152807 
210 -0.706513 0.18921 0.149268 
211 -0.706894 0.179176 0.143817 
212 -0.706331 0.16822 0.136468 
213 -0.704872 0.156384 0.127296 
214 -0.702582 0.143724 0.116442 
215 -0.699546 0.130304 0.104111 
216 -0.695855 0.116199 0.0905714 
217 -0.69161 0.101495 0.0761595 
218 -0.686907 0.0862984 0.0612858 
219 -0.681835 0.0707498 0.0464378 
220 -0.676467 0.0550369 0.032177 
221 -0.670849 0.0394109 0.0191199 
222 -0.664998 0.024194 0.00789531 
223 -0.658895 0.00977061 -0.000926527 
224 -0.652493 -0.00344426 -0.00692379 
225 -0.645725 -0.0150587 -0.00990983 
226 -0.638525 -0.0247679 -0.0099839 
227 -0.630846 -0.0324065 -0.00752019 
228 -0.622674 -0.0379716 -0.00309319 
229 -0.614031 -0.0416073 0.00263521 
230 -0.604971 -0.0435618 0.00902793 
231 -0.595565 -0.044133 0.0155532 
232 -0.585894 -0.0436214 0.0218212 
233 -0.576038 -0.0422978 0.0275841 
234 -0.566067 -0.0403878 0.0327132 
235 -0.556041 -0.0380685 0.0371678 
236 -0.546011 -0.0354728 0.0409651 
237 -0.536017 -0.0326973 0.044156 
238 -0.526094 -0.0298107 0.0468077 
239 -0.516272 -0.026861 0.048992 
240 -0.50658 -0.0238819 0.0507785 
241 -0.497046 -0.0208976 0.052231 
242 -0.4877 -0.0179268 0.0534059 
243 -0.478579 -0.0149847 0.0543519 
244 -0.469723 -0.0120861 0.0551103 
245 -0.461185 -0.00924677 0.055716 
246 -0.453028 -0.00648511 0.0561981 
247 -0.445332 -0.00382408 0.0565811 
248 -0.438195 -0.00129293 0.0568853 
249 -0.431742 0.00107051 0.057128 
