4,249
1 0.0964226 1.47777 -0.155322 
2 0.111504 2.05383 -0.196807 
3 0.134734 2.77808 -0.257007 
4 0.162987 3.59302 -0.328706 
5 0.19446 4.46521 -0.407726 
6 0.228096 5.37462 -0.491594 
7 0.26321 6.30737 -0.578655 
8 0.299162 7.24949 -0.667308 
9 0.334951 8.17886 -0.755029 
10 0.368568 9.05293 -0.836857 
11 0.396199 9.79515 -0.903616 
12 0.41233 10.3017 -0.942425 
13 0.412767 10.5041 -0.94409 
14 0.399304 10.4552 -0.913856 
15 0.379077 10.3016 -0.869094 
16 0.358404 10.161 -0.824472 
17 0.339678 10.0705 -0.785123 
18 0.322787 10.0209 -0.750382 
19 0.307 9.99448 -0.718302 
20 0.291751 9.97868 -0.687449 
21 0.276742 9.96706 -0.657069 
22 0.261845 9.95689 -0.626837 
23 0.24702 9.94715 -0.59663 
24 0.232259 9.93754 -0.566405 
25 0.217567 9.92794 -0.536149 
26 0.202955 9.91833 -0.505854 
27 0.188437 9.90872 -0.475514 
28 0.174028 9.89911 -0.445126 
29 0.159749 9.88949 -0.414685 
30 0.145622 9.87988 -0.384185 
31 0.131673 9.87028 -0.353621 
32 0.117934 9.86071 -0.322989 
33 0.104438 9.85117 -0.292284 
34 0.0912268 9.84169 -0.261501 
35 0.0783461 9.83228 -0.230637 
36 0.0658474 9.82297 -0.199692 
37 0.0537876 9.81379 -0.168665 
38 0.0422286 9.80479 -0.13756 
39 0.031236 9.79601 -0.106385 
40 0.0208775 9.78751 -0.0751538 
41 0.0112199 9.77935 -0.0438844 
42 0.00232532 9.7716 -0.0126037 
43 -0.00575361 9.76434 0.0186535 
44 -0.0129795 9.75765 0.0498432 
45 -0.0193368 9.75161 0.0809127 
46 -0.0248376 9.74629 0.111801 
47 -0.0295274 9.74176 0.142441 
48 -0.033488 9.73807 0.172762 
49 -0.036838 9.73524 0.202691 
50 -0.0397289 9.73326 0.232162 
51 -0.0423381 9.73213 0.261116 
52 -0.0448573 9.73176 0.289503 
53 -0.0474801 9.7321 0.31729 
54 -0.0503878 9.73305 0.344453 
55 -0.0537379 9.7345 0.370986 
56 -0.0576546 9.73636 0.39689 
57 -0.062223 9.73852 0.422171 
58 -0.0674877 9.74092 0.446841 
59 -0.073454 9.74348 0.470906 
60 -0.0800916 9.74617 0.494369 
61 -0.0873398 9.74896 0.517223 
62 -0.0951124 9.75186 0.539453 
63 -0.103303 9.75488 0.561028 
64 -0.11179 9.75805 0.58191 
65 -0.120437 9.76142 0.602047 
66 -0.129099 9.76505 0.621376 
67 -0.137621 9.76899 0.639826 
68 -0.145843 9.77332 0.657318 
69 -0.153595 9.77812 0.673768 
70 -0.160704 9.78345 0.689089 
71 -0.166993 9.7894 0.703194 
72 -0.172282 9.79602 0.715998 
73 -0.17639 9.8034 0.727425 
74 -0.179141 9.81159 0.737406 
75 -0.180363 9.82064 0.745884 
76 -0.179898 9.83058 0.752818 
77 -0.177599 9.84146 0.758182 
78 -0.173338 9.85329 0.761971 
79 -0.167011 9.86607 0.764195 
80 -0.158541 9.87978 0.764882 
81 -0.147875 9.8944 0.764074 
82 -0.134993 9.90991 0.761821 
83 -0.119901 9.92623 0.758179 
84 -0.102632 9.94333 0.7532 
85 -0.0832391 9.96112 0.746925 
86 -0.0617871 9.97953 0.739372 
87 -0.038344 9.99846 0.730524 
88 -0.0129653 10.0178 0.720322 
89 0.0143241 10.0374 0.708648 
90 0.0435519 10.0572 0.695314 
91 0.0748269 10.0768 0.68005 
92 0.108372 10.096 0.662492 
93 0.144561 10.1144 0.642181 
94 0.183965 10.1314 0.618555 
95 0.22739 10.1465 0.59096 
96 0.275924 10.1586 0.558672 
97 0.330958 10.1668 0.52093 
98 0.394197 10.1695 0.476996 
99 0.467627 10.1654 0.426232 
100 0.553436 10.1526 0.368193 
101 0.653879 10.1293 0.302738 
102 0.771082 10.0939 0.230121 
103 0.906817 10.0447 0.151062 
104 1.06226 9.98076 0.0667706 
105 1.2378 9.90155 -0.0211122 
106 1.43291 9.80727 -0.110625 
107 1.64621 9.6988 -0.199661 
108 1.87552 9.57767 -0.28616 
109 2.11815 9.44581 -0.36829 
110 2.37113 9.30546 -0.444578 
111 2.6315 9.15887 -0.513984 
112 2.89651 9.00821 -0.575909 
113 3.16374 8.85539 -0.630148 
114 3.43121 8.70203 -0.676825 
115 3.69737 8.54945 -0.716298 
116 3.96103 8.39866 -0.749084 
117 4.22131 8.25045 -0.775783 
118 4.47757 8.10541 -0.797023 
119 4.72931 7.96398 -0.813424 
120 4.97613 7.82654 -0.825568 
121 5.21759 7.69342 -0.833988 
122 5.45324 7.56495 -0.839159 
123 5.68251 7.44147 -0.841502 
124 5.90473 7.3234 -0.841384 
125 6.11905 7.21118 -0.839129 
126 6.32447 7.10533 -0.83502 
127 6.51983 7.00637 -0.829312 
128 6.70386 6.91489 -0.822238 
129 6.8752 6.83143 -0.814016 
130 7.03251 6.75646 -0.804856 
131 7.17454 6.69034 -0.794965 
132 7.30028 6.63325 -0.784543 
133 7.40903 6.58514 -0.77379 
134 7.50055 6.54569 -0.762897 
135 7.57514 6.51428 -0.752038 
136 7.63363 6.49006 -0.741368 
137 7.67734 6.47192 -0.731015 
138 7.70806 6.45866 -0.72107 
139 7.72783 6.44899 -0.71159 
140 7.73881 6.44168 -0.702593 
141 7.74316 6.43563 -0.694066 
142 7.74284 6.42992 -0.685966 
143 7.73953 6.42382 -0.678232 
144 7.73463 6.41687 -0.670787 
145 7.72915 6.40877 -0.663547 
146 7.72379 6.39946 -0.656429 
147 7.71896 6.38898 -0.649349 
148 7.71484 6.37752 -0.642231 
149 7.7114 6.36532 -0.635002 
150 7.70849 6.35271 -0.6276 
151 7.70585 6.34001 -0.619968 
152 7.70318 6.32758 -0.612056 
153 7.70012 6.31575 -0.603821 
154 7.69634 6.30487 -0.595222 
155 7.69148 6.29525 -0.586227 
156 7.6852 6.28719 -0.576807 
157 7.67719 6.28097 -0.566934 
158 7.66716 6.27683 -0.556587 
159 7.65484 6.27502 -0.545747 
160 7.63998 6.27574 -0.534397 
161 7.62238 6.27917 -0.522525 
162 7.60184 6.2855 -0.510122 
163 7.57819 6.29485 -0.497179 
164 7.55127 6.30734 -0.483696 
165 7.52098 6.32308 -0.46967 
166 7.48719 6.34212 -0.455107 
167 7.44984 6.36451 -0.440013 
168 7.40885 6.39028 -0.424396 
169 7.36419 6.4194 -0.408271 
170 7.31583 6.45184 -0.391653 
171 7.26375 6.48754 -0.374559 
172 7.20796 6.52641 -0.357008 
173 7.14848 6.56835 -0.339023 
174 7.08532 6.61321 -0.320624 
175 7.01852 6.66085 -0.301835 
176 6.94811 6.71111 -0.282677 
177 6.87411 6.76378 -0.263173 
178 6.79655 6.8187 -0.243343 
179 6.71545 6.87565 -0.223207 
180 6.63081 6.93444 -0.202782 
181 6.54262 6.99485 -0.182086 
182 6.45086 7.05668 -0.161132 
183 6.35549 7.11973 -0.139932 
184 6.25644 7.18379 -0.118498 
185 6.15365 7.24867 -0.0968389 
186 6.047 7.31417 -0.0749638 
187 5.93641 7.38011 -0.0528811 
188 5.82173 7.44631 -0.0305998 
189 5.70287 7.51259 -0.00812979 
190 5.57968 7.57877 0.0145171 
191 5.45205 7.64469 0.0373266 
192 5.31988 7.71017 0.0602809 
193 5.18308 7.77504 0.0833582 
194 5.0416 7.83914 0.106532 
195 4.89545 7.9023 0.129771 
196 4.74463 7.96434 0.153039 
197 4.58926 8.02511 0.176292 
198 4.42948 8.08442 0.199483 
199 4.2655 8.14212 0.22256 
200 4.09762 8.19804 0.245466 
201 3.92617 8.25204 0.26814 
202 3.75159 8.30396 0.290519 
203 3.57434 8.35367 0.312539 
204 3.39495 8.40106 0.334137 
205 3.21402 8.44602 0.355251 
206 3.03214 8.48846 0.37582 
207 2.84995 8.52833 0.395791 
208 2.6681 8.56556 0.415113 
209 2.48723 8.60015 0.433742 
210 2.30796 8.63209 0.451643 
211 2.1309 8.66139 0.468787 
212 1.95661 8.6881 0.485153 
213 1.78562 8.71227 0.500728 
214 1.61841 8.73396 0.515507 
215 1.45539 8.75327 0.52949 
216 1.29694 8.77029 0.542687 
217 1.14337 8.78512 0.555112 
218 0.994925 8.79787 0.566786 
219 0.851823 8.80867 0.577731 
220 0.714216 8.81763 0.587977 
221 0.582217 8.82487 0.597554 
222 0.455895 8.83051 0.606495 
223 0.335287 8.83467 0.614836 
224 0.220399 8.83747 0.622613 
225 0.111211 8.839 0.629861 
226 0.00768328 8.83939 0.636619 
227 -0.0902412 8.83873 0.64292 
228 -0.18263 8.83711 0.648803 
229 -0.26956 8.83464 0.654301 
230 -0.351112 8.83139 0.659448 
231 -0.427369 8.82745 0.664277 
232 -0.498412 8.82289 0.668821 
233 -0.564322 8.81778 0.673108 
234 -0.62517 8.81219 0.677169 
235 -0.681026 8.80618 0.681032 
236 -0.731947 8.79981 0.684724 
237 -0.777983 8.79313 0.688269 
238 -0.819176 8.7862 0.691694 
239 -0.855553 8.77905 0.695021 
240 -0.887133 8.77174 0.698274 
241 -0.913924 8.7643 0.701474 
242 -0.935919 8.75678 0.704643 
243 -0.953104 8.74922 0.7078 
244 -0.96545 8.74164 0.710967 
245 -0.972918 8.73408 0.714161 
246 -0.97546 8.72657 0.717403 
247 -0.973015 8.71914 0.720709 
248 -0.965515 8.71183 0.724098 
249 -0.952884 8.70465 0.727587 
